4 0.8092125058174133 0.09227921068668365 0.11229439079761505 0.1840728521347046
4 0.7345718145370483 0.17705926299095154 0.05590648576617241 0.21531887352466583
4 0.5832643508911133 0.15591518580913544 0.2829536497592926 0.31090444326400757
4 0.7837345004081726 0.27805134654045105 0.07944731414318085 0.1968650221824646
4 0.9306181073188782 0.2038005143404007 0.038218118250370026 0.28785815834999084
4 0.33234766125679016 0.3025345802307129 0.21310105919837952 0.21662500500679016
4 0.2824653387069702 0.06861444562673569 0.034676313400268555 0.09037618339061737
4 0.49811020493507385 0.36594358086586 0.13643455505371094 0.10607519000768661
4 0.543511152267456 0.3361966013908386 0.1931808441877365 0.06374502182006836
4 0.3025738000869751 0.22077707946300507 0.02311410941183567 0.047023724764585495
