4 0.8631786108016968 0.17418546974658966 0.05581359937787056 0.34485316276550293
4 0.07839588820934296 0.14772918820381165 0.06634140759706497 0.29446941614151
4 0.1927488148212433 0.1927955001592636 0.04677800089120865 0.3739314377307892
4 0.3400452733039856 0.06553738564252853 0.04190535470843315 0.07777620851993561
4 0.25684216618537903 0.27421513199806213 0.036717843264341354 0.2888948619365692
4 0.7699276804924011 0.26023629307746887 0.039141274988651276 0.29444098472595215
4 0.29654234647750854 0.31154483556747437 0.028978586196899414 0.26652991771698
4 0.41227293014526367 0.24387678503990173 0.02652733400464058 0.042742349207401276
4 0.34465575218200684 0.36542630195617676 0.023874664679169655 0.20854397118091583
4 0.7187113761901855 0.32089221477508545 0.03211231157183647 0.23626132309436798
4 0.6852042078971863 0.3590443730354309 0.025997543707489967 0.19782504439353943
4 0.3246477246284485 0.3601372539997101 0.025066470727324486 0.19430574774742126
