4 0.0850755125284195 0.47192826867103577 0.04134466499090195 0.10294342041015625
4 0.9753629565238953 0.4434409737586975 0.047960855066776276 0.13290567696094513
4 0.8297867774963379 0.47333794832229614 0.0390203483402729 0.0968555435538292
4 0.7496336102485657 0.4875953793525696 0.030447864904999733 0.0705225020647049
4 0.25913381576538086 0.49133580923080444 0.02696399763226509 0.053382206708192825
4 0.4799015522003174 0.2992066442966461 0.4364853799343109 0.4938008189201355
4 0.1920768916606903 0.48412030935287476 0.029506493359804153 0.06157102435827255
4 0.3048594892024994 0.49922648072242737 0.022028589621186256 0.03431558609008789
4 0.6894139647483826 0.49474841356277466 0.022017668932676315 0.04422588273882866
4 0.34322959184646606 0.5018786191940308 0.01767859421670437 0.023870086297392845
