13 0.5352780222892761 0.7142497301101685 0.07690449059009552 0.11557397991418839
13 0.410183846950531 0.6911811232566833 0.06830942630767822 0.10687742382287979
13 0.6814802885055542 0.6856185793876648 0.056647397577762604 0.08746461570262909
13 0.8909550905227661 0.7698535919189453 0.18041591346263885 0.2506905198097229
13 0.6054090857505798 0.6739300489425659 0.045635320246219635 0.07161245495080948
13 0.7894328832626343 0.7351507544517517 0.07145271450281143 0.12236537784337997
13 0.744628369808197 0.6763033270835876 0.03220844268798828 0.07296819984912872
13 0.6381765007972717 0.6611618995666504 0.030184173956513405 0.05841369554400444
13 0.46771350502967834 0.6482415795326233 0.02048473432660103 0.04647569730877876
13 0.7246318459510803 0.6676530838012695 0.031201552599668503 0.06338872760534286
13 0.7357160449028015 0.6736323237419128 0.048224639147520065 0.07741346210241318
