13 0.6399483680725098 0.7513241767883301 0.10282059013843536 0.1955629289150238
13 0.42828869819641113 0.7452251315116882 0.11784789711236954 0.19044241309165955
13 0.5268316268920898 0.7513154149055481 0.09068183600902557 0.1893302947282791
13 0.7814527750015259 0.7511631846427917 0.09562840312719345 0.2112760990858078
13 0.17905274033546448 0.7438452839851379 0.13532009720802307 0.17117933928966522
13 0.9815623164176941 0.7153348326683044 0.0364622101187706 0.1644187867641449
13 0.8991244435310364 0.752485990524292 0.10838641971349716 0.2076367437839508
13 0.3449274003505707 0.7464829683303833 0.07155489921569824 0.16141490638256073
13 0.27911338210105896 0.7449098229408264 0.116085484623909 0.17491503059864044
13 0.10475224256515503 0.7425106167793274 0.09703969955444336 0.1697327196598053
13 0.03559290990233421 0.7469180822372437 0.07113209366798401 0.1490846574306488
13 0.2960754334926605 0.7451577186584473 0.1499406397342682 0.17437878251075745
13 0.05496560409665108 0.747655987739563 0.10985343158245087 0.15138821303844452
