14 0.15667712688446045 0.6639421582221985 0.31285279989242554 0.6697311401367188
14 0.9790927171707153 0.6783496141433716 0.04096527025103569 0.13448114693164825
14 0.8511890172958374 0.6572384834289551 0.0440521240234375 0.12122325599193573
14 0.787426769733429 0.651157021522522 0.03272209316492081 0.08428840339183807
14 0.6910749077796936 0.6520693302154541 0.03524017333984375 0.08570613712072372
14 0.36036035418510437 0.657875120639801 0.0330410972237587 0.07996892929077148
14 0.7354377508163452 0.647076427936554 0.030760670080780983 0.08751096576452255
14 0.5364669561386108 0.657380223274231 0.01775836944580078 0.0513431541621685
14 0.46728619933128357 0.6501395106315613 0.013147545047104359 0.03458528593182564
14 0.39216703176498413 0.649387538433075 0.015975380316376686 0.047895144671201706
