14 0.49833935499191284 0.5611454844474792 0.29263392090797424 0.8753141164779663
14 0.9093472361564636 0.5395886898040771 0.08733749389648438 0.2264537811279297
14 0.2298157662153244 0.5457910895347595 0.04982953146100044 0.16052503883838654
14 0.2941548228263855 0.5473687052726746 0.07530698925256729 0.19728955626487732
14 0.016374021768569946 0.5416797399520874 0.03251319006085396 0.16939488053321838
14 0.8502739667892456 0.5457565188407898 0.04593944549560547 0.1520565003156662
14 0.7654557228088379 0.5368884801864624 0.03931484371423721 0.12048578262329102
14 0.6925963163375854 0.5564535856246948 0.03538341447710991 0.09231243282556534
14 0.9891304969787598 0.5303816795349121 0.021585846319794655 0.1703113615512848
14 0.7317286133766174 0.5410031080245972 0.04245901107788086 0.12151145935058594
14 0.9891055226325989 0.548755943775177 0.021509742364287376 0.20812034606933594
