14 0.4997316896915436 0.6808053255081177 0.35290172696113586 0.6368787884712219
14 0.845480740070343 0.7615023851394653 0.21041718125343323 0.4752644896507263
14 0.2450791299343109 0.7663774490356445 0.1735680103302002 0.4655593931674957
14 0.6623771786689758 0.7715923190116882 0.11350078880786896 0.45557671785354614
14 0.11608455330133438 0.7475887537002563 0.07116534560918808 0.18577881157398224
14 0.7507261633872986 0.7552937269210815 0.05341463163495064 0.18800964951515198
14 0.021475445479154587 0.7440260648727417 0.03967345878481865 0.13630008697509766
14 0.33348143100738525 0.7325819134712219 0.01974048651754856 0.12309398502111435
14 0.054728440940380096 0.7281033396720886 0.03590503707528114 0.0890054702758789
14 0.16950644552707672 0.7469328045845032 0.0351107120513916 0.13941001892089844
14 0.985173225402832 0.7208465337753296 0.029283713549375534 0.17635369300842285
14 0.026638206094503403 0.729363739490509 0.034824103116989136 0.10928239673376083
