16 0.5786643028259277 0.5916604995727539 0.3246736526489258 0.37515926361083984
16 0.32380491495132446 0.5836201906204224 0.2849019169807434 0.35474395751953125
16 0.09304635226726532 0.5483155846595764 0.18534262478351593 0.18523673713207245
16 0.8039437532424927 0.587955892086029 0.2333787977695465 0.1986972838640213
16 0.9415971636772156 0.49633097648620605 0.11610469967126846 0.17181825637817383
16 0.041839808225631714 0.44507330656051636 0.083280049264431 0.05917100980877876
16 0.7397261261940002 0.4379059672355652 0.049422264099121094 0.05474967882037163
16 0.8576904535293579 0.44237861037254333 0.053981781005859375 0.05843915790319443
16 0.9520291090011597 0.41342633962631226 0.09478320926427841 0.03837268427014351
16 0.7999219298362732 0.43127936124801636 0.06651125103235245 0.040239810943603516
