16 0.9174226522445679 0.8044053316116333 0.09670314937829971 0.08124446868896484
16 0.31414568424224854 0.7086749076843262 0.08037619292736053 0.07343502342700958
16 0.3665168285369873 0.742280900478363 0.07569529861211777 0.06900911033153534
16 0.7313851714134216 0.8457144498825073 0.10507907718420029 0.0638526901602745
16 0.9612825512886047 0.7606786489486694 0.040601540356874466 0.06236667558550835
16 0.8345907330513 0.8122245669364929 0.05378837510943413 0.10656552016735077
16 0.5094717741012573 0.7814286351203918 0.0671687126159668 0.0719454288482666
16 0.4711807370185852 0.688966691493988 0.06783495098352432 0.03886546939611435
16 0.8394449353218079 0.6858566403388977 0.06023101881146431 0.040170859545469284
16 0.9516376256942749 0.7077773809432983 0.0728885680437088 0.060556888580322266
16 0.7617689967155457 0.8148794174194336 0.09682311862707138 0.10051135718822479
16 0.4692907929420471 0.7303807139396667 0.07370825111865997 0.06353244930505753
16 0.6787518858909607 0.7950824499130249 0.04880990833044052 0.08672790229320526
16 0.5853939652442932 0.8020697832107544 0.0565679557621479 0.07216010242700577
16 0.38117867708206177 0.7097310423851013 0.05757398530840874 0.05329866334795952
16 0.8430646657943726 0.7529932856559753 0.09034542739391327 0.0702325850725174
16 0.7872503399848938 0.7017941474914551 0.050672341138124466 0.031952571123838425
16 0.5631201863288879 0.714721143245697 0.07593917846679688 0.06120004504919052
16 0.9443119168281555 0.6683993935585022 0.06893253326416016 0.03144636005163193
16 0.7614316940307617 0.759325385093689 0.0481724739074707 0.03859853744506836
16 0.7057874798774719 0.7286710143089294 0.057744406163692474 0.04182920604944229
16 0.6159861087799072 0.7011168003082275 0.04210986942052841 0.04025592654943466
16 0.5758095383644104 0.7763867378234863 0.05950574949383736 0.0786224827170372
16 0.6371602416038513 0.7280684113502502 0.059662722051143646 0.036182403564453125
16 0.6556169986724854 0.756318211555481 0.050373077392578125 0.056270696222782135
16 0.6180058121681213 0.756767988204956 0.042256735265254974 0.05546417087316513
16 0.8933137059211731 0.6761562824249268 0.04047756269574165 0.03469867631793022
16 0.7158647775650024 0.6978967785835266 0.04255352169275284 0.022352885454893112
16 0.5052555203437805 0.7350368499755859 0.03392601013183594 0.03311357647180557
16 0.9347528219223022 0.7312938570976257 0.0754789337515831 0.0647052749991417
16 0.7999784350395203 0.7386438250541687 0.07183241844177246 0.062323473393917084
16 0.8822599649429321 0.7316316962242126 0.05709800869226456 0.06571121513843536
16 0.456601619720459 0.7177087068557739 0.048430632799863815 0.04381284862756729
16 0.734859824180603 0.7073014974594116 0.045275308191776276 0.03414468839764595
16 0.7467249631881714 0.7268975377082825 0.03295164182782173 0.04554576799273491
16 0.5711859464645386 0.7422857284545898 0.05895977094769478 0.055625248700380325
16 0.8915582895278931 0.6704713702201843 0.03607883304357529 0.024460505694150925
16 0.8706339001655579 0.6938869953155518 0.03279590606689453 0.02079315111041069
16 0.9938303828239441 0.7061111927032471 0.011804580688476562 0.06896714866161346
