16 0.46036773920059204 0.5902355909347534 0.5678717494010925 0.40080252289772034
16 0.9418293833732605 0.4876503348350525 0.1154569610953331 0.19339494407176971
16 0.09228228032588959 0.5114542841911316 0.1835997849702835 0.20116043090820312
16 0.8322914838790894 0.5607958436012268 0.19260959327220917 0.14121313393115997
16 0.8134152293205261 0.46315592527389526 0.1393665373325348 0.09042644500732422
16 0.6621970534324646 0.5784078240394592 0.16508713364601135 0.35032519698143005
16 0.21605345606803894 0.422513484954834 0.0732915848493576 0.04326429218053818
16 0.71183180809021 0.44526785612106323 0.05182304233312607 0.05543870851397514
16 0.12576618790626526 0.49790725111961365 0.15329304337501526 0.1776508390903473
16 0.831680953502655 0.44801145792007446 0.11290435492992401 0.070897676050663
16 0.8149529695510864 0.5171496272087097 0.14409084618091583 0.20603275299072266
