16 0.8659777641296387 0.7727788090705872 0.19232578575611115 0.23738594353199005
16 0.3067479133605957 0.7646214365959167 0.1857006996870041 0.22093887627124786
16 0.43414244055747986 0.736280083656311 0.12202195823192596 0.16158446669578552
16 0.7716988921165466 0.7033275961875916 0.13586930930614471 0.14151230454444885
16 0.1736854612827301 0.7384821772575378 0.10756554454565048 0.18549799919128418
16 0.1026606410741806 0.7093686461448669 0.09868812561035156 0.1331867277622223
16 0.4844987988471985 0.6682630777359009 0.09306307137012482 0.10750170052051544
16 0.6780496835708618 0.6752820014953613 0.06817235797643661 0.08407650142908096
16 0.5689643025398254 0.6743869185447693 0.055022239685058594 0.09942998737096786
16 0.08016709983348846 0.6559284329414368 0.11867346614599228 0.09170198440551758
16 0.9726208448410034 0.6822561621665955 0.054000090807676315 0.09304018318653107
16 0.24313516914844513 0.6463908553123474 0.09099970012903214 0.03574857860803604
16 0.9077628254890442 0.6910105347633362 0.13531704246997833 0.07787875831127167
16 0.3482106626033783 0.6615472435951233 0.14587202668190002 0.06620502471923828
