16 0.9016202688217163 0.7534222602844238 0.08076496422290802 0.14600086212158203
16 0.9864569902420044 0.6601974368095398 0.026604842394590378 0.04596977308392525
16 0.023818280547857285 0.7141263484954834 0.047529466450214386 0.07504387199878693
16 0.20466402173042297 0.7467681765556335 0.18193721771240234 0.1323305070400238
16 0.5411074161529541 0.6941501498222351 0.09435949474573135 0.10101576149463654
16 0.1503802239894867 0.7050290703773499 0.1374824047088623 0.1075286865234375
16 0.8509467244148254 0.6536635160446167 0.06820221245288849 0.06358031928539276
16 0.6822683215141296 0.6901307106018066 0.05292844772338867 0.06339149177074432
16 0.7839940786361694 0.6736663579940796 0.06394996494054794 0.07329883426427841
16 0.34881430864334106 0.7852045893669128 0.19750559329986572 0.1469006985425949
16 0.29214227199554443 0.66996169090271 0.08752302825450897 0.06848764419555664
16 0.023900512605905533 0.7374023199081421 0.04746653884649277 0.12227277457714081
16 0.6351653337478638 0.671823263168335 0.07489319145679474 0.07360982894897461
