16 0.4282301962375641 0.6529322862625122 0.2560659348964691 0.20668068528175354
16 0.24966783821582794 0.6660872101783752 0.182274729013443 0.17122916877269745
16 0.7707658410072327 0.6384695172309875 0.11706399917602539 0.15345677733421326
16 0.8176296949386597 0.6371179223060608 0.1342199295759201 0.13902167975902557
16 0.644641101360321 0.6362831592559814 0.11255655437707901 0.16736164689064026
16 0.6142187714576721 0.6447838544845581 0.18254737555980682 0.17397728562355042
16 0.298160195350647 0.6240306496620178 0.1430443823337555 0.20600414276123047
16 0.8498305082321167 0.5694675445556641 0.04340686649084091 0.03401355817914009
16 0.5839836597442627 0.6406093835830688 0.12227096408605576 0.16272954642772675
16 0.2994038760662079 0.6229124069213867 0.14383816719055176 0.2037196159362793
