16 0.2517310678958893 0.6495729684829712 0.3079957365989685 0.3249138295650482
16 0.755887508392334 0.42073267698287964 0.07948732376098633 0.059973716735839844
16 0.7132740616798401 0.6456665992736816 0.42208680510520935 0.3807718753814697
16 0.5966875553131104 0.3859156370162964 0.04783143848180771 0.058709003031253815
16 0.5022299289703369 0.38612446188926697 0.07104291766881943 0.03719587251543999
16 0.46514788269996643 0.6478198766708374 0.21459424495697021 0.32122325897216797
16 0.730109453201294 0.3827544152736664 0.07011117786169052 0.03379621356725693
16 0.8327949643135071 0.3994370996952057 0.07033958286046982 0.03019859828054905
16 0.04744541645050049 0.40125569701194763 0.06594443321228027 0.032129932194948196
16 0.14788638055324554 0.3896239399909973 0.09806132316589355 0.046050071716308594
