16 0.5058701634407043 0.7858413457870483 0.057019997388124466 0.12999586760997772
16 0.31268247961997986 0.9230445027351379 0.0797756165266037 0.15284594893455505
16 0.6202159523963928 0.7732090950012207 0.10542497783899307 0.11695094406604767
16 0.6968713402748108 0.6567168831825256 0.0619964599609375 0.0659174919128418
16 0.7056617140769958 0.7551758289337158 0.05492906644940376 0.10624532401561737
16 0.4653182923793793 0.7192168831825256 0.06457395851612091 0.09580516815185547
16 0.3845643103122711 0.6993597149848938 0.04895894601941109 0.060236167162656784
16 0.6986827850341797 0.6192553639411926 0.0397738441824913 0.03213214874267578
16 0.31751900911331177 0.6933630704879761 0.07791805267333984 0.04415731504559517
16 0.4426203668117523 0.6682525873184204 0.05219841003417969 0.06525049358606339
16 0.4753803610801697 0.633283793926239 0.054125212132930756 0.04121122509241104
16 0.4521472454071045 0.6150752902030945 0.028699111193418503 0.03361644595861435
16 0.4236425459384918 0.557545006275177 0.028052616864442825 0.019588183611631393
16 0.433643639087677 0.628748893737793 0.02541380003094673 0.03345508500933647
16 0.4803096354007721 0.5585575699806213 0.035082150250673294 0.0226624496281147
16 0.49434909224510193 0.6262202262878418 0.023184966295957565 0.028432846069335938
16 0.39503851532936096 0.5572145581245422 0.025807857513427734 0.021134089678525925
16 0.5184674859046936 0.6271133422851562 0.027044963091611862 0.026024246588349342
16 0.4446725845336914 0.5859951376914978 0.030237674713134766 0.03164320066571236
