16 0.4617863595485687 0.728129506111145 0.14792147278785706 0.1513923704624176
16 0.1158931702375412 0.5900208950042725 0.05736970901489258 0.07060432434082031
16 0.9138879776000977 0.7084852457046509 0.07180805504322052 0.12075319141149521
16 0.21087321639060974 0.5938431620597839 0.05104713514447212 0.052608489990234375
16 0.25156670808792114 0.6823447346687317 0.17032647132873535 0.13079452514648438
16 0.8040289878845215 0.6753841042518616 0.08940748870372772 0.07733259350061417
16 0.8401288986206055 0.6535440683364868 0.09523653984069824 0.09111900627613068
16 0.31508010625839233 0.6421030759811401 0.07078494876623154 0.09730120003223419
16 0.4850545823574066 0.612976610660553 0.09070320427417755 0.07329387962818146
16 0.6618019938468933 0.6729621887207031 0.12947845458984375 0.10118436813354492
16 0.41510209441185 0.6080206632614136 0.08008944988250732 0.07848472893238068
16 0.5966017246246338 0.6662358045578003 0.09608201682567596 0.0920679122209549
16 0.3621162176132202 0.6062049865722656 0.04992694780230522 0.07268057018518448
16 0.6869710087776184 0.6529613733291626 0.07244787365198135 0.10200462490320206
