16 0.6663811206817627 0.788554847240448 0.22303104400634766 0.1552724391222
16 0.19834880530834198 0.7018158435821533 0.17149829864501953 0.13443680107593536
16 0.8995518684387207 0.7129471302032471 0.12115802615880966 0.12469415366649628
16 0.48316246271133423 0.7554284334182739 0.1318800002336502 0.15821290016174316
16 0.6633570790290833 0.6581169366836548 0.11454077064990997 0.11489696800708771
16 0.4696950912475586 0.6100526452064514 0.09123344719409943 0.08690366894006729
16 0.33978191018104553 0.7494567036628723 0.16262654960155487 0.1329396665096283
16 0.38748160004615784 0.6061603426933289 0.09988462924957275 0.07402467727661133
16 0.3299718201160431 0.6394711136817932 0.07002587616443634 0.0924157127737999
16 0.20051994919776917 0.60313481092453 0.09796623885631561 0.07169733196496964
