16 0.9018052816390991 0.7367316484451294 0.08220043033361435 0.11728038638830185
16 0.01849209889769554 0.7440981864929199 0.03682966157793999 0.10739517211914062
16 0.688434362411499 0.7715036273002625 0.09118060767650604 0.1233593001961708
16 0.8785726428031921 0.6800436973571777 0.062258530408144 0.048407651484012604
16 0.5922467708587646 0.789707362651825 0.1858525276184082 0.15234407782554626
16 0.33661210536956787 0.7558178901672363 0.14628882706165314 0.1181173324584961
16 0.1834457814693451 0.7271119356155396 0.13076326251029968 0.0913422554731369
16 0.040475182235240936 0.6736063361167908 0.03971327096223831 0.054421521723270416
16 0.5523814558982849 0.6871405839920044 0.04564924165606499 0.0585758201777935
16 0.013651293702423573 0.6756163239479065 0.027159344404935837 0.03619823604822159
16 0.11163244396448135 0.7237095832824707 0.11716947704553604 0.09791898727416992
16 0.6816511750221252 0.6872252821922302 0.06370200961828232 0.0552888885140419
16 0.3817380368709564 0.6678727269172668 0.04421546310186386 0.03705711290240288
16 0.11217298358678818 0.6676289439201355 0.05070655420422554 0.028548430651426315
16 0.9936789274215698 0.7176968455314636 0.012225532904267311 0.05085306242108345
16 0.45704784989356995 0.7511194944381714 0.09170713275671005 0.11909365653991699
16 0.7820621728897095 0.677946925163269 0.06075577810406685 0.059861183166503906
16 0.1588512808084488 0.6698399186134338 0.03600959852337837 0.03141164779663086
16 0.1966703087091446 0.6701130867004395 0.041303228586912155 0.03191537782549858
16 0.5235263109207153 0.7808898687362671 0.15228509902954102 0.1319362223148346
