16 0.8205536007881165 0.7617241144180298 0.10288028419017792 0.1543077528476715
16 0.6033750176429749 0.7802307605743408 0.16218242049217224 0.18470945954322815
16 0.36932867765426636 0.7347154021263123 0.0810120552778244 0.15643949806690216
16 0.7044364213943481 0.7566387057304382 0.0673038512468338 0.13168683648109436
16 0.3227135241031647 0.7273326516151428 0.10321640968322754 0.13825616240501404
16 0.2142116278409958 0.7160242795944214 0.10579834133386612 0.10760364681482315
16 0.13206490874290466 0.7138234376907349 0.1278652846813202 0.11138916015625
16 0.45678719878196716 0.7392695546150208 0.08270387351512909 0.14167380332946777
16 0.897914707660675 0.731220006942749 0.0978097915649414 0.12120799720287323
16 0.5077795386314392 0.7942259907722473 0.07339391857385635 0.14727993309497833
16 0.7335001826286316 0.6794441938400269 0.06261606514453888 0.08041572570800781
16 0.7828559875488281 0.6629129648208618 0.0675121322274208 0.049283407628536224
16 0.8150022625923157 0.6783846020698547 0.0419427864253521 0.050072383135557175
16 0.2707776427268982 0.6875589489936829 0.07417450100183487 0.09611520916223526
16 0.5344127416610718 0.6788447499275208 0.062200259417295456 0.06872205436229706
16 0.6364195346832275 0.7161890268325806 0.07770385593175888 0.06635770946741104
16 0.4722486436367035 0.6907066702842712 0.06724061816930771 0.06320295482873917
16 0.684918999671936 0.667750358581543 0.05303363874554634 0.05207328870892525
16 0.639594554901123 0.7514400482177734 0.08567304909229279 0.13658961653709412
