16 0.6240847706794739 0.8185056447982788 0.3191356658935547 0.22854995727539062
16 0.9129588007926941 0.734549343585968 0.12511157989501953 0.1770542562007904
16 0.2383413016796112 0.6664806604385376 0.23772482573986053 0.19884462654590607
16 0.6633013486862183 0.6382609009742737 0.13128165900707245 0.12190141528844833
16 0.3870050013065338 0.7320473790168762 0.2304854691028595 0.19461913406848907
16 0.7864950895309448 0.6257659792900085 0.08052406460046768 0.06330566108226776
16 0.1764892041683197 0.6021741032600403 0.19288405776023865 0.15616817772388458
16 0.5652778744697571 0.5624344944953918 0.08931465446949005 0.08902721107006073
16 0.27868878841400146 0.5200164914131165 0.0834665298461914 0.07487964630126953
16 0.3738735318183899 0.5952445864677429 0.15696802735328674 0.11571340262889862
16 0.1672438383102417 0.5131977796554565 0.09261178970336914 0.04241066053509712
16 0.08896960318088531 0.48387712240219116 0.06715653836727142 0.05725240707397461
16 0.145039901137352 0.4877220094203949 0.06648347526788712 0.048682402819395065
16 0.4990231990814209 0.664591372013092 0.11598911136388779 0.10578279197216034
16 0.6276931762695312 0.5644474625587463 0.05311746522784233 0.0438753142952919
16 0.362530380487442 0.5298738479614258 0.08531711250543594 0.03441896289587021
16 0.4932674765586853 0.5911251902580261 0.0841764435172081 0.059000588953495026
16 0.33651018142700195 0.5111368894577026 0.0489744171500206 0.03344383090734482
16 0.3277224898338318 0.5052485466003418 0.06657986342906952 0.045479871332645416
