16 0.5964726805686951 0.5738758444786072 0.09846772998571396 0.07913646847009659
16 0.47858911752700806 0.6051259636878967 0.11140747368335724 0.08296994864940643
16 0.21881523728370667 0.7209596633911133 0.25241440534591675 0.2535007894039154
16 0.843244731426239 0.5660431385040283 0.07408561557531357 0.0716175064444542
16 0.7199211716651917 0.5686801075935364 0.09638099372386932 0.07133207470178604
16 0.38983353972435 0.603955090045929 0.1004289835691452 0.0834992378950119
16 0.217608243227005 0.6050863265991211 0.07396377623081207 0.07431316375732422
16 0.32133838534355164 0.5684880018234253 0.05640468746423721 0.05348529666662216
16 0.2714502513408661 0.5560151934623718 0.03170771524310112 0.03704986721277237
16 0.010745360516011715 0.5534719824790955 0.021530427038669586 0.045810602605342865
16 0.22850719094276428 0.5497913956642151 0.035134412348270416 0.032804012298583984
16 0.6559061408042908 0.5350418090820312 0.026294708251953125 0.02026042900979519
16 0.48154664039611816 0.56056147813797 0.039809130132198334 0.029766464605927467
16 0.7239746451377869 0.5282427072525024 0.030886363238096237 0.014316463842988014
16 0.9266916513442993 0.5325843095779419 0.03276843950152397 0.020011520013213158
16 0.16448426246643066 0.5414857268333435 0.048282720148563385 0.032605648040771484
16 0.4125209450721741 0.5678399205207825 0.07240736484527588 0.05222063139081001
16 0.8005901575088501 0.5330429077148438 0.01846752129495144 0.01843118667602539
16 0.9677456021308899 0.533047080039978 0.009783172979950905 0.01823253557085991
16 0.8937671780586243 0.5333600640296936 0.03344707563519478 0.023630142211914062
16 0.7502585649490356 0.533130407333374 0.02141733095049858 0.019748305901885033
