16 0.7090380191802979 0.6283101439476013 0.12027788162231445 0.10326728969812393
16 0.48191699385643005 0.6065405011177063 0.10491838306188583 0.08191414177417755
16 0.24365636706352234 0.6235536932945251 0.10956992954015732 0.07178564369678497
16 0.6297659873962402 0.6186334490776062 0.06455974280834198 0.0888388603925705
16 0.9750517010688782 0.5796857476234436 0.049592018127441406 0.04154176637530327
16 0.319439560174942 0.6434473991394043 0.049288369715213776 0.09301280975341797
16 0.8924871683120728 0.5935018062591553 0.08223304897546768 0.0677952766418457
16 0.15790101885795593 0.5973726511001587 0.09739218652248383 0.056557752192020416
16 0.623941957950592 0.563847541809082 0.053522396832704544 0.03683052211999893
16 0.38231754302978516 0.6083669066429138 0.10189282894134521 0.07870988547801971
16 0.9237185716629028 0.5635420083999634 0.04362182691693306 0.04087553173303604
16 0.7691704630851746 0.6358379125595093 0.12162952125072479 0.07807902991771698
16 0.8171442151069641 0.5789080262184143 0.04266505315899849 0.0577634796500206
16 0.24706821143627167 0.5745751261711121 0.037566281855106354 0.029376601800322533
16 0.09906385838985443 0.5703940391540527 0.03932721167802811 0.03974313661456108
16 0.011983180418610573 0.5519195199012756 0.023815101012587547 0.04320383071899414
16 0.7078018188476562 0.5667786598205566 0.0597318634390831 0.026538753882050514
16 0.1380554884672165 0.5593772530555725 0.04346654564142227 0.03427867963910103
16 0.8665869832038879 0.5646283626556396 0.03468780592083931 0.03441133350133896
16 0.4837885797023773 0.557671308517456 0.032828617841005325 0.025806237012147903
16 0.06916461139917374 0.5523421764373779 0.03776432201266289 0.035595037043094635
16 0.21581652760505676 0.5697293281555176 0.030088137835264206 0.0371057502925396
16 0.3705882728099823 0.5655866861343384 0.056940414011478424 0.02715482749044895
16 0.32674628496170044 0.5677255392074585 0.06406793743371964 0.05393237993121147
16 0.26221373677253723 0.5612342953681946 0.0427737720310688 0.043703652918338776
