16 0.2209508866071701 0.7145154476165771 0.2552642822265625 0.2463473379611969
16 0.8410295248031616 0.6237128376960754 0.1655445098876953 0.15638503432273865
16 0.6823142766952515 0.6398066282272339 0.17226609587669373 0.16829271614551544
16 0.013086145743727684 0.5419666767120361 0.026017511263489723 0.07569332420825958
16 0.7795268297195435 0.5196516513824463 0.0637933760881424 0.049870871007442474
16 0.596265971660614 0.5076075196266174 0.12193240970373154 0.08664608001708984
16 0.9048253297805786 0.43055009841918945 0.03281116485595703 0.02570190466940403
16 0.24998793005943298 0.5912424325942993 0.1497385948896408 0.10574407875537872
16 0.9376202821731567 0.4352208077907562 0.04989757388830185 0.0238508228212595
16 0.49515360593795776 0.5017107725143433 0.046869851648807526 0.050286006182432175
16 0.8989240527153015 0.5482144951820374 0.09880676120519638 0.09496297687292099
16 0.39409971237182617 0.5138057470321655 0.10171377658843994 0.07049074023962021
16 0.2692556083202362 0.52532559633255 0.10485272109508514 0.08987140655517578
