16 0.13631339371204376 0.641592800617218 0.2528518736362457 0.383706659078598
16 0.6163119077682495 0.6583903431892395 0.22254924476146698 0.36289161443710327
16 0.3608458936214447 0.6411088705062866 0.20099303126335144 0.3600751459598541
16 0.858147919178009 0.6657311320304871 0.22572842240333557 0.34784871339797974
16 0.9755511283874512 0.4574549198150635 0.04830513149499893 0.14628306031227112
16 0.22645816206932068 0.4895758628845215 0.1157589927315712 0.12300996482372284
16 0.5310385823249817 0.6135913133621216 0.15360203385353088 0.3522220551967621
16 0.4197758734226227 0.6005013585090637 0.1258375197649002 0.3189520835876465
16 0.8058843612670898 0.5949050784111023 0.16707348823547363 0.3148716986179352
16 0.6731812953948975 0.5903658866882324 0.14580707252025604 0.30303192138671875
16 0.9339208602905273 0.6653710603713989 0.13140277564525604 0.30810531973838806
