16 0.8113869428634644 0.6815255880355835 0.286551296710968 0.300128698348999
16 0.896500289440155 0.6254764199256897 0.2060742825269699 0.2071986198425293
16 0.3209150731563568 0.6359899044036865 0.19482071697711945 0.3093346655368805
16 0.5989934802055359 0.6539456248283386 0.21802492439746857 0.31802234053611755
16 0.39925509691238403 0.6865656971931458 0.21947889029979706 0.3086475431919098
16 0.2086029350757599 0.6926424503326416 0.1813305914402008 0.27778521180152893
16 0.07525384426116943 0.551736056804657 0.11565856635570526 0.05807971954345703
16 0.12088756263256073 0.6476476192474365 0.21199187636375427 0.27159053087234497
16 0.07409773021936417 0.6390992403030396 0.11604490131139755 0.2312559187412262
16 0.48251858353614807 0.6628367304801941 0.1375741958618164 0.2802664339542389
