16 0.8384318351745605 0.7338128089904785 0.23645801842212677 0.21719685196876526
16 0.359164834022522 0.7265079021453857 0.23884348571300507 0.21977511048316956
16 0.1658143252134323 0.7320361137390137 0.19837164878845215 0.21193428337574005
16 0.6691797375679016 0.6457065939903259 0.11111412197351456 0.10171337425708771
16 0.7748594880104065 0.6268935799598694 0.10851774364709854 0.06442642211914062
16 0.5126261115074158 0.6786981821060181 0.0935637503862381 0.13339176774024963
16 0.14854131639003754 0.6240225434303284 0.16263020038604736 0.04272308200597763
16 0.5516008734703064 0.6484248638153076 0.05227718502283096 0.09623193740844727
16 0.5976901054382324 0.639670729637146 0.04950390011072159 0.0916990265250206
16 0.43291860818862915 0.6693941354751587 0.11621761322021484 0.12985067069530487
