16 0.5180920958518982 0.5734262466430664 0.1834336221218109 0.31029289960861206
16 0.7740989923477173 0.649422824382782 0.34033259749412537 0.45419153571128845
16 0.3347226679325104 0.6498742699623108 0.31061866879463196 0.47125309705734253
16 0.20765355229377747 0.44296589493751526 0.074826680123806 0.08081559836864471
16 0.12674468755722046 0.484041303396225 0.13847950100898743 0.14306554198265076
16 0.8212684392929077 0.4668485224246979 0.11833743751049042 0.062314413487911224
16 0.18185073137283325 0.7022162675857544 0.2444669008255005 0.3964199423789978
16 0.3633175790309906 0.43446946144104004 0.12589041888713837 0.05488729476928711
16 0.693490743637085 0.5623039603233337 0.1889491081237793 0.28251200914382935
16 0.18230962753295898 0.6357592344284058 0.24993953108787537 0.4457060396671295
