16 0.5599297285079956 0.6299865245819092 0.18495626747608185 0.3748934864997864
16 0.39096683263778687 0.6688947677612305 0.20223446190357208 0.38984304666519165
16 0.8560093641281128 0.6693446636199951 0.22984710335731506 0.3661223351955414
16 0.7008669376373291 0.6788653135299683 0.14248505234718323 0.2986082434654236
16 0.20645764470100403 0.6681743860244751 0.19222062826156616 0.3376595079898834
16 0.0779360681772232 0.65252286195755 0.12150738388299942 0.2520151138305664
16 0.28193747997283936 0.5414802432060242 0.12264256179332733 0.13320112228393555
16 0.7060391902923584 0.5194106101989746 0.11578015983104706 0.06856660544872284
16 0.2843446433544159 0.6260075569152832 0.12749715149402618 0.3022317886352539
16 0.9298173189163208 0.6203734278678894 0.13910618424415588 0.21880082786083221
