19 0.8222588300704956 0.7689231038093567 0.1928485929965973 0.13717345893383026
19 0.4803794026374817 0.7639052271842957 0.15796919167041779 0.12889094650745392
19 0.6410415172576904 0.767230212688446 0.15133905410766602 0.12965869903564453
19 0.7960963249206543 0.6456332206726074 0.15621085464954376 0.11386813968420029
19 0.5058335661888123 0.6483633518218994 0.12782487273216248 0.10625810921192169
19 0.6378003358840942 0.6496405601501465 0.13092327117919922 0.10823126137256622
19 0.22233864665031433 0.6493840217590332 0.14993754029273987 0.10784359276294708
19 0.36270928382873535 0.6492000818252563 0.1278938353061676 0.10363025963306427
19 0.3298521637916565 0.7625063061714172 0.14687001705169678 0.12446308135986328
19 0.173783540725708 0.7655860185623169 0.16285499930381775 0.12744030356407166
