2 0.8761630058288574 0.7533147931098938 0.1385992020368576 0.144520565867424
2 0.25611111521720886 0.791153609752655 0.20837464928627014 0.11875128746032715
2 0.031901586800813675 0.704303503036499 0.06372725963592529 0.10760869830846786
2 0.4711795747280121 0.7228649258613586 0.16518458724021912 0.13985566794872284
2 0.9838262796401978 0.6723266839981079 0.032086946070194244 0.06593332439661026
2 0.8742357492446899 0.6436586976051331 0.04982299730181694 0.06848488003015518
2 0.15540413558483124 0.7515271902084351 0.1794510930776596 0.09829077869653702
2 0.9711183309555054 0.721984326839447 0.057538412511348724 0.0489107146859169
2 0.6462129354476929 0.6635059118270874 0.1092672348022461 0.08576536178588867
2 0.12520183622837067 0.6897764205932617 0.09209561347961426 0.08226032555103302
2 0.2624559998512268 0.7076854705810547 0.07427521049976349 0.1027899757027626
2 0.5327586531639099 0.6649727821350098 0.09954319149255753 0.10101298987865448
2 0.7904348373413086 0.6610509157180786 0.0685361847281456 0.08249960094690323
