2 0.7189221382141113 0.7990409731864929 0.055254362523555756 0.06970024108886719
2 0.37404122948646545 0.8332608938217163 0.048427630215883255 0.07069516181945801
2 0.2566266655921936 0.8128261566162109 0.0462956428527832 0.0689874142408371
2 0.4031386971473694 0.7578774094581604 0.028818106278777122 0.05214118957519531
2 0.5427269339561462 0.786983847618103 0.03611917421221733 0.08507056534290314
2 0.2515178620815277 0.8769561052322388 0.0945156067609787 0.058876801282167435
2 0.6690088510513306 0.6919845938682556 0.028771018609404564 0.022977162152528763
2 0.4621097445487976 0.767224133014679 0.03247394412755966 0.06809620559215546
2 0.623045802116394 0.6702918410301208 0.025921057909727097 0.02382678911089897
2 0.5547543168067932 0.6878137588500977 0.0347132682800293 0.025688838213682175
2 0.16793015599250793 0.5435912013053894 0.029898475855588913 0.02275676652789116
2 0.8103176951408386 0.924028217792511 0.09260578453540802 0.07509613037109375
2 0.5915107727050781 0.7301631569862366 0.03324403613805771 0.01754169538617134
2 0.2251625508069992 0.5506642460823059 0.034467555582523346 0.02319011650979519
