2 0.4598950743675232 0.7429462671279907 0.05863523483276367 0.12263627350330353
2 0.8882753252983093 0.7414346933364868 0.11770401149988174 0.11951561272144318
2 0.5527206659317017 0.7430901527404785 0.04545478895306587 0.115081787109375
2 0.7037310600280762 0.7423090934753418 0.05869865417480469 0.11718840897083282
2 0.11194799840450287 0.7392767667770386 0.1288798749446869 0.12035942077636719
2 0.623710572719574 0.7353662848472595 0.05422086641192436 0.1524374932050705
2 0.811156153678894 0.7372257113456726 0.08571581542491913 0.13315144181251526
2 0.4159669876098633 0.7432297468185425 0.05554523319005966 0.12418174743652344
2 0.16410712897777557 0.734635591506958 0.0841408222913742 0.12932424247264862
2 0.3491230905056 0.7470967173576355 0.05064887925982475 0.11756725609302521
2 0.23115138709545135 0.7376378178596497 0.07975824922323227 0.10901336371898651
2 0.7630831599235535 0.7455493211746216 0.07962588965892792 0.10252151638269424
2 0.2559381425380707 0.7435289025306702 0.08985976874828339 0.11179828643798828
2 0.3005081117153168 0.756885290145874 0.06893272697925568 0.08071355521678925
2 0.3011016547679901 0.7437393665313721 0.06824378669261932 0.1056312546133995
