2 0.8673149943351746 0.7529600858688354 0.19000239670276642 0.15176638960838318
2 0.49885186553001404 0.5959780216217041 0.08771705627441406 0.09302330017089844
2 0.4399584233760834 0.753714919090271 0.14143924415111542 0.16040249168872833
2 0.4012657105922699 0.6094503402709961 0.0790209025144577 0.12052460014820099
2 0.6103903651237488 0.7690554857254028 0.12759026885032654 0.17684821784496307
2 0.7779491543769836 0.6876155734062195 0.11182422935962677 0.12357435375452042
2 0.84358149766922 0.563523530960083 0.06500454246997833 0.06877689063549042
2 0.9293767809867859 0.5667087435722351 0.030231475830078125 0.038236044347286224
2 0.9223942756652832 0.5284134745597839 0.051319122314453125 0.027341555804014206
2 0.54677814245224 0.7009251713752747 0.10637293010950089 0.15070810914039612
2 0.14542004466056824 0.735141396522522 0.1950090378522873 0.17539921402931213
2 0.856328010559082 0.6632142066955566 0.06202983856201172 0.10103102028369904
2 0.2531592547893524 0.774588942527771 0.1991812139749527 0.1737663745880127
2 0.6455986499786377 0.6463348269462585 0.11069679260253906 0.08342476189136505
2 0.3104342520236969 0.658078134059906 0.14741221070289612 0.09429912269115448
2 0.6354929804801941 0.5996880531311035 0.1307542771100998 0.045832157135009766
2 0.9763631820678711 0.5807093381881714 0.04692573472857475 0.02559194527566433
2 0.7406495213508606 0.6100828051567078 0.04935474321246147 0.09307317435741425
2 0.7425740361213684 0.5755652189254761 0.0426572784781456 0.025913333520293236
2 0.2861904501914978 0.7047359347343445 0.13680224120616913 0.10313434898853302
2 0.6569749116897583 0.7016137838363647 0.14457741379737854 0.13857802748680115
