2 0.28073444962501526 0.7913527488708496 0.11474194377660751 0.13354602456092834
2 0.9243839979171753 0.528610348701477 0.04381580278277397 0.026720236986875534
2 0.6580586433410645 0.4753231108188629 0.09179534763097763 0.04507284238934517
2 0.37080562114715576 0.5309733152389526 0.05205874517560005 0.03685560077428818
2 0.45201578736305237 0.43660059571266174 0.05968618392944336 0.022078324109315872
2 0.8498907089233398 0.5635570883750916 0.03943519666790962 0.026254653930664062
2 0.34709087014198303 0.5774035453796387 0.023236369714140892 0.018594836816191673
2 0.27288323640823364 0.551317572593689 0.06905112415552139 0.05067434161901474
2 0.16470640897750854 0.5448548197746277 0.030292104929685593 0.00921487808227539
2 0.010704518295824528 0.5396259427070618 0.020980237051844597 0.018264198675751686
2 0.22168266773223877 0.5511884093284607 0.029752064496278763 0.017201995477080345
2 0.1499040573835373 0.4596406817436218 0.0203886516392231 0.016951750963926315
2 0.22352805733680725 0.5305852890014648 0.03488345071673393 0.016554642468690872
2 0.2832370400428772 0.5298008322715759 0.04022545740008354 0.013870716094970703
2 0.2173987179994583 0.49647483229637146 0.07073978334665298 0.04177599027752876
2 0.2504653036594391 0.47687965631484985 0.06105504184961319 0.022721003741025925
2 0.23256322741508484 0.5317056775093079 0.05354128032922745 0.019884109497070312
