2 0.8956813812255859 0.7367678880691528 0.03478202968835831 0.06321029365062714
2 0.7949860095977783 0.7600917220115662 0.04123258590698242 0.039576053619384766
2 0.3378208875656128 0.6796875 0.029175614938139915 0.03448629379272461
2 0.5536724925041199 0.688599169254303 0.039929866790771484 0.035502053797245026
2 0.26520687341690063 0.554972767829895 0.027774523943662643 0.01375513058155775
2 0.7515978217124939 0.7148657441139221 0.031063079833984375 0.02575092390179634
2 0.9369183778762817 0.6514321565628052 0.023739242926239967 0.03473634645342827
2 0.7240467667579651 0.6971864104270935 0.04051246494054794 0.030231093987822533
2 0.16424202919006348 0.5444605350494385 0.015006494708359241 0.012594508938491344
2 0.29641735553741455 0.5624315738677979 0.019590426236391068 0.01981668546795845
2 0.24683161079883575 0.6796141266822815 0.042740680277347565 0.020971011370420456
2 0.8872617483139038 0.6377992630004883 0.0319250114262104 0.02956237830221653
2 0.9829279780387878 0.6555200815200806 0.033644676208496094 0.018022537231445312
