2 0.28165504336357117 0.6788589358329773 0.15854458510875702 0.24648518860340118
2 0.8969687223434448 0.7382872104644775 0.09466934204101562 0.09307403862476349
2 0.7801141738891602 0.6814593076705933 0.051342010498046875 0.049720097333192825
2 0.6286585330963135 0.6716135740280151 0.04949607700109482 0.03801298141479492
2 0.5065745115280151 0.6310948133468628 0.04306840896606445 0.02821941301226616
2 0.7347997426986694 0.6134178042411804 0.021458815783262253 0.02265005186200142
2 0.21947261691093445 0.6164700984954834 0.025673676282167435 0.033556364476680756
2 0.687375545501709 0.5991537570953369 0.01867980882525444 0.012827587313950062
2 0.26312455534935 0.5997124314308167 0.01143183745443821 0.01847391203045845
2 0.4984850287437439 0.6306899189949036 0.02690429612994194 0.027559852227568626
