2 0.9120981097221375 0.7247311472892761 0.04800014570355415 0.08486185222864151
2 0.49182242155075073 0.6019928455352783 0.07629851996898651 0.07269153743982315
2 0.21298345923423767 0.4870077967643738 0.07415171712636948 0.04380922392010689
2 0.2776627540588379 0.5265446901321411 0.10688600689172745 0.09717483818531036
2 0.1502542793750763 0.5963093638420105 0.06726260483264923 0.10234756767749786
2 0.08870500326156616 0.5926418304443359 0.10638115555047989 0.09696178138256073
2 0.21935835480690002 0.5404332876205444 0.08413629233837128 0.06635904312133789
2 0.009898138232529163 0.7187483310699463 0.01976107992231846 0.05695991590619087
2 0.11932285130023956 0.5448678135871887 0.07409443706274033 0.04454021528363228
2 0.21958640217781067 0.5218124389648438 0.08234729617834091 0.02904367446899414
