2 0.923681378364563 0.8296718597412109 0.10023441165685654 0.09679031372070312
2 0.35618576407432556 0.8420406579971313 0.08329911530017853 0.08186320960521698
2 0.6262753009796143 0.8237427473068237 0.09032268822193146 0.06104927137494087
2 0.2714272141456604 0.7915504574775696 0.08029308170080185 0.057944249361753464
2 0.8311989903450012 0.9191931486129761 0.09101466834545135 0.08791675418615341
2 0.814434826374054 0.8143068552017212 0.08166022598743439 0.04778237268328667
2 0.4765510559082031 0.8166273236274719 0.06224851682782173 0.060865212231874466
2 0.5515735745429993 0.7818700075149536 0.050238896161317825 0.059404563158750534
2 0.24932436645030975 0.8686918020248413 0.09107379615306854 0.10117073357105255
2 0.5202353596687317 0.8594797253608704 0.05687761306762695 0.06686115264892578
