2 0.5851916074752808 0.4456366002559662 0.025717830285429955 0.03035726584494114
2 0.6688046455383301 0.4738699793815613 0.029262732714414597 0.027866840362548828
2 0.3179272711277008 0.47826308012008667 0.017101382836699486 0.022633934393525124
2 0.6141532063484192 0.4557778239250183 0.01665325090289116 0.017330359667539597
2 0.4291592240333557 0.4449984133243561 0.015487956814467907 0.016695117577910423
2 0.3874247074127197 0.45893779397010803 0.021260738372802734 0.02108030393719673
2 0.5441977381706238 0.44100135564804077 0.036759186536073685 0.023125361651182175
2 0.34424471855163574 0.4707833230495453 0.021016692742705345 0.02296600304543972
2 0.45338669419288635 0.443042516708374 0.020712852478027344 0.025521565228700638
2 0.2841389775276184 0.4839886724948883 0.03438315540552139 0.02070789411664009
2 0.5132749080657959 0.439387708902359 0.021719645708799362 0.026828670874238014
2 0.4807191789150238 0.43525537848472595 0.024863719940185547 0.026297569274902344
2 0.29805538058280945 0.4890725612640381 0.008575772866606712 0.008804893121123314
