2 0.2191021889448166 0.16721393167972565 0.10312676429748535 0.05489141866564751
2 0.3569566309452057 0.2097741812467575 0.10516758263111115 0.05413384363055229
2 0.41638603806495667 0.11444033682346344 0.06489622592926025 0.041166894137859344
2 0.22063162922859192 0.2829578220844269 0.06658224761486053 0.062392186373472214
2 0.45448046922683716 0.43663889169692993 0.06626930087804794 0.025687599554657936
2 0.4875296652317047 0.3716970682144165 0.05411043018102646 0.014747428707778454
2 0.7233688831329346 0.33957329392433167 0.1117585152387619 0.24163229763507843
2 0.37735921144485474 0.3895481526851654 0.06240103393793106 0.029288362711668015
2 0.85045325756073 0.5663547515869141 0.03935088962316513 0.02892122231423855
2 0.3180537223815918 0.36270004510879517 0.07793483883142471 0.020438622683286667
2 0.9161785244941711 0.719150722026825 0.0490076057612896 0.08696718513965607
2 0.6033101081848145 0.3144380450248718 0.015963077545166016 0.011331367306411266
2 0.48872798681259155 0.6195838451385498 0.01684589311480522 0.00942077673971653
2 0.622279703617096 0.6675609350204468 0.02614135667681694 0.021314525976777077
2 0.5532024502754211 0.4607868790626526 0.023003388196229935 0.011719703674316406
2 0.11430215835571289 0.23909643292427063 0.07786095142364502 0.04210972785949707
2 0.6108404397964478 0.4135757386684418 0.055643271654844284 0.018355274572968483
