2 0.24092578887939453 0.7038753628730774 0.20804515480995178 0.16217193007469177
2 0.015719179064035416 0.5448929071426392 0.031253375113010406 0.055887699127197266
2 0.6468989849090576 0.6584332585334778 0.10150060802698135 0.12321452796459198
2 0.7644073367118835 0.6159305572509766 0.08234667778015137 0.08462142944335938
2 0.1568371057510376 0.5461116433143616 0.04280667379498482 0.05011587217450142
2 0.2772538363933563 0.5435290932655334 0.03981208801269531 0.041339874267578125
2 0.9338343739509583 0.5305230617523193 0.030698394402861595 0.0317997932434082
2 0.6449136137962341 0.5219439268112183 0.02663440629839897 0.040328312665224075
2 0.5850958228111267 0.5736608505249023 0.04969186708331108 0.05045261234045029
2 0.48374152183532715 0.6001091003417969 0.0904056578874588 0.04325408861041069
2 0.8356513977050781 0.562706708908081 0.07483196258544922 0.05535716935992241
2 0.6945562958717346 0.5698827505111694 0.07022972404956818 0.04928741604089737
2 0.06346017867326736 0.506757915019989 0.030774425715208054 0.029439736157655716
2 0.3227697014808655 0.5157207250595093 0.01489267311990261 0.022574614733457565
2 0.2222292423248291 0.5259087681770325 0.0239102840423584 0.020241260528564453
2 0.23054642975330353 0.5507557392120361 0.025422478094697 0.02352876588702202
2 0.42768698930740356 0.5196792483329773 0.022361183539032936 0.02263317070901394
2 0.3610381782054901 0.424935907125473 0.015838623046875 0.016501713544130325
2 0.5486760139465332 0.4843648076057434 0.039875030517578125 0.02084207534790039
2 0.12565813958644867 0.491306871175766 0.0323641300201416 0.02474803850054741
2 0.5500587821006775 0.5203200578689575 0.03683280944824219 0.03509807586669922
