2 0.24316343665122986 0.21499137580394745 0.01408309955149889 0.013502883724868298
2 0.36056724190711975 0.27514827251434326 0.01636357232928276 0.014360761269927025
2 0.25465044379234314 0.1561805158853531 0.014818906784057617 0.013299321755766869
2 0.6153340339660645 0.23748847842216492 0.014016437344253063 0.015101194381713867
2 0.5408108234405518 0.19154885411262512 0.0170561783015728 0.01680276356637478
2 0.5459799766540527 0.16283148527145386 0.018599892035126686 0.018610168248414993
2 0.507677435874939 0.14802342653274536 0.013972568325698376 0.018037129193544388
2 0.6477751135826111 0.17685365676879883 0.01277933083474636 0.012898540124297142
2 0.3510889708995819 0.12252815067768097 0.015967702493071556 0.017039036378264427
2 0.09953498840332031 0.18305449187755585 0.016389012336730957 0.014834165573120117
2 0.21414156258106232 0.1625642627477646 0.019547129049897194 0.01812162436544895
2 0.5439500212669373 0.13333840668201447 0.014490795321762562 0.017128372564911842
2 0.4119323194026947 0.1257229745388031 0.013017749413847923 0.016280675306916237
2 0.245985746383667 0.1773160994052887 0.016835594549775124 0.017217516899108887
2 0.1435743123292923 0.21914169192314148 0.01613619364798069 0.015215873718261719
2 0.17680343985557556 0.19291433691978455 0.018396591767668724 0.014346587471663952
2 0.18465369939804077 0.17643120884895325 0.01624138280749321 0.014230966567993164
2 0.303341269493103 0.14766162633895874 0.012537861242890358 0.012617230415344238
2 0.7241056561470032 0.35077065229415894 0.11174430698156357 0.21993768215179443
2 0.6111249327659607 0.143029123544693 0.014361286535859108 0.017711734399199486
2 0.5888266563415527 0.135612353682518 0.013776779174804688 0.012981295585632324
2 0.36553600430488586 0.22799845039844513 0.01290903054177761 0.013959169387817383
2 0.4265267252922058 0.2213422805070877 0.011982345953583717 0.014872932806611061
2 0.2839314937591553 0.18488304316997528 0.01345205307006836 0.011948752216994762
2 0.3424486517906189 0.21158485114574432 0.013971900567412376 0.018047571182250977
2 0.4872530996799469 0.16512377560138702 0.013187122531235218 0.016861367970705032
2 0.3641239404678345 0.1602971851825714 0.01610703393816948 0.013889837078750134
2 0.46252793073654175 0.097291000187397 0.01643209531903267 0.011656606569886208
2 0.31501027941703796 0.2438817322254181 0.011800956912338734 0.015148353762924671
2 0.11787794530391693 0.21912500262260437 0.013995051383972168 0.014509296044707298
2 0.4393826425075531 0.12722361087799072 0.017069529742002487 0.015432119369506836
2 0.17036767303943634 0.25515446066856384 0.013310099020600319 0.010734796524047852
2 0.2288365662097931 0.26994872093200684 0.016670847311615944 0.01635441742837429
2 0.4524182379245758 0.08025193959474564 0.013774394989013672 0.012450563721358776
2 0.5988582968711853 0.1959172636270523 0.01988544501364231 0.019260812550783157
2 0.3996730446815491 0.1879885494709015 0.01728362962603569 0.01572561264038086
2 0.4940332770347595 0.193157359957695 0.014819050207734108 0.014737224206328392
2 0.45555955171585083 0.1881127655506134 0.020873069763183594 0.019952774047851562
2 0.2904592454433441 0.1285780668258667 0.01248469389975071 0.013289546594023705
2 0.5092407464981079 0.20609848201274872 0.014839363284409046 0.010541248135268688
2 0.4338834881782532 0.1863747239112854 0.016390513628721237 0.010247563943266869
2 0.18572501838207245 0.22902515530586243 0.013279557228088379 0.0103445528075099
2 0.20141205191612244 0.28023862838745117 0.014320457354187965 0.012938499450683594
2 0.0866384357213974 0.16151797771453857 0.014441085048019886 0.01136403065174818
2 0.3388111889362335 0.2393665313720703 0.014081287197768688 0.012619495391845703
2 0.4600300192832947 0.22915911674499512 0.015851592645049095 0.013542699627578259
2 0.48240727186203003 0.23990865051746368 0.009676361456513405 0.009717416949570179
2 0.319927841424942 0.1701589971780777 0.015950774773955345 0.013959312811493874
2 0.38174548745155334 0.19986829161643982 0.012751245871186256 0.012556171044707298
2 0.30559366941452026 0.2700003385543823 0.012423229403793812 0.012210845947265625
2 0.3020324110984802 0.23263445496559143 0.011487150564789772 0.014076709747314453
2 0.5196306705474854 0.22403423488140106 0.012773513793945312 0.010473775677382946
2 0.4598403573036194 0.22941282391548157 0.016411399468779564 0.014188433066010475
2 0.20015721023082733 0.23732399940490723 0.014739573001861572 0.009656334295868874
2 0.07834511995315552 0.2511763870716095 0.015509450808167458 0.01403203047811985
2 0.18854354321956635 0.1418154537677765 0.016911650076508522 0.011445378884673119
2 0.5947856307029724 0.20100955665111542 0.012561703100800514 0.010192573070526123
