2 0.6658418774604797 0.6988232135772705 0.03714914247393608 0.024271583184599876
2 0.21037772297859192 0.48920536041259766 0.056386660784482956 0.033849142491817474
2 0.16278669238090515 0.534818172454834 0.03806896135210991 0.03810739517211914
2 0.30485299229621887 0.5734435319900513 0.0438227653503418 0.05049953609704971
2 0.5939304828643799 0.7330083250999451 0.047179222106933594 0.048501014709472656
2 0.9227279424667358 0.7033379673957825 0.034417152404785156 0.04470701143145561
2 0.3542967736721039 0.5270358920097351 0.04046378284692764 0.03847484663128853
2 0.7979798913002014 0.6517404913902283 0.03815164417028427 0.030017470940947533
2 0.6904841661453247 0.4647960066795349 0.03943901136517525 0.04349355772137642
2 0.6238499283790588 0.6689062714576721 0.032335758209228516 0.03299360349774361
2 0.5149046182632446 0.47214069962501526 0.04859008640050888 0.026729106903076172
2 0.8469465970993042 0.5618037581443787 0.03809776157140732 0.028615664690732956
2 0.5526899099349976 0.6844646334648132 0.0425993911921978 0.03382425382733345
2 0.33687588572502136 0.6757473945617676 0.04025454446673393 0.027618790045380592
2 0.7742850184440613 0.6716861724853516 0.03850126266479492 0.034819699823856354
2 0.5120012164115906 0.7028942704200745 0.039881132543087006 0.03671522065997124
2 0.8763405680656433 0.6271422505378723 0.0372278206050396 0.014627456665039062
2 0.41513127088546753 0.6139279007911682 0.04510755464434624 0.027165602892637253
2 0.01094740629196167 0.7197815775871277 0.02176060900092125 0.034902095794677734
2 0.12970344722270966 0.7354426383972168 0.03804361820220947 0.039817046374082565
2 0.5687117576599121 0.6428635120391846 0.0389588363468647 0.024386024102568626
2 0.7622550129890442 0.6143550872802734 0.034513283520936966 0.030907154083251953
2 0.22950081527233124 0.5329168438911438 0.05012927204370499 0.0453217513859272
2 0.4401547908782959 0.6415159702301025 0.03708610683679581 0.025133227929472923
2 0.36265161633491516 0.6331852674484253 0.04525322839617729 0.037226200103759766
2 0.687954306602478 0.5863511562347412 0.039751339703798294 0.03745384141802788
2 0.3160613477230072 0.6511359214782715 0.040223121643066406 0.030351828783750534
2 0.584138035774231 0.5987769961357117 0.055330466479063034 0.04331064224243164
2 0.5046588778495789 0.6363070607185364 0.04589662700891495 0.039315223693847656
2 0.225667804479599 0.6690958142280579 0.034168146550655365 0.041188906878232956
2 0.6605381965637207 0.6432676911354065 0.02776632271707058 0.02116365358233452
2 0.7302656173706055 0.6204083561897278 0.038996029645204544 0.035585977137088776
2 0.6244723200798035 0.6107358336448669 0.03967742994427681 0.026832198724150658
2 0.7165483236312866 0.5702511668205261 0.04123563691973686 0.023759936913847923
2 0.21335330605506897 0.6262465715408325 0.05309981107711792 0.061121176928281784
2 0.2866988182067871 0.6792165040969849 0.039388179779052734 0.04166584089398384
2 0.39959779381752014 0.6650198101997375 0.037090398371219635 0.025738144293427467
2 0.6315822005271912 0.6191386580467224 0.038942717015743256 0.034384630620479584
2 0.49019208550453186 0.602485179901123 0.056626319885253906 0.03835725784301758
2 0.2799372375011444 0.6205102205276489 0.050675250589847565 0.04919939115643501
2 0.2784736454486847 0.5319073796272278 0.04403267055749893 0.02427968941628933
2 0.3453633487224579 0.5698632001876831 0.02670755423605442 0.021129798144102097
2 0.37758710980415344 0.6227315068244934 0.02891545370221138 0.028512096032500267
2 0.24937257170677185 0.7269210815429688 0.04361248016357422 0.057813264429569244
2 0.5127572417259216 0.6070817708969116 0.036127377301454544 0.023047542199492455
2 0.20850495994091034 0.6121282577514648 0.04264277219772339 0.0333857536315918
2 0.34501880407333374 0.5752364993095398 0.042058371007442474 0.03145446628332138
2 0.21598751842975616 0.6400033235549927 0.0482453927397728 0.032923221588134766
2 0.38292592763900757 0.6270171999931335 0.03942711278796196 0.03710212558507919
2 0.2752707004547119 0.6886885166168213 0.055177878588438034 0.040909767150878906
2 0.23350796103477478 0.691856861114502 0.04893984645605087 0.015217018313705921
2 0.5182235240936279 0.63123619556427 0.025094222277402878 0.027509307488799095
2 0.2781805098056793 0.549062967300415 0.04489850997924805 0.05755014345049858
