2 0.9325699806213379 0.5280331969261169 0.026622582226991653 0.02665090560913086
2 0.16333366930484772 0.5452373027801514 0.017316222190856934 0.015929222106933594
2 0.6246070861816406 0.6654784083366394 0.0302460677921772 0.0244580265134573
2 0.6938815116882324 0.5758078098297119 0.019986342638731003 0.013583660125732422
2 0.7245066165924072 0.5733503103256226 0.02066049538552761 0.014973735436797142
2 0.6657693386077881 0.6958329677581787 0.02041778527200222 0.016689013689756393
2 0.8785894513130188 0.6265354752540588 0.027954673394560814 0.011905670166015625
2 0.799622654914856 0.6509770154953003 0.028514672070741653 0.02379007264971733
2 0.5645063519477844 0.5849769711494446 0.012624740600585938 0.015750598162412643
2 0.22168846428394318 0.530215859413147 0.0281538013368845 0.016675949096679688
2 0.595043420791626 0.5564991235733032 0.012592124752700329 0.01334524154663086
2 0.23099160194396973 0.5537139773368835 0.020068978890776634 0.018729686737060547
2 0.2484448254108429 0.5099894404411316 0.02563033066689968 0.01747417449951172
2 0.7563610672950745 0.6103503108024597 0.013589191250503063 0.014842701144516468
2 0.6409714818000793 0.614984929561615 0.014376258477568626 0.01359262503683567
2 0.6026839017868042 0.5789242386817932 0.011408710852265358 0.01336812973022461
2 0.28226998448371887 0.5297305583953857 0.024972248822450638 0.014961051754653454
2 0.3887723684310913 0.6680558919906616 0.01833205297589302 0.015245914459228516
2 0.36857345700263977 0.537548303604126 0.01266775093972683 0.01481485366821289
2 0.2228211909532547 0.6663357615470886 0.01713709905743599 0.014250755310058594
2 0.3756110966205597 0.6175716519355774 0.020981598645448685 0.018480777740478516
2 0.2149656116962433 0.6376737952232361 0.020710086449980736 0.015245437622070312
2 0.6136601567268372 0.6083694696426392 0.02009286917746067 0.018831729888916016
2 0.33841830492019653 0.6729863286018372 0.017293501645326614 0.014368534088134766
2 0.1525615155696869 0.46327605843544006 0.015550422482192516 0.008436488918960094
2 0.22740629315376282 0.4755259156227112 0.014468098059296608 0.007835102267563343
2 0.7869155406951904 0.7058382630348206 0.018677901476621628 0.009620952419936657
2 0.924609363079071 0.687536358833313 0.02809295617043972 0.016987036913633347
2 0.8600605726242065 0.5705448389053345 0.02469024620950222 0.014822101220488548
2 0.44552651047706604 0.6393252015113831 0.02225341834127903 0.020346354693174362
2 0.7716408967971802 0.6851504445075989 0.02813882753252983 0.016388606280088425
2 0.6899888515472412 0.5952470898628235 0.016495417803525925 0.018233299255371094
2 0.3998981714248657 0.6057280898094177 0.010141420178115368 0.015589904971420765
2 0.5215134620666504 0.6383166909217834 0.013276482000946999 0.01419210433959961
2 0.6083493828773499 0.7149959206581116 0.01377029437571764 0.011571121402084827
2 0.32466399669647217 0.6397080421447754 0.021176720038056374 0.015801429748535156
2 0.2766158878803253 0.6096774339675903 0.014493417926132679 0.007927131839096546
2 0.2675402760505676 0.5504342317581177 0.01890096627175808 0.018636513501405716
2 0.5419394373893738 0.6779663562774658 0.011219596490263939 0.010603046044707298
2 0.34615403413772583 0.5797290802001953 0.02306680753827095 0.024402331560850143
2 0.5533030033111572 0.693374752998352 0.040212251245975494 0.016107941046357155
2 0.2841430902481079 0.626414954662323 0.02368450164794922 0.02186441421508789
2 0.2611299157142639 0.6927284002304077 0.0209826473146677 0.018088053911924362
2 0.3480393886566162 0.62058025598526 0.016640234738588333 0.012430191040039062
2 0.48688626289367676 0.5606217384338379 0.015385436825454235 0.011230086907744408
2 0.37916556000709534 0.6422646045684814 0.012539481744170189 0.008615493774414062
2 0.3428589403629303 0.5858554244041443 0.013902664184570312 0.013506412506103516
2 0.4678787589073181 0.6690047383308411 0.012312889099121094 0.012202739715576172
2 0.7414183616638184 0.6256317496299744 0.01967296563088894 0.01239089947193861
2 0.2620064616203308 0.5848439335823059 0.013424158096313477 0.009694481268525124
2 0.21669426560401917 0.6131341457366943 0.02026848867535591 0.021159935742616653
2 0.6911101341247559 0.4636687636375427 0.02179746702313423 0.018424320966005325
2 0.21593376994132996 0.5471577644348145 0.013002252206206322 0.008318901062011719
2 0.596973717212677 0.7315547466278076 0.01779146119952202 0.008189678192138672
2 0.5594493746757507 0.6410747766494751 0.017490481957793236 0.017917346209287643
2 0.2984156906604767 0.5615160465240479 0.013701963238418102 0.017368506640195847
2 0.49798911809921265 0.6303073763847351 0.022850800305604935 0.02565784379839897
2 0.34951967000961304 0.6451853513717651 0.015291261486709118 0.007941055111587048
2 0.3226992189884186 0.6529646515846252 0.013720035552978516 0.007776355836540461
2 0.3113611042499542 0.5953114032745361 0.013818216510117054 0.010096168145537376
2 0.26441094279289246 0.5675511360168457 0.01596846617758274 0.01768016815185547
2 0.8431258201599121 0.5620904564857483 0.02208881452679634 0.022356415167450905
2 0.39160221815109253 0.6369739174842834 0.010031509213149548 0.007748508360236883
2 0.26163434982299805 0.5932043194770813 0.014535665512084961 0.024173736572265625
2 0.4282916188240051 0.6125919222831726 0.021408747881650925 0.01905212365090847
2 0.6939622759819031 0.47870072722435 0.01411361712962389 0.017618846148252487
2 0.4998958706855774 0.5870481133460999 0.011486339382827282 0.011329079046845436
2 0.2925581634044647 0.6391966938972473 0.014861106872558594 0.009096240624785423
2 0.2911990284919739 0.6926765441894531 0.02959904633462429 0.02076101303100586
2 0.44107741117477417 0.5983456373214722 0.007699394132941961 0.01448678970336914
2 0.31317174434661865 0.5698058009147644 0.01126565970480442 0.010755729861557484
2 0.6226584315299988 0.6732798218727112 0.023063182830810547 0.011243152432143688
2 0.3847208023071289 0.6396993398666382 0.022660065442323685 0.012927818112075329
2 0.7239500284194946 0.6261560916900635 0.016916751861572266 0.008417797274887562
2 0.32461363077163696 0.6433241963386536 0.02168555185198784 0.023540209978818893
2 0.2809123694896698 0.6245280504226685 0.01695556566119194 0.015739059075713158
2 0.7300710082054138 0.6141839623451233 0.010449218563735485 0.016131211072206497
2 0.26182979345321655 0.5994972586631775 0.011772871017456055 0.011683845892548561
2 0.6092503666877747 0.620102047920227 0.018644904717803 0.015093803405761719
2 0.3359217345714569 0.6757988929748535 0.022351408377289772 0.020191192626953125
2 0.34333157539367676 0.5877349972724915 0.012388467788696289 0.010609626770019531
2 0.34771114587783813 0.5725875496864319 0.020609712228178978 0.010238456539809704
2 0.46521323919296265 0.6701886057853699 0.01805562898516655 0.014536571688950062
2 0.21160094439983368 0.637920081615448 0.027824271470308304 0.016556834802031517
