2 0.8188608288764954 0.6523076891899109 0.12369608879089355 0.21065978705883026
2 0.6601677536964417 0.6553580164909363 0.131632998585701 0.19780874252319336
2 0.771435558795929 0.6569765210151672 0.1285337507724762 0.18829898536205292
2 0.589893102645874 0.6533874869346619 0.10193834453821182 0.20038194954395294
2 0.40530675649642944 0.6424165964126587 0.12196750938892365 0.2255418747663498
2 0.5075648427009583 0.6490206122398376 0.08777942508459091 0.21069927513599396
2 0.3110971450805664 0.648054301738739 0.12632818520069122 0.2293580025434494
2 0.22308103740215302 0.6514540314674377 0.11208005249500275 0.210791677236557
2 0.2932570278644562 0.6371798515319824 0.0825192928314209 0.2332901954650879
2 0.21052956581115723 0.6459044218063354 0.13086053729057312 0.2214951515197754
