2 0.06220867484807968 0.4794425070285797 0.007739508058875799 0.01226730365306139
2 0.15287430584430695 0.4633898138999939 0.013856172561645508 0.00851221103221178
2 0.19372837245464325 0.48017793893814087 0.008067536167800426 0.005892276763916016
2 0.5945846438407898 0.5584715604782104 0.0072800638154149055 0.007060813717544079
2 0.09266947209835052 0.5023713111877441 0.007418620400130749 0.008220195770263672
2 0.11874812841415405 0.528606116771698 0.006632042117416859 0.007385444827377796
2 0.18451404571533203 0.5278396606445312 0.006835722830146551 0.008809184655547142
2 0.012313068844377995 0.5684371590614319 0.00686423946171999 0.006239509675651789
2 0.1225951761007309 0.5668076276779175 0.005697297863662243 0.009998416528105736
2 0.53130704164505 0.5196782350540161 0.007839488796889782 0.00819692574441433
2 0.16184855997562408 0.4843221604824066 0.008725166320800781 0.00591697683557868
2 0.11324115097522736 0.4842631220817566 0.008053374476730824 0.007620906922966242
2 0.1317659169435501 0.5359569787979126 0.006838393397629261 0.0051727294921875
2 0.2988343834877014 0.5015106201171875 0.006650590803474188 0.010017966851592064
2 0.1261221021413803 0.49363765120506287 0.006362962536513805 0.007415103726089001
2 0.1877942979335785 0.49531155824661255 0.008134126663208008 0.005657005123794079
2 0.21612688899040222 0.49101129174232483 0.006951189134269953 0.007189559750258923
2 0.1741742193698883 0.511958658695221 0.006364655680954456 0.010035514831542969
2 0.14045460522174835 0.5151498913764954 0.007396244909614325 0.0055405618622899055
2 0.33570417761802673 0.540908932685852 0.009295034222304821 0.011173057369887829
2 0.14833298325538635 0.582036554813385 0.0067327022552490234 0.007046413607895374
2 0.7562659978866577 0.6114031672477722 0.006196498870849609 0.008220004849135876
2 0.06054116040468216 0.512589156627655 0.006330263800919056 0.00566940288990736
2 0.019597377628087997 0.5315632820129395 0.006424328777939081 0.006581210996955633
2 0.13960973918437958 0.5664319396018982 0.0058591365814208984 0.005846881773322821
