2 0.4886317849159241 0.6116644740104675 0.02550067938864231 0.04900989681482315
2 0.7537951469421387 0.15776501595973969 0.020853614434599876 0.024349045008420944
2 0.44964414834976196 0.1875828206539154 0.029024790972471237 0.020828772336244583
2 0.7159897089004517 0.05629605054855347 0.022440528497099876 0.022494757547974586
2 0.6032828092575073 0.1957291066646576 0.02880248986184597 0.020107973366975784
2 0.6124600172042847 0.1424638330936432 0.014765167608857155 0.01683049276471138
2 0.33255577087402344 0.04108572378754616 0.02694854699075222 0.015063291415572166
2 0.7876033782958984 0.12015517801046371 0.028266286477446556 0.022083569318056107
2 0.8211453557014465 0.1132039874792099 0.031076813116669655 0.02531719207763672
2 0.6185071468353271 0.23864345252513885 0.01711597479879856 0.012225056067109108
2 0.6471941471099854 0.17744222283363342 0.010857773013412952 0.010398244485259056
2 0.3869236409664154 0.19845540821552277 0.013254689984023571 0.010328114032745361
2 0.46201783418655396 0.09621362388134003 0.015645980834960938 0.008308380842208862
2 0.5445628762245178 0.1684146672487259 0.009291553869843483 0.008937192149460316
2 0.5095333456993103 0.20629990100860596 0.009746456518769264 0.0076899053528904915
2 0.42623957991600037 0.22026857733726501 0.008774089626967907 0.010521506890654564
2 0.4581226706504822 0.23028413951396942 0.007872676476836205 0.009507942013442516
2 0.3405689597129822 0.2109742909669876 0.009331178851425648 0.009442567825317383
2 0.5199454426765442 0.22343237698078156 0.008559703826904297 0.00780253391712904
2 0.5420932769775391 0.19053760170936584 0.015027428045868874 0.013204765506088734
2 0.4518255591392517 0.08117219060659409 0.013694954104721546 0.011658549308776855
2 0.3478824496269226 0.2230255901813507 0.006867790129035711 0.009419584646821022
2 0.698526918888092 0.20568391680717468 0.010496044531464577 0.0059361932799220085
2 0.6798804402351379 0.16729289293289185 0.011644840240478516 0.007248139474540949
2 0.8092398643493652 0.12748970091342926 0.01222839392721653 0.006875061895698309
2 0.49388161301612854 0.19131730496883392 0.006704234983772039 0.00584146985784173
