2 0.22068269550800323 0.5539069175720215 0.02809114381670952 0.01680622063577175
2 0.6645562052726746 0.6940410733222961 0.019978046417236328 0.00942840613424778
2 0.1638568788766861 0.5454185605049133 0.018646573647856712 0.011151313781738281
2 0.672923743724823 0.7437989711761475 0.01252603530883789 0.007990360260009766
2 0.3374040722846985 0.6720902323722839 0.016512107104063034 0.010516166687011719
2 0.6640569567680359 0.7262019515037537 0.01400461234152317 0.00789346732199192
2 0.7224848866462708 0.7663895487785339 0.014712238684296608 0.006662559695541859
2 0.7083938717842102 0.7406280636787415 0.011181831359863281 0.008874321356415749
2 0.5346114039421082 0.6997635960578918 0.01074075698852539 0.01120767556130886
2 0.7765758633613586 0.7618917226791382 0.01496734656393528 0.013159084133803844
2 0.6833361387252808 0.7619999647140503 0.009882736019790173 0.00708847027271986
2 0.6221624612808228 0.668955385684967 0.022723769769072533 0.019516944885253906
2 0.5968663692474365 0.7314183115959167 0.013236617669463158 0.006326579954475164
2 0.6838316917419434 0.7120816707611084 0.011248206719756126 0.005995559506118298
2 0.5746288895606995 0.7224618792533875 0.009221076965332031 0.00543899554759264
2 0.7605124711990356 0.7411940693855286 0.00908041000366211 0.006440162658691406
2 0.559000551700592 0.6926191449165344 0.018762970343232155 0.009624958038330078
2 0.4896163046360016 0.6202828884124756 0.016357803717255592 0.011495781131088734
