2 0.580475389957428 0.7770755290985107 0.24873705208301544 0.211255744099617
2 0.8621309995651245 0.7273865342140198 0.21869735419750214 0.1473095864057541
2 0.7982872724533081 0.62589430809021 0.17719975113868713 0.12399549782276154
2 0.3002553880214691 0.7702299952507019 0.2798990309238434 0.23286834359169006
2 0.5033127665519714 0.5831934809684753 0.0848836898803711 0.118352510035038
2 0.620207667350769 0.6433529257774353 0.1747511923313141 0.12087974697351456
2 0.2387254536151886 0.6040357947349548 0.08254994451999664 0.12978200614452362
2 0.40481629967689514 0.5872229337692261 0.061426423490047455 0.07751350104808807
2 0.2572915554046631 0.6866612434387207 0.22515201568603516 0.1482713669538498
2 0.2828689515590668 0.6632823944091797 0.17351798713207245 0.10422220081090927
2 0.35486310720443726 0.5824801921844482 0.09178721904754639 0.09989996254444122
2 0.30414262413978577 0.6114754676818848 0.08314509689807892 0.08099623024463654
2 0.4126385748386383 0.6545332670211792 0.13107557594776154 0.1417618691921234
