2 0.2694815397262573 0.4451405107975006 0.13319630920886993 0.10129348933696747
2 0.7350292205810547 0.29128187894821167 0.11249713599681854 0.10553960502147675
2 0.44967302680015564 0.18521438539028168 0.04995555803179741 0.026699518784880638
2 0.7475143671035767 0.4198334813117981 0.036975957453250885 0.04413165897130966
2 0.4945301115512848 0.604706346988678 0.06556377559900284 0.04035825654864311
2 0.7543557286262512 0.16239053010940552 0.02917766571044922 0.03324010223150253
2 0.4284668564796448 0.38818594813346863 0.032816220074892044 0.04248356819152832
2 0.6231750845909119 0.670216977596283 0.02664928510785103 0.024044513702392578
2 0.20368993282318115 0.1683928221464157 0.042460858821868896 0.031489014625549316
2 0.690205991268158 0.4704626500606537 0.026546001434326172 0.0338619239628315
2 0.5503962635993958 0.697647750377655 0.04159832000732422 0.01827850379049778
