2 0.4619942605495453 0.14707762002944946 0.18012237548828125 0.16894128918647766
2 0.4832950234413147 0.6035783886909485 0.10643176734447479 0.08138962090015411
2 0.5350658297538757 0.4888220429420471 0.08449564129114151 0.05522499233484268
2 0.4541148543357849 0.32612890005111694 0.12427882850170135 0.1645735800266266
2 0.46668583154678345 0.8315650820732117 0.038690946996212006 0.03279056400060654
2 0.6385743021965027 0.8208245038986206 0.07236652076244354 0.03675232082605362
2 0.6162217259407043 0.6944456100463867 0.045121002942323685 0.08104972541332245
2 0.5544227957725525 0.6988343000411987 0.05030403286218643 0.022324752062559128
2 0.5118895769119263 0.9431103467941284 0.02409067191183567 0.021062850952148438
2 0.5154781937599182 0.9068191647529602 0.020960330963134766 0.031644247472286224
2 0.47256699204444885 0.8877440690994263 0.029009724035859108 0.021044541150331497
2 0.5101810097694397 0.8593040704727173 0.04146213456988335 0.017563629895448685
2 0.544340968132019 0.7836775779724121 0.027651499956846237 0.028630638495087624
2 0.5345119833946228 0.8468816876411438 0.02285146713256836 0.013812256045639515
2 0.4938979148864746 0.969641387462616 0.027523040771484375 0.009641647338867188
2 0.6240127086639404 0.6682652235031128 0.02977018430829048 0.028345774859189987
2 0.5238226652145386 0.9815508127212524 0.018463898450136185 0.008366012945771217
2 0.4977216124534607 0.9950388669967651 0.03317737579345703 0.009247398003935814
