3 0.44272905588150024 0.4575348496437073 0.048861313611269 0.04219818115234375
3 0.2700323164463043 0.7180774211883545 0.31633538007736206 0.267741858959198
3 0.6751640439033508 0.46701088547706604 0.06260327994823456 0.04533805698156357
3 0.2928287088871002 0.5194516181945801 0.08192668110132217 0.09603767096996307
3 0.7983189821243286 0.623826801776886 0.1713220179080963 0.16783829033374786
3 0.5721442699432373 0.543375551700592 0.09525356441736221 0.09167174994945526
3 0.6531639695167542 0.5017601847648621 0.06464596092700958 0.03695230558514595
3 0.6231487393379211 0.46858900785446167 0.03809070587158203 0.02617206610739231
3 0.5385245680809021 0.4841338098049164 0.05729274824261665 0.04294567182660103
3 0.2268732339143753 0.4947325587272644 0.050104666501283646 0.05864296108484268
3 0.5260283350944519 0.46052226424217224 0.05080528184771538 0.03740434721112251
3 0.2927997410297394 0.529634416103363 0.08168812096118927 0.07313261181116104
3 0.5791283249855042 0.45593324303627014 0.022028636187314987 0.022606659680604935
3 0.7982994914054871 0.5969062447547913 0.1713608205318451 0.22145529091358185
3 0.6233038306236267 0.4635670781135559 0.03839130327105522 0.037034034729003906
3 0.27032023668289185 0.6929263472557068 0.31716233491897583 0.31955385208129883
