3 0.8022580146789551 0.7738341689109802 0.0569826140999794 0.03528480604290962
3 0.9833818674087524 0.6692460179328918 0.03292198106646538 0.0366273894906044
3 0.017222652211785316 0.8188182711601257 0.03442646935582161 0.0819304957985878
3 0.7738716006278992 0.7061746716499329 0.07344622910022736 0.01500234566628933
3 0.9061543345451355 0.7852602601051331 0.08220996707677841 0.015474224463105202
3 0.9354003071784973 0.6800024509429932 0.04637164995074272 0.02158498764038086
3 0.823604941368103 0.6723398566246033 0.11770038306713104 0.02852611616253853
3 0.4250416159629822 0.5162137746810913 0.1918102204799652 0.3337337374687195
3 0.35674846172332764 0.69891357421875 0.056617069989442825 0.020488834008574486
3 0.6197115778923035 0.6770322322845459 0.16957339644432068 0.03952283784747124
3 0.63728928565979 0.6774506568908691 0.20525875687599182 0.04068908840417862
3 0.9832012057304382 0.6782658100128174 0.03285045549273491 0.018471812829375267
3 0.8187679052352905 0.6776134371757507 0.10687804222106934 0.017152022570371628
3 0.6987105011940002 0.6876580119132996 0.08436556160449982 0.02034454420208931
