4 0.3492470383644104 0.7451189756393433 0.23237018287181854 0.19519957900047302
4 0.5320689678192139 0.6658865213394165 0.22640752792358398 0.10428257286548615
4 0.5015901327133179 0.589641273021698 0.13158559799194336 0.0540192611515522
4 0.7508611679077148 0.6299381256103516 0.20854315161705017 0.08770475536584854
4 0.3467140197753906 0.6141257882118225 0.15809133648872375 0.08762817084789276
4 0.1996355801820755 0.7048313021659851 0.23467063903808594 0.14974145591259003
4 0.2833140790462494 0.5940091609954834 0.15077686309814453 0.08087854087352753
4 0.5371160507202148 0.56215500831604 0.12441730499267578 0.04494066163897514
4 0.7858225107192993 0.7168415784835815 0.2615041732788086 0.17084746062755585
4 0.6187564730644226 0.5997536778450012 0.1092367172241211 0.08312349021434784
4 0.7344669103622437 0.5669535398483276 0.08360700309276581 0.046630859375
4 0.2897186279296875 0.549847424030304 0.06320051848888397 0.03510618209838867
4 0.2221876084804535 0.7048100829124451 0.27957820892333984 0.15046635270118713
