4 0.7599527835845947 0.65800541639328 0.11814527213573456 0.30395087599754333
4 0.2601517140865326 0.6300444006919861 0.1105409637093544 0.35816317796707153
4 0.6265097856521606 0.6610991954803467 0.11876849830150604 0.3130849003791809
4 0.37094005942344666 0.655626654624939 0.11273925006389618 0.3152492046356201
4 0.5042821168899536 0.6375573873519897 0.11837682873010635 0.3530099391937256
4 0.5010002255439758 0.9039092063903809 0.11986036598682404 0.18863430619239807
4 0.6218691468238831 0.9066540002822876 0.12116937339305878 0.18501338362693787
4 0.25959306955337524 0.9034355878829956 0.11045656353235245 0.1915103942155838
4 0.3712015450000763 0.9046913385391235 0.11419224739074707 0.18880900740623474
4 0.7559778690338135 0.9139024019241333 0.11820097267627716 0.1709936112165451
