4 0.8485301733016968 0.6089136600494385 0.07044925540685654 0.20725584030151367
4 0.2879504859447479 0.6521567702293396 0.0929943099617958 0.3463912010192871
4 0.5282735228538513 0.6044750809669495 0.08746585994958878 0.29248476028442383
4 0.38220030069351196 0.5771901607513428 0.0889291763305664 0.3756915032863617
4 0.16538168489933014 0.6433702707290649 0.13494856655597687 0.39284172654151917
4 0.6377749443054199 0.5957536101341248 0.07198581844568253 0.24963846802711487
4 0.22898872196674347 0.6115702390670776 0.06605720520019531 0.2879822850227356
4 0.7016006112098694 0.5476682186126709 0.0728764533996582 0.2612639367580414
4 0.7563046216964722 0.5812734961509705 0.05947885662317276 0.22309598326683044
4 0.6093411445617676 0.5775586366653442 0.03977060317993164 0.21987561881542206
4 0.5427915453910828 0.770298957824707 0.2760562002658844 0.12104801833629608
