4 0.8085268139839172 0.8959139585494995 0.05236000940203667 0.14721699059009552
4 0.7824134826660156 0.8536146879196167 0.0406152717769146 0.11870741844177246
4 0.5400308966636658 0.7861336469650269 0.02907381020486355 0.09313903003931046
4 0.22546735405921936 0.8138877153396606 0.03939848020672798 0.11617584526538849
4 0.5263394117355347 0.858024001121521 0.03939018398523331 0.11511936038732529
4 0.12786339223384857 0.6648768186569214 0.01567256450653076 0.0336361899971962
4 0.28499656915664673 0.749409019947052 0.03195752948522568 0.1107366532087326
4 0.42613357305526733 0.8933371305465698 0.04085521772503853 0.12363014370203018
4 0.43938350677490234 0.7948232889175415 0.031122684478759766 0.0794302448630333
4 0.260858416557312 0.7151947617530823 0.030788850039243698 0.09927816689014435
