4 0.796314537525177 0.7682427167892456 0.03327584266662598 0.13077512383460999
4 0.6979362964630127 0.7920932769775391 0.03852405399084091 0.052997637540102005
4 0.39667782187461853 0.8189617395401001 0.040917228907346725 0.16655687987804413
4 0.26704761385917664 0.8524144887924194 0.033056117594242096 0.1395704299211502
4 0.35614529252052307 0.967758059501648 0.11131410300731659 0.05678672716021538
4 0.4678906798362732 0.8251107931137085 0.03739938884973526 0.04176654666662216
4 0.14781835675239563 0.8792173266410828 0.09290371090173721 0.04409484937787056
4 0.8106247186660767 0.9154184460639954 0.17710018157958984 0.05516834184527397
4 0.34463852643966675 0.8374348878860474 0.06677756458520889 0.03764228895306587
4 0.44530925154685974 0.8862539529800415 0.05652971193194389 0.033454131335020065
4 0.5408341884613037 0.8229840397834778 0.035681914538145065 0.11435184627771378
4 0.6524757742881775 0.9386431574821472 0.08983325958251953 0.057306863367557526
4 0.5726246237754822 0.9382528066635132 0.1382865011692047 0.03783721849322319
4 0.7443522810935974 0.8553905487060547 0.09849043190479279 0.06420250236988068
4 0.5289857387542725 0.8791018724441528 0.03546199947595596 0.07421112060546875
4 0.3266852796077728 0.9242724180221558 0.08585123717784882 0.08626480400562286
