4 0.25943154096603394 0.790683925151825 0.05517210811376572 0.20229582488536835
4 0.9052656292915344 0.7993995547294617 0.05753154680132866 0.18285313248634338
4 0.7936341762542725 0.7696863412857056 0.04039430618286133 0.13603568077087402
4 0.4114062190055847 0.724147379398346 0.028525639325380325 0.12041683495044708
4 0.672369122505188 0.7062072157859802 0.020470714196562767 0.07546558231115341
4 0.33449694514274597 0.6995519399642944 0.022210216149687767 0.07270326465368271
4 0.6149989366531372 0.678303062915802 0.013735485263168812 0.05443286895751953
4 0.5061134696006775 0.678899884223938 0.016326427459716797 0.07928552478551865
4 0.4638473093509674 0.6569204330444336 0.012727642431855202 0.04264240339398384
4 0.5739426612854004 0.6541389226913452 0.010825157165527344 0.03330507129430771
4 0.5650639533996582 0.6373440027236938 0.00889806728810072 0.03055734559893608
4 0.4457995891571045 0.6333897709846497 0.009432601742446423 0.03215980529785156
4 0.5215834975242615 0.6310164928436279 0.008910846896469593 0.029457474127411842
4 0.4203871190547943 0.6103315353393555 0.007680797483772039 0.023214053362607956
4 0.43581780791282654 0.6116997599601746 0.0072724344208836555 0.023702334612607956
4 0.42256826162338257 0.6314433217048645 0.008018302731215954 0.021021079272031784
4 0.5447970628738403 0.6164340972900391 0.0074097635224461555 0.021476173773407936
4 0.4946015477180481 0.63224196434021 0.009150505065917969 0.028046797960996628
4 0.40169066190719604 0.6058218479156494 0.006537151522934437 0.014972972683608532
