4 0.8449910283088684 0.9151778221130371 0.13915829360485077 0.053964994847774506
4 0.5470097661018372 0.7758934497833252 0.029710005968809128 0.030510902404785156
4 0.7666735053062439 0.9719294309616089 0.1293618232011795 0.05555572360754013
4 0.6398780345916748 0.7921528816223145 0.10075731575489044 0.045722343027591705
4 0.34250882267951965 0.9238088726997375 0.12900176644325256 0.13243922591209412
4 0.7470638155937195 0.8484317064285278 0.07580747455358505 0.05686797946691513
4 0.8075888752937317 0.7327675223350525 0.05331077426671982 0.026333237066864967
4 0.7896049618721008 0.7833812236785889 0.03685193136334419 0.03132285922765732
4 0.504082202911377 0.6894432306289673 0.024021435528993607 0.02838725969195366
4 0.6601025462150574 0.6858727335929871 0.05146360397338867 0.02479410171508789
4 0.7438223361968994 0.72840815782547 0.02652711793780327 0.02393636666238308
4 0.5706608891487122 0.686245322227478 0.05915403366088867 0.027489280328154564
4 0.44919466972351074 0.6624699831008911 0.0424593910574913 0.02510051801800728
4 0.6841957569122314 0.6523120403289795 0.02824573591351509 0.016132736578583717
4 0.6162238717079163 0.6406412720680237 0.03602151945233345 0.01848926581442356
4 0.47017350792884827 0.6430962085723877 0.03520040586590767 0.01772337034344673
4 0.6165289878845215 0.6751105785369873 0.017942046746611595 0.022644519805908203
