4 0.3860272467136383 0.7109606862068176 0.08609266579151154 0.34537258744239807
4 0.5658884644508362 0.7312414646148682 0.06957588344812393 0.3031235635280609
4 0.20043787360191345 0.7371156215667725 0.09362511336803436 0.2940770089626312
4 0.7363549470901489 0.7220495939254761 0.07321043312549591 0.320797860622406
4 0.10420610010623932 0.7164523601531982 0.09767896682024002 0.3343024253845215
4 0.8948529958724976 0.7184343338012695 0.08942661434412003 0.3264186978340149
4 0.645278811454773 0.7195004224777222 0.08228226006031036 0.3220489025115967
4 0.4819846749305725 0.7112430334091187 0.07410116493701935 0.34380683302879333
4 0.8133819699287415 0.7236169576644897 0.07469973713159561 0.3155028820037842
4 0.2940623462200165 0.7154024839401245 0.09070248901844025 0.3379562497138977
