6 0.6681150794029236 0.550064742565155 0.4881594777107239 0.26520976424217224
6 0.2508361041545868 0.7291512489318848 0.5010485053062439 0.5402952432632446
6 0.9181870222091675 0.42156094312667847 0.07358379662036896 0.05346982553601265
6 0.07872321456670761 0.4344967007637024 0.15690508484840393 0.06176910549402237
6 0.20818015933036804 0.4365580976009369 0.11465001106262207 0.06664171069860458
6 0.3931218981742859 0.41725945472717285 0.04911034181714058 0.03335094451904297
6 0.2846354842185974 0.42900291085243225 0.06875304877758026 0.05504293367266655
6 0.3390350043773651 0.4225277006626129 0.052765656262636185 0.04253721237182617
6 0.4290387034416199 0.4142553210258484 0.029848957434296608 0.026182174682617188
6 0.46510544419288635 0.42119985818862915 0.044541455805301666 0.04244527965784073
6 0.6346034407615662 0.40999555587768555 0.04010181501507759 0.023780465126037598
6 0.5446253418922424 0.4119792878627777 0.03707151487469673 0.023623276501893997
