6 0.18050532042980194 0.7327026724815369 0.3606557846069336 0.4084290564060211
6 0.10402701050043106 0.47034186124801636 0.20751528441905975 0.1269230842590332
6 0.8625190854072571 0.6659854650497437 0.274766206741333 0.31434231996536255
6 0.2654147744178772 0.5241973996162415 0.17101788520812988 0.10390663146972656
6 0.6891567707061768 0.6128675937652588 0.11146564781665802 0.15907582640647888
6 0.8151654005050659 0.5351714491844177 0.15826110541820526 0.09133081138134003
6 0.4534785747528076 0.5413209795951843 0.0504976287484169 0.023676013574004173
6 0.3803281784057617 0.6155107617378235 0.14529064297676086 0.15808048844337463
6 0.46382075548171997 0.586479127407074 0.056383322924375534 0.07238225638866425
6 0.6270434856414795 0.5913806557655334 0.050109196454286575 0.08265085518360138
6 0.4347315728664398 0.5845534205436707 0.04227333143353462 0.07391424477100372
