8 0.7564175128936768 0.7190449237823486 0.10209856182336807 0.10324849933385849
8 0.25982359051704407 0.7577875256538391 0.13601836562156677 0.13254889845848083
8 0.8666546940803528 0.77862149477005 0.14167475700378418 0.15561766922473907
8 0.13075727224349976 0.7216780781745911 0.10890094935894012 0.10677604377269745
8 0.8377412557601929 0.6787003874778748 0.03663978725671768 0.05153045803308487
8 0.6844659447669983 0.6903681755065918 0.04181633144617081 0.04104328155517578
8 0.6257719397544861 0.6846740245819092 0.03411922603845596 0.05677738040685654
8 0.2551637589931488 0.6792473196983337 0.08984255790710449 0.05425882339477539
8 0.985772430896759 0.6787288188934326 0.028011512011289597 0.04994363710284233
8 0.55134516954422 0.6923642754554749 0.043851662427186966 0.04145555570721626
