8 0.43198394775390625 0.7630163431167603 0.0812908187508583 0.1147533431649208
8 0.7770131826400757 0.6965754628181458 0.04594879224896431 0.07743139564990997
8 0.637814462184906 0.6933557987213135 0.06317491829395294 0.08002843707799911
8 0.9139817953109741 0.719883143901825 0.0519750602543354 0.08330698311328888
8 0.11152520030736923 0.7716845870018005 0.08253736048936844 0.1135006919503212
8 0.551095187664032 0.6908841729164124 0.048702336847782135 0.07299480587244034
8 0.5351861715316772 0.7385775446891785 0.07889547199010849 0.10110054165124893
8 0.27267661690711975 0.7496501803398132 0.07646236568689346 0.10343895107507706
8 0.007420438341796398 0.7280672788619995 0.014756935648620129 0.07380390167236328
8 0.13693645596504211 0.6868730187416077 0.03788206726312637 0.06000232696533203
8 0.27425670623779297 0.6948528289794922 0.04913802072405815 0.06705055385828018
