8 0.20444223284721375 0.558341920375824 0.19553397595882416 0.2734906077384949
8 0.8231032490730286 0.4956056475639343 0.13267669081687927 0.16461840271949768
8 0.3899408280849457 0.5327732563018799 0.13718385994434357 0.22480793297290802
8 0.5910590291023254 0.7161467671394348 0.31424084305763245 0.5015888214111328
8 0.6240531802177429 0.47331541776657104 0.08999395370483398 0.14910106360912323
8 0.693932056427002 0.44111019372940063 0.06282205879688263 0.08396463096141815
8 0.8961533308029175 0.5100629925727844 0.1077459305524826 0.18302612006664276
8 0.5519939064979553 0.43639254570007324 0.051255226135253906 0.0797945037484169
8 0.288221538066864 0.43629974126815796 0.05712737888097763 0.08048810809850693
8 0.2278139889240265 0.45529040694236755 0.07002349197864532 0.1087242141366005
8 0.3848714828491211 0.41498762369155884 0.04617121070623398 0.033447932451963425
8 0.4619370996952057 0.4398130476474762 0.03666830062866211 0.08412463963031769
8 0.42915457487106323 0.42057985067367554 0.0441436767578125 0.039551638066768646
8 0.3636152446269989 0.4476799964904785 0.089089535176754 0.09949197620153427
