8 0.6656444072723389 0.6638512015342712 0.1234368309378624 0.11825551837682724
8 0.018056226894259453 0.7701650857925415 0.0359605997800827 0.21749158203601837
8 0.8113216161727905 0.7687351107597351 0.18695411086082458 0.2229469269514084
8 0.7549548149108887 0.7289557456970215 0.11985230445861816 0.18763136863708496
8 0.40942487120628357 0.632634699344635 0.06420592963695526 0.040106676518917084
8 0.928013026714325 0.7331587672233582 0.1153331771492958 0.19910407066345215
8 0.3668704926967621 0.7538720369338989 0.1811036318540573 0.20021986961364746
8 0.17455492913722992 0.7561930418014526 0.1889176070690155 0.20701566338539124
8 0.21442779898643494 0.7147650122642517 0.09013156592845917 0.16219234466552734
8 0.9033425450325012 0.7329301834106445 0.16334685683250427 0.19759026169776917
8 0.24177511036396027 0.7236668467521667 0.14409974217414856 0.17991718649864197
