8 0.2691597640514374 0.7451695203781128 0.18429189920425415 0.17016386985778809
8 0.6317886114120483 0.647879421710968 0.07639217376708984 0.07410621643066406
8 0.3839464783668518 0.647729218006134 0.07288961112499237 0.07417163997888565
8 0.884276270866394 0.7289164662361145 0.14477519690990448 0.1436944454908371
8 0.1325223296880722 0.7128216028213501 0.1366814374923706 0.13815459609031677
8 0.23499102890491486 0.6567872166633606 0.10299964249134064 0.07812061160802841
8 0.7498241066932678 0.7505987882614136 0.18294915556907654 0.16842785477638245
8 0.8715006113052368 0.6788681149482727 0.09405136108398438 0.08801575005054474
8 0.7788238525390625 0.6645556092262268 0.11849784851074219 0.0820002555847168
8 0.3112615942955017 0.6506767868995667 0.085849329829216 0.07974433898925781
8 0.7057873010635376 0.6560664772987366 0.09421272575855255 0.08192968368530273
8 0.18522608280181885 0.6690698266029358 0.13687296211719513 0.08799419552087784
