9 0.7756738066673279 0.6807196140289307 0.04026832431554794 0.03463344648480415
9 0.25356388092041016 0.8775901794433594 0.08757714927196503 0.06105327606201172
9 0.6265857219696045 0.6706627607345581 0.03692779690027237 0.030443478375673294
9 0.9125057458877563 0.7439296245574951 0.049898721277713776 0.047722626477479935
9 0.5020685195922852 0.6380759477615356 0.020333480089902878 0.02639751508831978
9 0.56633061170578 0.5859866738319397 0.012572956271469593 0.018217658624053
9 0.9234517812728882 0.6962301731109619 0.03641834110021591 0.03876190260052681
9 0.27243471145629883 0.7951086163520813 0.05943026393651962 0.04675335809588432
9 0.7416623830795288 0.6298494338989258 0.02086963690817356 0.02379169501364231
9 0.7513076066970825 0.6073874235153198 0.018358420580625534 0.017257308587431908
9 0.37480396032333374 0.6169221997261047 0.025034666061401367 0.025429725646972656
9 0.40020933747291565 0.6106961369514465 0.013248825445771217 0.02184162102639675
9 0.6879436373710632 0.6029322743415833 0.02091808244585991 0.020603656768798828
9 0.7293474078178406 0.6153038740158081 0.019866179674863815 0.02487506903707981
9 0.6092737913131714 0.5977143049240112 0.028195476159453392 0.022962188348174095
