9 0.6550894975662231 0.6898460984230042 0.10110578685998917 0.08090992271900177
9 0.19928382337093353 0.7470671534538269 0.2314613163471222 0.12179560959339142
9 0.8201466798782349 0.6810278296470642 0.12355275452136993 0.07442092895507812
9 0.9247105717658997 0.6970586180686951 0.0330900177359581 0.03755998611450195
9 0.9880937337875366 0.656890332698822 0.023534011095762253 0.02886018715798855
9 0.5011373162269592 0.6382819414138794 0.016902541741728783 0.017794514074921608
9 0.44611865282058716 0.6432740688323975 0.022434711456298828 0.015211868099868298
9 0.36828896403312683 0.6427700519561768 0.03396148607134819 0.020078659057617188
9 0.5218181014060974 0.6399217844009399 0.013495827093720436 0.015010928735136986
9 0.2138257473707199 0.6354548335075378 0.010555362328886986 0.010264587588608265
9 0.2893033027648926 0.6389674544334412 0.01927633211016655 0.00889511127024889
