9 0.27441608905792236 0.6682274341583252 0.13395528495311737 0.13472910225391388
9 0.6275687217712402 0.6710575222969055 0.15658454596996307 0.10428333282470703
9 0.012190836481750011 0.5508624911308289 0.02427566610276699 0.05818138271570206
9 0.5857890248298645 0.5902767181396484 0.052930641919374466 0.04323387145996094
9 0.8105714917182922 0.6412431597709656 0.12840595841407776 0.09508304297924042
9 0.3824564814567566 0.6106477975845337 0.0789417251944542 0.06440915912389755
9 0.4815439283847809 0.6149196624755859 0.10121116787195206 0.06259612739086151
9 0.32679513096809387 0.5718134045600891 0.031867124140262604 0.027948379516601562
9 0.1578548401594162 0.5456304550170898 0.03042321279644966 0.021644115447998047
9 0.7764023542404175 0.5998969078063965 0.11931967735290527 0.055008698254823685
9 0.7141653895378113 0.5728008151054382 0.048009682446718216 0.024409770965576172
9 0.27080658078193665 0.5525131225585938 0.026250123977661133 0.016946125775575638
9 0.22638337314128876 0.5492547154426575 0.033757876604795456 0.01739797554910183
