9 0.469451367855072 0.8762137293815613 0.10119953006505966 0.07143592834472656
9 0.2713242769241333 0.7981653213500977 0.05882525444030762 0.0537174716591835
9 0.6495547294616699 0.7338857650756836 0.03200521320104599 0.03725099563598633
9 0.914514422416687 0.7444251179695129 0.047113992273807526 0.04598798602819443
9 0.6097405552864075 0.7510996460914612 0.06267871707677841 0.03990144655108452
9 0.7061312794685364 0.7289027571678162 0.032131098210811615 0.03755016252398491
9 0.6668630242347717 0.6947665214538574 0.02269926108419895 0.01822662353515625
9 0.7735094428062439 0.6852983832359314 0.0250688549131155 0.018932724371552467
9 0.7415309548377991 0.7987089157104492 0.08828506618738174 0.08279681205749512
9 0.5030906796455383 0.775856614112854 0.06532211601734161 0.05807476118206978
9 0.5633527040481567 0.6952367424964905 0.019462203606963158 0.017061710357666016
9 0.9244821667671204 0.6974353194236755 0.03725166246294975 0.03731832653284073
9 0.5418581366539001 0.7691802382469177 0.021875668317079544 0.05115079879760742
9 0.5145060420036316 0.7397087216377258 0.029920483008027077 0.018782520666718483
9 0.8687313795089722 0.6859450340270996 0.014169121161103249 0.023226451128721237
9 0.6168615221977234 0.6767322421073914 0.015268039889633656 0.013262748718261719
9 0.8211305737495422 0.6721150875091553 0.01996917650103569 0.011886882595717907
9 0.987862765789032 0.6610351800918579 0.02394409105181694 0.01614684984087944
9 0.7353794574737549 0.6860452890396118 0.011880874633789062 0.01054992713034153
9 0.8861604928970337 0.665195643901825 0.020558929070830345 0.01389093417674303
9 0.53641676902771 0.6982375979423523 0.009676456451416016 0.013365363702178001
9 0.2801685035228729 0.6971500515937805 0.036399126052856445 0.012627983465790749
9 0.6277900338172913 0.6656397581100464 0.011913681402802467 0.010348796844482422
