9 0.3439505994319916 0.677619457244873 0.2801298201084137 0.4131651520729065
9 0.7752463817596436 0.6363821029663086 0.15617398917675018 0.156886488199234
9 0.09608662128448486 0.6917682886123657 0.11707957088947296 0.184356689453125
9 0.5114408135414124 0.6611235737800598 0.07846908271312714 0.1752946823835373
9 0.18248800933361053 0.7170279026031494 0.17202500998973846 0.24075841903686523
9 0.5438138246536255 0.6607675552368164 0.14265652000904083 0.17454099655151367
9 0.6398088335990906 0.6443539261817932 0.12502440810203552 0.1527620255947113
9 0.8574219942092896 0.6269311308860779 0.09401168674230576 0.15166273713111877
9 0.5567950010299683 0.5763318538665771 0.04793586581945419 0.025720978155732155
9 0.2137918919324875 0.6118658781051636 0.07349219173192978 0.033461473882198334
