13 0.182037 0.808365 0.364075 0.380884
14 0.682222 0.668694 0.0651068 0.133767
13 0.874703 0.776769 0.172137 0.243568
14 0.535411 0.675867 0.0776344 0.159209
14 0.794581 0.692528 0.0825958 0.18377
13 0.535992 0.714047 0.0836214 0.133369
14 0.882524 0.708111 0.13691 0.286434
6 0.959888 0.69148 0.0802235 0.165956
14 0.105291 0.645724 0.048889 0.0975167
14 0.467979 0.643506 0.0265668 0.0600962
14 0.409362 0.672843 0.0608717 0.153123
14 0.606998 0.659659 0.0443498 0.110497
13 0.083163 0.764561 0.165845 0.204573
14 0.732133 0.655233 0.0417583 0.10845
