2 0.834647 0.823453 0.243348 0.205563
14 0.245218 0.63161 0.488001 0.70346
14 0.759714 0.36785 0.136052 0.391887
14 0.499322 0.383172 0.173257 0.446961
14 0.289766 0.37686 0.160817 0.448176
14 0.654425 0.363287 0.125285 0.386409
14 0.914062 0.40075 0.171876 0.381113
2 0.448313 0.777004 0.141745 0.188921
14 0.876503 0.345364 0.0808944 0.298533
14 0.560424 0.3496 0.0776125 0.356551
14 0.432895 0.354122 0.0659032 0.345712
14 0.357695 0.359962 0.0822437 0.342687
14 0.829412 0.334885 0.0580209 0.22902
