16 0.32131 0.928513 0.0880022 0.142975
16 0.716385 0.893739 0.0789659 0.157801
16 0.466164 0.736708 0.0969085 0.0866896
16 0.739011 0.807929 0.138373 0.113489
16 0.918977 0.676777 0.0895832 0.0506054
16 0.616811 0.77705 0.13778 0.103457
16 0.4656 0.889229 0.106173 0.109314
16 0.582318 0.817675 0.073927 0.131801
16 0.360669 0.757447 0.0831279 0.102496
16 0.885772 0.736947 0.0693786 0.0977229
16 0.944977 0.788395 0.0738642 0.100736
16 0.809728 0.74679 0.129807 0.0804698
16 0.305616 0.737666 0.0615718 0.0963611
16 0.943041 0.730997 0.0662959 0.0616284
16 0.502105 0.799699 0.0685607 0.120127
16 0.468155 0.692439 0.0757626 0.045689
16 0.960315 0.71797 0.063166 0.0788541
16 0.379281 0.708179 0.0632097 0.0561585
16 0.634968 0.703276 0.0685467 0.0541543
16 0.339381 0.698108 0.0374765 0.049259
16 0.560036 0.72222 0.0902044 0.0743684
16 0.741326 0.722054 0.125886 0.0877882
16 0.835827 0.817374 0.066732 0.116084
16 0.723704 0.72158 0.0932284 0.0841967
16 0.638755 0.727667 0.0661767 0.0354825
16 0.339743 0.695798 0.0362761 0.0492619
16 0.704261 0.784979 0.0733638 0.104618
