16 0.800251 0.787 0.146685 0.188407
16 0.908447 0.767883 0.147482 0.179205
16 0.102403 0.724576 0.151728 0.11647
16 0.442387 0.752465 0.210339 0.164287
16 0.626796 0.812903 0.134913 0.209756
16 0.532769 0.791825 0.11038 0.172394
16 0.277641 0.75281 0.135539 0.15218
16 0.919121 0.673433 0.0876013 0.0478142
16 0.0268033 0.704254 0.0536066 0.0967038
16 0.22461 0.727311 0.0962345 0.106662
16 0.132827 0.653341 0.0498366 0.0401482
16 0.962788 0.725185 0.0693954 0.0926353
16 0.0313789 0.702915 0.060772 0.101783
