16 0.172317 0.620842 0.271518 0.248699
16 0.680181 0.620154 0.103787 0.196866
16 0.837352 0.586862 0.251904 0.199296
16 0.400294 0.657327 0.257945 0.297556
16 0.964422 0.492446 0.0711568 0.0787019
16 0.573 0.569853 0.203735 0.180427
16 0.428827 0.562963 0.157222 0.184684
16 0.0534734 0.519028 0.106457 0.111989
16 0.235307 0.54231 0.0799758 0.149949
16 0.300526 0.54837 0.0924528 0.146271
16 0.907947 0.489673 0.0576752 0.0690526
16 0.341342 0.469813 0.0613137 0.0552623
16 0.0526502 0.462269 0.0791499 0.0431477
16 0.100664 0.527609 0.194992 0.120922
16 0.714971 0.508636 0.0814742 0.0588062
