16 0.677455 0.797148 0.245635 0.25683
16 0.862642 0.784065 0.199091 0.215101
16 0.235679 0.729585 0.112725 0.148749
16 0.529318 0.776923 0.10116 0.159411
16 0.171735 0.711645 0.0903763 0.131179
16 0.489614 0.747353 0.118871 0.153065
16 0.106025 0.712857 0.0699651 0.1205
16 0.397144 0.73945 0.12037 0.170567
16 0.365049 0.735192 0.184941 0.153353
16 0.319919 0.670523 0.0552835 0.0361604
16 0.318134 0.738979 0.0912937 0.129737
16 0.579071 0.77093 0.191283 0.172206
16 0.365445 0.733788 0.181149 0.153795
