16 0.762439 0.611995 0.241208 0.179255
16 0.380915 0.649819 0.144315 0.240482
16 0.214836 0.695352 0.214998 0.270351
16 0.498896 0.576363 0.131142 0.173275
16 0.604554 0.573275 0.153566 0.18715
16 0.965387 0.507061 0.0692267 0.0968926
16 0.184612 0.608676 0.188826 0.277268
16 0.885556 0.607339 0.121784 0.180013
16 0.715162 0.510244 0.0797599 0.0524851
16 0.0837879 0.517983 0.164883 0.132238
16 0.203268 0.50331 0.141649 0.0747158
16 0.356276 0.522536 0.178233 0.092871
16 0.820335 0.521487 0.165729 0.0683821
16 0.346595 0.480226 0.045437 0.0433959
