16 0.598951 0.801373 0.280084 0.228645
16 0.364366 0.739366 0.183177 0.220909
16 0.908709 0.718821 0.125183 0.135349
16 0.189795 0.701527 0.205749 0.144452
16 0.481534 0.596142 0.0767085 0.0608119
16 0.202659 0.601262 0.161548 0.0762975
16 0.496463 0.731064 0.153661 0.183714
16 0.391332 0.600638 0.110796 0.0843456
16 0.310852 0.618656 0.130788 0.0873443
16 0.164028 0.538322 0.0539853 0.0483735
16 0.645316 0.647018 0.10058 0.0922194
16 0.540136 0.651363 0.100925 0.0858734
16 0.696337 0.632935 0.0874097 0.0760637
