16 0.460422 0.72788 0.146905 0.156955
16 0.210695 0.595635 0.0549376 0.0556036
16 0.114153 0.590394 0.0602729 0.0722223
16 0.248584 0.680278 0.166051 0.134785
16 0.31782 0.644103 0.067204 0.0962345
16 0.632327 0.671158 0.167405 0.104396
16 0.836076 0.653307 0.103536 0.0962486
16 0.482929 0.611288 0.0987444 0.0769745
16 0.396975 0.60959 0.117242 0.0756256
16 0.802601 0.674271 0.0904082 0.0790527
16 0.91479 0.708202 0.0725908 0.11885
16 0.364148 0.607986 0.0550234 0.0737377
16 0.685909 0.626887 0.069444 0.0521401
16 0.914793 0.708104 0.0726156 0.117972
16 0.411239 0.60903 0.0856584 0.0737659
16 0.80229 0.676506 0.0884439 0.0763635
