16 0.624795 0.822516 0.33086 0.256474
16 0.912188 0.740601 0.128923 0.191485
16 0.3887 0.737575 0.21793 0.19303
16 0.07238 0.484686 0.063966 0.0660101
16 0.684683 0.658196 0.0893998 0.114427
16 0.185665 0.662687 0.143007 0.212513
16 0.346468 0.661624 0.228258 0.185314
16 0.389594 0.578584 0.225419 0.105484
16 0.140789 0.484707 0.0797065 0.0434828
16 0.116572 0.473384 0.0357556 0.0363833
16 0.416568 0.66885 0.299773 0.118843
16 0.142698 0.441097 0.0485787 0.0390083
16 0.463304 0.593384 0.16098 0.0681817
16 0.143142 0.524253 0.107136 0.072472
16 0.121169 0.585605 0.090664 0.109052
