16 0.568489 0.789389 0.233087 0.152908
16 0.901599 0.733705 0.0846326 0.11648
16 0.326083 0.747633 0.167676 0.130512
16 0.458404 0.74621 0.0962907 0.122581
16 0.0441751 0.673181 0.047625 0.0533845
16 0.111207 0.667339 0.0504608 0.0307845
16 0.116316 0.721362 0.108332 0.0966919
16 0.272219 0.673817 0.089843 0.0464158
16 0.18167 0.725188 0.13914 0.0922014
16 0.196081 0.668997 0.0450653 0.0357522
16 0.879417 0.678135 0.0633944 0.0470748
16 0.696049 0.770455 0.0781282 0.127141
16 0.158197 0.667992 0.0349947 0.0306837
16 0.227103 0.6573 0.0422893 0.0462865
16 0.0175163 0.742885 0.0350327 0.114329
16 0.0137849 0.672826 0.0275699 0.0434478
16 0.680188 0.688054 0.0661292 0.0553927
16 0.335483 0.666435 0.0451177 0.0419196
9 0.635985 0.666653 0.0617847 0.0427186
16 0.993234 0.720344 0.013527 0.0747544
16 0.380949 0.667746 0.046315 0.0376652
16 0.486336 0.708116 0.10672 0.072907
16 0.79481 0.676984 0.0836668 0.059307
9 0.44108 0.640586 0.0402552 0.0233306
16 0.635985 0.666653 0.0617847 0.0427186
9 0.983891 0.644812 0.0321807 0.0454463
9 0.540592 0.692061 0.071423 0.0659824
