16 0.477912 0.775392 0.120014 0.142103
16 0.21932 0.757459 0.142916 0.146193
16 0.107462 0.749674 0.136209 0.153353
16 0.827702 0.764421 0.0880691 0.146952
16 0.301482 0.767232 0.0720227 0.127125
16 0.581078 0.777907 0.0718294 0.129311
16 0.637456 0.764985 0.0794488 0.14365
16 0.901685 0.75433 0.112011 0.124568
16 0.366357 0.76612 0.0691916 0.123518
16 0.367912 0.769003 0.0695702 0.131269
16 0.700682 0.771011 0.0662279 0.128721
16 0.770309 0.767126 0.0711906 0.124073
16 0.581263 0.778296 0.0713554 0.130133
16 0.765757 0.766288 0.0722189 0.132515
16 0.641571 0.770694 0.0707942 0.127067
