16 0.605744 0.788187 0.182256 0.154173
16 0.897404 0.734425 0.0950385 0.114513
16 0.821227 0.770897 0.100313 0.137604
16 0.50656 0.800142 0.0757364 0.129606
16 0.701276 0.760924 0.0746082 0.123399
16 0.567892 0.692209 0.069783 0.0546141
16 0.504765 0.757664 0.175483 0.123176
16 0.281465 0.725082 0.101865 0.0808229
16 0.286459 0.723408 0.108229 0.0821371
16 0.867272 0.672029 0.0414488 0.0378814
16 0.632548 0.723043 0.0701154 0.0381982
16 0.192039 0.723309 0.0916161 0.0894052
16 0.384178 0.745984 0.181308 0.125959
16 0.00687474 0.732557 0.0137495 0.0624615
16 0.813888 0.669781 0.0419874 0.0340047
16 0.70286 0.764355 0.0734485 0.115198
