16 0.685099 0.89932 0.16564 0.201219
16 0.935227 0.833573 0.129546 0.146567
16 0.464645 0.763787 0.0974052 0.141805
16 0.837749 0.845216 0.0742467 0.169542
16 0.368251 0.765674 0.0723578 0.147342
16 0.0573671 0.673564 0.0711298 0.054431
16 0.519075 0.817769 0.0962956 0.164127
16 0.965953 0.913985 0.0680942 0.17203
16 0.945711 0.733844 0.0622778 0.0620659
16 0.540995 0.726697 0.0599876 0.0512397
16 0.582812 0.828752 0.078465 0.18296
16 0.28199 0.749545 0.11008 0.12762
16 0.773843 0.739025 0.207858 0.089364
16 0.958234 0.754325 0.0776671 0.0496187
16 0.193747 0.719557 0.096342 0.0995217
16 0.104214 0.724097 0.115409 0.0980126
16 0.0213706 0.746725 0.0427413 0.111818
16 0.272154 0.673827 0.0889989 0.0522023
16 0.180705 0.635403 0.0582579 0.0496089
16 0.744871 0.842617 0.122552 0.177496
16 0.272052 0.745113 0.0865254 0.1138
16 0.961047 0.70684 0.0614066 0.0552063
16 0.958662 0.754419 0.0765594 0.0497883
16 0.108975 0.667518 0.0643492 0.0328372
16 0.0143665 0.677607 0.0287329 0.0473332
16 0.103625 0.7237 0.116374 0.0980264
16 0.637553 0.796149 0.193401 0.136217
16 0.883151 0.725945 0.0815656 0.102734
16 0.152503 0.665065 0.0519293 0.0311021
16 0.0217778 0.746368 0.0435555 0.113615
16 0.196172 0.667623 0.0523233 0.0338778
