16 0.817649 0.745588 0.224723 0.267953
16 0.806178 0.63394 0.109671 0.0759703
16 0.640051 0.662822 0.110374 0.106104
16 0.209936 0.749507 0.160021 0.165504
16 0.341846 0.768757 0.210487 0.24906
16 0.558585 0.669227 0.113709 0.132975
16 0.167218 0.710985 0.229696 0.128455
16 0.98103 0.646874 0.037941 0.110134
16 0.681455 0.647622 0.093175 0.105485
16 0.0428624 0.657983 0.072127 0.086718
16 0.091455 0.659599 0.169951 0.0862293
16 0.683013 0.644912 0.0926426 0.102394
16 0.356246 0.668103 0.104077 0.0475236
16 0.859508 0.618082 0.0683585 0.0697437
