16 0.624727 0.816881 0.321655 0.229338
16 0.237844 0.664806 0.237421 0.203373
16 0.386217 0.727454 0.232382 0.199319
16 0.912917 0.733341 0.126802 0.177524
16 0.370942 0.595268 0.149099 0.119332
16 0.167916 0.514158 0.0915936 0.045867
16 0.172888 0.603175 0.186896 0.159162
16 0.664647 0.6355 0.131362 0.124977
16 0.786739 0.624657 0.0803566 0.0643356
16 0.298038 0.520013 0.124359 0.0780592
16 0.501795 0.664173 0.111513 0.11216
16 0.485654 0.587447 0.102198 0.0836235
16 0.48642 0.591164 0.102375 0.0747188
16 0.279597 0.519773 0.0922504 0.0769375
16 0.537558 0.563676 0.150694 0.090197
16 0.62859 0.563956 0.0519113 0.0437672
16 0.245875 0.543576 0.0438915 0.0379384
