16 0.752902 0.795912 0.0825146 0.0728137
16 0.514154 0.773111 0.0725435 0.0603157
16 0.839101 0.804142 0.057694 0.0725596
16 0.4529 0.880592 0.0874753 0.0789288
16 0.614735 0.759383 0.0521047 0.0563641
16 0.692669 0.767669 0.0955197 0.062666
16 0.781493 0.703133 0.0571297 0.0445178
16 0.0932866 0.791059 0.07664 0.0605806
16 0.395555 0.743258 0.0461621 0.0391036
16 0.348377 0.742995 0.0545592 0.045433
16 0.579205 0.739882 0.0567016 0.0503008
16 0.876005 0.707241 0.0648632 0.0323463
16 0.489012 0.737115 0.054945 0.0426461
16 0.709042 0.725733 0.0499115 0.0436924
16 0.838252 0.685348 0.0548552 0.0424577
16 0.918671 0.727849 0.0509203 0.0590372
16 0.648964 0.730208 0.0410415 0.0315384
16 0.805489 0.745502 0.0679308 0.0528288
16 0.557372 0.714045 0.0639301 0.0459097
16 0.835285 0.745716 0.124748 0.0616044
16 0.830887 0.76802 0.035298 0.0202597
16 0.644597 0.700534 0.0631452 0.0365889
16 0.253548 0.783831 0.0520141 0.0510883
16 0.922555 0.694831 0.0431075 0.0311701
