16 0.813281 0.738373 0.226461 0.214097
16 0.3597 0.768622 0.251969 0.242757
16 0.544998 0.666558 0.134382 0.118999
16 0.913938 0.62989 0.0900166 0.09336
16 0.846973 0.623148 0.0709427 0.0782329
16 0.656999 0.663615 0.111973 0.105785
16 0.222367 0.731692 0.198174 0.202266
16 0.97833 0.649983 0.0433397 0.104748
16 0.788103 0.628266 0.0664041 0.0672597
16 0.116824 0.706274 0.111427 0.1306
16 0.0213821 0.649943 0.0426463 0.0763176
16 0.0554479 0.658966 0.0687236 0.0812821
16 0.102557 0.659667 0.162763 0.0847377
16 0.726143 0.64271 0.0710279 0.0944409
16 0.117418 0.705442 0.113684 0.130547
