16 0.918695 0.722666 0.0669947 0.0858823
16 0.32025 0.751181 0.117057 0.101374
16 0.458705 0.756938 0.126449 0.103388
16 0.127076 0.718209 0.062597 0.0823254
16 0.29249 0.673923 0.0884295 0.054924
16 0.214782 0.720267 0.145514 0.0786479
16 0.196887 0.666328 0.0562333 0.0440594
16 0.536389 0.689887 0.0788198 0.045651
16 0.535898 0.73948 0.081534 0.0838098
16 0.598219 0.754902 0.130874 0.0868054
16 0.682153 0.68404 0.0691469 0.0550746
16 0.0193294 0.717155 0.0386587 0.0800883
16 0.63149 0.672629 0.0676111 0.0440853
16 0.797741 0.677004 0.0842098 0.0640665
16 0.125912 0.668704 0.0359864 0.0299446
9 0.797741 0.677004 0.0842098 0.0640665
16 0.556937 0.759696 0.0478031 0.081602
