16 0.208905 0.715333 0.127027 0.112677
16 0.603656 0.779257 0.172514 0.165026
16 0.457307 0.752685 0.0786466 0.132259
16 0.303616 0.749211 0.0699939 0.13105
16 0.370976 0.749695 0.0811522 0.138619
16 0.508712 0.786104 0.0731665 0.141732
16 0.82737 0.771142 0.0880289 0.137644
16 0.748369 0.732917 0.115854 0.118884
16 0.946559 0.668523 0.0969333 0.0453247
16 0.86835 0.729293 0.0722386 0.109181
16 0.0579803 0.670128 0.0714019 0.0410485
16 0.702933 0.765359 0.0731375 0.119776
16 0.13121 0.715874 0.10532 0.108227
16 0.938116 0.737195 0.077033 0.11215
16 0.962085 0.722426 0.0728263 0.0832815
16 0.685594 0.747717 0.107289 0.158088
16 0.0170204 0.677705 0.0340408 0.0470699
16 0.014879 0.680241 0.029758 0.051604
16 0.0568509 0.724273 0.112675 0.0925176
