16 0.499364 0.775594 0.0740007 0.153531
16 0.131874 0.715938 0.119453 0.113221
16 0.582237 0.770488 0.0712952 0.142638
16 0.371762 0.750625 0.0816567 0.144234
16 0.872081 0.734551 0.0606098 0.10543
16 0.22043 0.723545 0.100001 0.124528
16 0.637768 0.765718 0.0847916 0.155159
16 0.441281 0.741112 0.0597438 0.142476
16 0.322464 0.731141 0.117 0.1383
16 0.806018 0.757314 0.13073 0.154587
16 0.692736 0.754354 0.091207 0.144825
16 0.726127 0.730744 0.0792825 0.114854
16 0.692551 0.754432 0.0926732 0.143957
