16 0.115929 0.57142 0.0519373 0.0818679
16 0.779683 0.585116 0.121708 0.0959277
16 0.414426 0.51404 0.0747251 0.0728239
16 0.484001 0.60424 0.105951 0.0907155
16 0.582871 0.56579 0.123042 0.104404
16 0.123612 0.492957 0.0914848 0.0590246
16 0.384826 0.606426 0.120415 0.0894028
16 0.887653 0.542695 0.107857 0.0835935
16 0.833583 0.559388 0.07763 0.067886
16 0.212886 0.597769 0.0539237 0.0865144
16 0.710351 0.481923 0.0644508 0.0684677
16 0.282955 0.517771 0.133499 0.0838441
16 0.318327 0.575674 0.109511 0.071868
16 0.77373 0.526177 0.0814444 0.0543346
16 0.619131 0.517438 0.0976213 0.0694393
16 0.707399 0.567271 0.079573 0.0794017
16 0.245807 0.507056 0.069943 0.0884598
16 0.316778 0.574373 0.107342 0.0694697
16 0.711796 0.565185 0.0852917 0.083649
16 0.172569 0.542214 0.0887271 0.103936
16 0.320228 0.577411 0.10706 0.0708517
16 0.726815 0.515505 0.0594062 0.0452377
