16 0.764399 0.584096 0.243234 0.193832
16 0.189667 0.572908 0.13732 0.16619
16 0.286119 0.524459 0.129008 0.103088
16 0.412787 0.52359 0.0663147 0.0927965
16 0.588424 0.475113 0.0644619 0.0572466
16 0.520505 0.479319 0.0543613 0.0800952
16 0.114403 0.493799 0.131126 0.0763632
16 0.620351 0.518438 0.0781579 0.0914796
16 0.694126 0.488469 0.0764655 0.0789141
16 0.288819 0.45673 0.0556306 0.0440446
16 0.72138 0.496166 0.0508451 0.0614593
16 0.411644 0.465442 0.0507886 0.0440424
16 0.456332 0.4701 0.034188 0.0579708
16 0.344488 0.498008 0.0450143 0.0769081
16 0.366575 0.458651 0.0430686 0.0454765
16 0.226351 0.497915 0.0405462 0.0709951
14 0.35821 0.411637 0.0306283 0.0423678
