16 0.277209 0.709267 0.378158 0.324929
16 0.741914 0.61382 0.250068 0.189122
16 0.60123 0.545615 0.140619 0.141456
16 0.46792 0.583577 0.18997 0.156402
16 0.783797 0.511847 0.217882 0.0669131
16 0.506224 0.502046 0.0789165 0.0496616
16 0.337559 0.527853 0.263733 0.114278
16 0.0150952 0.525317 0.0301903 0.0975141
16 0.915578 0.490982 0.168845 0.085068
16 0.86255 0.49595 0.0615864 0.0497833
16 0.885816 0.587057 0.116886 0.144617
16 0.0502196 0.490291 0.100439 0.0750816
16 0.192079 0.540059 0.0839968 0.0596018
16 0.172909 0.6396 0.187693 0.265157
16 0.476155 0.471004 0.0905195 0.0818971
16 0.963946 0.496956 0.0721071 0.069617
