16 0.589824 0.777474 0.23909 0.18467
16 0.860783 0.739312 0.177449 0.123049
16 0.279419 0.753833 0.122971 0.142336
16 0.173197 0.732573 0.161832 0.149446
16 0.365106 0.765065 0.0704663 0.143959
16 0.486552 0.752853 0.138449 0.15549
6 0.509531 0.625892 0.0460588 0.0267133
16 0.757667 0.759589 0.241302 0.171582
16 0.416868 0.733559 0.0914578 0.13429
16 0.706298 0.759921 0.156417 0.171168
16 0.811004 0.696551 0.0850627 0.0392567
16 0.653368 0.69092 0.0599983 0.0496522
16 0.812021 0.697293 0.086315 0.0404729
