16 0.914244 0.815255 0.171511 0.352728
16 0.42359 0.830801 0.221396 0.336036
16 0.661471 0.84511 0.23718 0.309781
16 0.164643 0.794127 0.328112 0.41006
16 0.737518 0.763187 0.22611 0.330475
16 0.899844 0.766043 0.200243 0.377917
16 0.74185 0.550314 0.296694 0.158727
16 0.247704 0.750677 0.495409 0.454822
16 0.897889 0.735144 0.204222 0.325543
16 0.641033 0.796545 0.269409 0.391883
16 0.404185 0.768623 0.279147 0.428123
16 0.643567 0.782783 0.267384 0.372335
16 0.173363 0.735616 0.346727 0.455073
