14 0.162909 0.364168 0.166334 0.156159
14 0.25631 0.289657 0.166395 0.283198
14 0.428606 0.282552 0.136475 0.255007
14 0.117505 0.245847 0.146631 0.344665
16 0.488498 0.679181 0.972596 0.637012
14 0.57186 0.281591 0.130593 0.208363
14 0.936176 0.280337 0.127648 0.255243
14 0.309921 0.268895 0.104002 0.238543
14 0.500812 0.290729 0.0865582 0.221276
14 0.704267 0.306342 0.154605 0.292566
14 0.819658 0.289732 0.163137 0.277746
14 0.371678 0.203886 0.0602318 0.0882442
16 0.102607 0.694066 0.20317 0.578295
14 0.0415717 0.468307 0.0815557 0.813398
