16 0.778602 0.759546 0.195136 0.176788
16 0.146533 0.722294 0.143788 0.150233
16 0.890778 0.736367 0.114535 0.127839
16 0.599091 0.777201 0.218383 0.219006
16 0.309081 0.750313 0.0768949 0.133159
16 0.233432 0.72884 0.118403 0.153069
16 0.397768 0.734821 0.137158 0.167176
16 0.505674 0.749905 0.147722 0.171457
16 0.823639 0.683846 0.0526099 0.059778
16 0.63951 0.73482 0.164192 0.149386
16 0.186948 0.655681 0.0436425 0.0286212
16 0.268971 0.660403 0.0420042 0.0256901
16 0.82409 0.684174 0.0553996 0.0571994
16 0.701719 0.67386 0.04464 0.037474
16 0.852922 0.690115 0.0354769 0.0311961
16 0.60065 0.674312 0.0743863 0.0489028
16 0.126085 0.668449 0.0426324 0.0222311
16 0.22561 0.664971 0.0389933 0.0294039
