16 0.924774 0.723899 0.0984401 0.16011
16 0.541349 0.772948 0.110518 0.183053
16 0.18763 0.737145 0.104222 0.185409
16 0.342716 0.761771 0.114583 0.203186
6 0.899795 0.554328 0.118154 0.0823064
16 0.618819 0.805255 0.120379 0.228862
16 0.102105 0.736234 0.102283 0.176394
16 0.470642 0.751931 0.0825123 0.169067
16 0.701922 0.744336 0.147248 0.214675
16 0.826004 0.735021 0.149875 0.20428
16 0.413724 0.724179 0.0956813 0.170713
16 0.276299 0.716214 0.0972519 0.1744
16 0.826073 0.735141 0.150184 0.20588
16 0.903615 0.64138 0.0636196 0.0441139
16 0.647174 0.736558 0.266764 0.213577
16 0.339874 0.70784 0.21215 0.161573
