17 0.190383 0.759188 0.365908 0.312266
17 0.837504 0.769143 0.324687 0.302297
15 0.59349 0.620309 0.0710561 0.0727134
15 0.779497 0.629866 0.0453146 0.0543721
15 0.676218 0.622945 0.0491916 0.0725935
15 0.735747 0.629467 0.0444703 0.0558402
15 0.532204 0.689737 0.124517 0.105402
15 0.243355 0.62003 0.0822413 0.0764737
15 0.25153 0.619481 0.0983508 0.0784926
15 0.485738 0.611279 0.0773528 0.0828824
15 0.279002 0.62705 0.0426123 0.0579332
15 0.484481 0.583822 0.078757 0.139712
15 0.0584537 0.461178 0.11527 0.520759
15 0.0587223 0.466622 0.115928 0.531684
