15 0.744595 0.697741 0.067658 0.0904537
14 0.536627 0.724089 0.0838898 0.180139
15 0.197156 0.707173 0.107206 0.122171
14 0.409055 0.703414 0.0405577 0.104632
15 0.365654 0.685511 0.0482782 0.0540966
1 0.537299 0.794972 0.064742 0.161359
15 0.806805 0.706744 0.0856868 0.107902
14 0.66839 0.690165 0.0316492 0.082211
14 0.273539 0.723335 0.0639908 0.168137
15 0.87513 0.730356 0.0717563 0.0750886
15 0.314856 0.677151 0.0533304 0.112214
15 0.874972 0.729798 0.0725825 0.0752133
15 0.807319 0.706212 0.0817211 0.109126
14 0.273908 0.723658 0.0636644 0.167229
