6 0.132125 0.709205 0.211441 0.132387
5 0.501512 0.608319 0.203353 0.272219
6 0.305607 0.666812 0.0623204 0.0489843
14 0.0254201 0.68325 0.0479693 0.12683
6 0.638117 0.664228 0.0804675 0.0933171
6 0.200391 0.69754 0.0803207 0.112561
6 0.243378 0.675224 0.0918814 0.0870725
14 0.82589 0.679845 0.0356909 0.0857291
14 0.980232 0.694932 0.0395355 0.153854
14 0.980159 0.695242 0.0396814 0.153115
6 0.636907 0.664209 0.0789104 0.0927021
6 0.385945 0.659484 0.0354297 0.0342288
6 0.243344 0.67334 0.0969424 0.0872692
