14 0.603283 0.663127 0.0478591 0.127201
14 0.79869 0.69886 0.0893978 0.267915
14 0.904611 0.657047 0.0510654 0.12262
14 0.324026 0.483175 0.12334 0.230119
14 0.920483 0.742093 0.159034 0.253775
14 0.680849 0.664023 0.0431074 0.121076
14 0.563671 0.662539 0.0385925 0.122689
14 0.022529 0.679091 0.042796 0.130123
14 0.645862 0.658448 0.0327533 0.0963623
14 0.852573 0.646038 0.0568505 0.186321
14 0.508522 0.6611 0.0384135 0.111477
14 0.73015 0.668164 0.0387485 0.135533
14 0.537129 0.656039 0.0291034 0.102821
