14 0.850881 0.766676 0.203419 0.464381
14 0.127072 0.716507 0.253738 0.56479
14 0.422573 0.669834 0.0741935 0.232918
14 0.613548 0.692609 0.0882525 0.276235
14 0.173802 0.620948 0.0666311 0.135693
14 0.531238 0.712387 0.0920709 0.320777
14 0.666226 0.659328 0.0461978 0.175852
14 0.96519 0.629077 0.0356569 0.112118
14 0.362846 0.640854 0.0626315 0.166464
14 0.739344 0.635226 0.0530017 0.133565
14 0.253353 0.763015 0.156105 0.470818
14 0.98278 0.774257 0.0344398 0.451487
14 0.587456 0.579107 0.0407625 0.0587019
14 0.981811 0.682889 0.0363775 0.227311
