4 0.487227 0.733619 0.0856347 0.31926
4 0.383584 0.723308 0.086736 0.325164
4 0.739524 0.720499 0.0846256 0.316478
4 0.163726 0.72701 0.0856792 0.327714
4 0.820849 0.726723 0.0897801 0.330079
4 0.64082 0.731999 0.0895439 0.325091
4 0.949672 0.739609 0.100656 0.346878
4 0.0855084 0.719473 0.0836579 0.314479
4 0.569548 0.724895 0.0746804 0.315085
4 0.250626 0.730328 0.0876201 0.337437
4 0.886973 0.701855 0.0662253 0.292023
4 0.313298 0.714293 0.0682664 0.307332
4 0.0180999 0.708992 0.0351867 0.332665
4 0.0177637 0.718336 0.0349613 0.344658
4 0.250851 0.73041 0.0881224 0.33856
