6 0.510087 0.809961 0.102753 0.0837801
6 0.906818 0.803435 0.11443 0.0745159
6 0.841893 0.794242 0.0765267 0.0632111
6 0.0668897 0.800012 0.0680524 0.0569379
6 0.222092 0.79329 0.0919406 0.064167
6 0.0380562 0.810942 0.0761125 0.0773647
6 0.74501 0.792031 0.0666794 0.0440201
6 0.67709 0.782577 0.0435213 0.0366683
6 0.289288 0.786045 0.0481317 0.0424408
6 0.465904 0.773461 0.0480766 0.0359876
6 0.792545 0.795387 0.04643 0.051213
6 0.229186 0.792524 0.101764 0.0638102
6 0.330142 0.781796 0.0323641 0.030925
6 0.00847338 0.829013 0.0169468 0.0879009
