6 0.500232 0.625435 0.0666514 0.0270984
9 0.0418229 0.662337 0.0610853 0.0843481
9 0.584386 0.661747 0.0669242 0.0595469
9 0.656573 0.684941 0.107877 0.0714061
16 0.135705 0.650207 0.0396094 0.0600791
9 0.177062 0.64664 0.0646869 0.0522779
9 0.429538 0.683824 0.108651 0.081031
9 0.249782 0.660213 0.112933 0.0697725
9 0.357684 0.647081 0.0651995 0.0424381
9 0.517119 0.663682 0.0757675 0.0657582
16 0.793804 0.680503 0.0803457 0.0679676
9 0.0976243 0.647606 0.0603132 0.0495003
9 0.70346 0.659385 0.112292 0.0620005
9 0.987325 0.665072 0.0253505 0.0417896
12 0.656573 0.684941 0.107877 0.0714061
9 0.835507 0.668368 0.0810458 0.0582271
12 0.429538 0.683824 0.108651 0.081031
9 0.891432 0.64699 0.0312721 0.0329084
16 0.910854 0.694258 0.0748529 0.0831007
