8 0.824151 0.780593 0.139342 0.176929
8 0.27623 0.760415 0.127183 0.149781
14 0.564459 0.647954 0.0326364 0.091443
14 0.102517 0.649395 0.0598481 0.0834116
14 0.499209 0.661821 0.0391096 0.100353
14 0.406345 0.689739 0.0714354 0.164467
14 0.684232 0.669883 0.0521025 0.130906
14 0.964609 0.730727 0.0707815 0.248521
14 0.162912 0.647998 0.0540055 0.0768047
8 0.357559 0.738053 0.0679062 0.131119
14 0.281977 0.702953 0.0850255 0.200837
14 0.820566 0.72175 0.132432 0.242561
14 0.897888 0.659162 0.0491051 0.0914985
14 0.537784 0.648709 0.033439 0.0906704
14 0.735794 0.715482 0.0616899 0.201038
14 0.634542 0.656213 0.0444174 0.0963566
14 0.355276 0.698468 0.0564008 0.162163
14 0.466356 0.661303 0.041485 0.111214
8 0.966197 0.781601 0.067605 0.190447
14 0.737124 0.709908 0.0628015 0.193155
14 0.605218 0.648025 0.0324246 0.0946732
14 0.217827 0.649429 0.0746239 0.0829052
8 0.736747 0.759387 0.0620679 0.150365
