8 0.134598 0.875303 0.136407 0.229703
14 0.933325 0.78869 0.13335 0.271341
14 0.0958213 0.819223 0.187876 0.330789
14 0.505489 0.659642 0.0414708 0.115897
8 0.95969 0.878395 0.0806205 0.213455
14 0.888184 0.682369 0.0589013 0.0798676
14 0.731915 0.698542 0.0564888 0.146266
14 0.607187 0.660807 0.0379261 0.113778
14 0.56431 0.654697 0.032967 0.0936285
14 0.263027 0.738097 0.0800908 0.188919
14 0.404332 0.687557 0.0570917 0.141812
14 0.536997 0.652906 0.0313667 0.0963442
14 0.360436 0.709409 0.0611368 0.139207
8 0.301671 0.784676 0.0824826 0.165214
14 0.675703 0.679367 0.0494429 0.114019
14 0.822039 0.678325 0.0558751 0.0777452
14 0.0425221 0.706842 0.0822632 0.116339
14 0.779672 0.706365 0.0516045 0.166294
10 0.0352381 0.884988 0.0699394 0.21105
14 0.700241 0.669164 0.0266109 0.0955059
14 0.183949 0.736889 0.0484434 0.186323
8 0.858616 0.801062 0.0588384 0.145188
10 0.0362905 0.876757 0.0720541 0.203734
14 0.189965 0.743991 0.0607339 0.200679
14 0.313952 0.655373 0.037183 0.0618333
14 0.924282 0.661555 0.0387158 0.0489677
14 0.207638 0.744682 0.0900418 0.201153
