8 0.786992 0.861718 0.139052 0.206572
8 0.314393 0.757985 0.122295 0.15897
8 0.789319 0.704299 0.0856877 0.105551
8 0.587055 0.881738 0.175241 0.234839
8 0.439724 0.751028 0.11402 0.157927
8 0.474923 0.829256 0.083354 0.226616
10 0.386696 0.746152 0.22278 0.166647
8 0.586607 0.8808 0.177331 0.23662
15 0.806719 0.964563 0.307927 0.0708739
10 0.624444 0.833353 0.341003 0.241182
15 0.950629 0.601751 0.0987428 0.175118
8 0.651574 0.696945 0.104358 0.0616656
8 0.648041 0.695911 0.100048 0.0629855
8 0.789653 0.700426 0.0839235 0.0963086
