8 0.233708 0.785938 0.163166 0.20915
8 0.822838 0.786946 0.145611 0.207572
14 0.5021 0.616544 0.0450631 0.0894661
10 0.878758 0.791611 0.242485 0.217058
15 0.939032 0.651792 0.121936 0.110728
14 0.562592 0.612988 0.0298478 0.0773099
8 0.337459 0.714636 0.0906826 0.124544
8 0.972553 0.772722 0.0548944 0.184368
8 0.722304 0.71013 0.0744436 0.119478
8 0.726587 0.712664 0.0767328 0.117274
10 0.20299 0.782787 0.230699 0.210684
8 0.397822 0.674371 0.05479 0.0979442
8 0.835687 0.756993 0.0949218 0.203367
6 0.0787 0.382784 0.0934084 0.0305703
