8 0.209294 0.823421 0.027814 0.017679
8 0.629156 0.703745 0.029266 0.008834
3 0.867574 0.614080 0.198273 0.074931
8 0.383490 0.933090 0.039002 0.022284
3 0.299169 0.737667 0.112530 0.080111
3 0.151867 0.751538 0.057771 0.055492
2 0.675827 0.390521 0.615486 0.213927
2 0.258992 0.454174 0.467990 0.302744
3 0.967350 0.749044 0.065300 0.069362
4 0.183727 0.703734 0.367454 0.592533
3 0.342291 0.788663 0.216844 0.103164
3 0.789656 0.661787 0.193937 0.111730
4 0.091016 0.572316 0.182031 0.268475
3 0.605271 0.859921 0.327185 0.169248
