5 0.253201 0.545083 0.039714 0.041352
12 0.706750 0.543426 0.031323 0.045333
8 0.352557 0.580926 0.021198 0.018796
10 0.662529 0.622861 0.025203 0.017167
8 0.409828 0.667565 0.033750 0.030000
8 0.456422 0.635556 0.033375 0.018444
12 0.728841 0.476153 0.028974 0.027546
8 0.358172 0.654954 0.017188 0.017000
12 0.399482 0.586060 0.027120 0.026991
10 0.478786 0.695907 0.025052 0.022315
12 0.388648 0.581602 0.023880 0.029093
12 0.723789 0.597319 0.036193 0.043954
12 0.681826 0.476435 0.029401 0.024333
12 0.552396 0.495389 0.031542 0.020315
8 0.320516 0.594167 0.036938 0.027667
10 0.843805 0.600889 0.021005 0.026333
8 0.373828 0.658454 0.025625 0.019778
12 0.754036 0.616657 0.042562 0.038111
12 0.634589 0.584491 0.040115 0.033019
8 0.549047 0.665278 0.031250 0.019222
12 0.232727 0.549171 0.034141 0.033806
12 0.374792 0.578134 0.024615 0.030269
12 0.544966 0.587972 0.025370 0.029370
8 0.353859 0.602500 0.033250 0.025444
12 0.526622 0.587167 0.026901 0.021407
12 0.007911 0.687912 0.015823 0.019343
12 0.614102 0.607574 0.031766 0.030926
8 0.380005 0.699519 0.031563 0.024333
10 0.261729 0.654361 0.043854 0.036296
10 0.579352 0.644366 0.021891 0.019657
4 0.428635 0.458736 0.065177 0.207306
12 0.551969 0.565329 0.030031 0.029806
12 0.009107 0.641685 0.018214 0.056759
12 0.544594 0.474986 0.052844 0.054639
12 0.759357 0.547940 0.044401 0.051491
12 0.615326 0.577792 0.030672 0.030194
8 0.438109 0.677287 0.037062 0.023444
4 0.581177 0.467403 0.061813 0.163380
10 0.649513 0.596176 0.022109 0.018741
8 0.416422 0.625278 0.034250 0.020778
12 0.621703 0.470301 0.074719 0.052454
12 0.498307 0.577829 0.028250 0.025880
8 0.368516 0.609370 0.030187 0.020593
12 0.917315 0.553074 0.040859 0.031889
12 0.639073 0.651009 0.036625 0.036444
8 0.485419 0.618750 0.028891 0.015593
8 0.418630 0.713352 0.029687 0.021333
12 0.765284 0.580704 0.024693 0.033963
8 0.390047 0.663565 0.030188 0.023333
10 0.567336 0.637157 0.024984 0.024370
8 0.647089 0.617815 0.023656 0.022796
8 0.467203 0.639889 0.033563 0.016667
12 0.282341 0.618306 0.031839 0.034463
10 0.766133 0.645375 0.023880 0.021713
8 0.516797 0.651667 0.034250 0.031556
8 0.483172 0.641611 0.031625 0.017222
8 0.478771 0.576444 0.029792 0.016926
12 0.415143 0.589986 0.030734 0.026991
12 0.655760 0.657120 0.028000 0.026889
12 0.068047 0.624972 0.050323 0.050463
8 0.324953 0.639676 0.029000 0.021111
8 0.233258 0.581958 0.015568 0.023898
4 0.524336 0.521032 0.035995 0.103991
8 0.529859 0.662222 0.045000 0.023333
12 0.716443 0.575787 0.024323 0.017815
10 0.225289 0.641287 0.051370 0.026074
12 0.587469 0.575704 0.018365 0.027630
12 0.734018 0.574213 0.032057 0.024630
8 0.438138 0.600602 0.023807 0.020704
12 0.666362 0.560917 0.025870 0.022667
12 0.701823 0.591662 0.031521 0.049620
12 0.632966 0.684523 0.037734 0.039694
12 0.213003 0.571421 0.033609 0.044028
8 0.298693 0.668241 0.031187 0.020444
10 0.594922 0.676944 0.024250 0.024556
12 0.450484 0.567625 0.032635 0.025546
12 0.451406 0.602634 0.030292 0.026602
4 0.487815 0.502093 0.040859 0.126111
12 0.920990 0.367278 0.009115 0.008981
12 0.600503 0.640301 0.034568 0.040880
10 0.283036 0.657685 0.032750 0.028222
12 0.015385 0.670931 0.030771 0.027509
8 0.397891 0.618889 0.033063 0.017556
8 0.491766 0.650167 0.049687 0.021889
12 0.425536 0.594574 0.030438 0.028037
10 0.343953 0.644343 0.045625 0.030000
12 0.532880 0.624778 0.031687 0.034722
8 0.468299 0.572458 0.028745 0.018120
12 0.564497 0.576028 0.021807 0.024130
10 0.307266 0.632398 0.034375 0.026111
12 0.695583 0.566287 0.025354 0.021889
12 0.815977 0.563662 0.037401 0.046843
10 0.581708 0.600657 0.034562 0.016259
8 0.306849 0.673907 0.034500 0.017778
12 0.510440 0.618421 0.027641 0.031176
12 0.508781 0.582856 0.025490 0.019324
8 0.344068 0.687296 0.035812 0.018333
8 0.443130 0.723185 0.031062 0.024333
12 0.683792 0.535366 0.026385 0.039176
12 0.495396 0.487968 0.066687 0.057546
10 0.681065 0.626005 0.027641 0.023454
12 0.875982 0.604222 0.017995 0.022704
8 0.383359 0.615611 0.033125 0.013889
10 0.559044 0.597843 0.030661 0.019278
10 0.808979 0.592440 0.025646 0.016509
4 0.898089 0.534662 0.030344 0.136528
8 0.425516 0.626833 0.035187 0.020778
12 0.630247 0.552463 0.022776 0.028296
12 0.555250 0.628903 0.031615 0.030917
10 0.825799 0.596190 0.027120 0.018213
8 0.455036 0.727963 0.025500 0.020778
8 0.333630 0.683019 0.032813 0.021333
10 0.677042 0.602792 0.022625 0.018861
8 0.361786 0.691574 0.032000 0.023111
10 0.564578 0.670167 0.029313 0.023889
10 0.468945 0.608792 0.041203 0.021102
12 0.595573 0.580398 0.024260 0.023037
10 0.621698 0.650676 0.038500 0.025556
12 0.293763 0.623019 0.025943 0.032630
12 0.731698 0.553708 0.033458 0.028694
12 0.723789 0.634111 0.032797 0.034148
4 0.532076 0.514745 0.030245 0.125139
8 0.404193 0.707407 0.033437 0.023222
12 0.798872 0.556505 0.027026 0.050880
8 0.441609 0.686676 0.033188 0.020444
4 0.661266 0.478468 0.027750 0.148898
12 0.610680 0.550759 0.030214 0.021222
12 0.697849 0.627106 0.022479 0.025435
8 0.474568 0.736907 0.031813 0.021333
8 0.464234 0.686398 0.032562 0.030333
8 0.395193 0.702407 0.034062 0.021222
4 0.512617 0.504606 0.042630 0.131509
10 0.237414 0.648495 0.053505 0.028694
8 0.322474 0.678741 0.031625 0.021222
12 0.843000 0.571301 0.034208 0.040509
12 0.509654 0.697565 0.050766 0.029407
8 0.633490 0.612380 0.025208 0.023981
12 0.648229 0.557310 0.027344 0.023065
