11 0.643379 0.498681 0.342125 0.282974
12 0.981669 0.666307 0.036661 0.061487
12 0.271350 0.490456 0.163530 0.141487
8 0.619792 0.743837 0.484121 0.133861
12 0.937133 0.563225 0.125735 0.135612
8 0.643211 0.830036 0.608403 0.198106
11 0.633602 0.477110 0.307524 0.177194
8 0.959968 0.917926 0.080064 0.164149
12 0.800527 0.660767 0.064888 0.089976
11 0.578578 0.548837 0.362141 0.247890
12 0.925407 0.553933 0.149185 0.111175
8 0.562580 0.682662 0.484137 0.129353
11 0.063866 0.492878 0.127732 0.215492
