3 0.694753 0.309428 0.016992 0.014808
8 0.175422 0.394436 0.039678 0.014640
4 0.832144 0.295083 0.006982 0.036753
9 0.176820 0.435157 0.059802 0.040883
3 0.745140 0.312664 0.020796 0.022722
9 0.967382 0.340020 0.022835 0.016951
8 0.692473 0.317166 0.006523 0.002216
9 0.162703 0.438988 0.068790 0.041124
4 0.735594 0.306890 0.008182 0.012979
3 0.236730 0.397483 0.093420 0.047414
3 0.775773 0.313476 0.028901 0.015364
10 0.792247 0.350235 0.015699 0.017388
9 0.821887 0.322574 0.011553 0.010023
3 0.867261 0.306265 0.008356 0.010003
4 0.962790 0.296310 0.012098 0.028142
8 0.191798 0.390546 0.018090 0.014987
10 0.579518 0.322688 0.017800 0.007467
7 0.022474 0.400686 0.014625 0.006405
9 0.981329 0.331873 0.015675 0.021723
3 0.948781 0.304291 0.017155 0.016128
9 0.944194 0.318763 0.013929 0.009815
9 0.585986 0.319193 0.008643 0.010099
7 0.257489 0.333104 0.006198 0.002973
3 0.922483 0.307555 0.015635 0.021531
8 0.147791 0.328132 0.018251 0.006885
4 0.906337 0.290685 0.017277 0.053036
9 0.918430 0.342389 0.018512 0.018760
8 0.723717 0.305081 0.007557 0.003694
10 0.897817 0.310544 0.011478 0.010367
3 0.486694 0.482060 0.728795 0.850556
8 0.567039 0.325380 0.004812 0.002612
11 0.636334 0.309886 0.025818 0.019203
3 0.847037 0.300084 0.009333 0.010863
4 0.676607 0.288715 0.025169 0.051200
3 0.773301 0.310909 0.034082 0.015747
3 0.878645 0.315959 0.033594 0.035787
9 0.007608 0.389000 0.015216 0.034018
9 0.594769 0.323133 0.009028 0.009024
4 0.705471 0.303021 0.005724 0.026346
3 0.948855 0.314987 0.020489 0.012507
9 0.199278 0.433828 0.055610 0.042741
