4 0.586929 0.382018 0.012066 0.029231
7 0.389065 0.529505 0.006103 0.011658
4 0.764779 0.354505 0.013959 0.039421
7 0.400224 0.509261 0.011243 0.015465
4 0.488211 0.371703 0.021316 0.076074
4 0.588707 0.351004 0.014099 0.035115
4 0.653620 0.345340 0.013701 0.029221
4 0.311825 0.389985 0.031086 0.080170
4 0.322802 0.420889 0.040857 0.091269
8 0.442192 0.509241 0.025638 0.026993
4 0.704885 0.338097 0.014462 0.031039
3 0.841092 0.616009 0.051534 0.057712
4 0.556727 0.355075 0.010039 0.040559
4 0.472984 0.408497 0.027413 0.086723
7 0.403821 0.529635 0.007867 0.011139
