10 0.674885 0.874931 0.052594 0.041991
12 0.897206 0.848421 0.060318 0.030639
4 0.714049 0.195565 0.007911 0.031778
12 0.815815 0.921190 0.073828 0.044824
4 0.156167 0.296995 0.039979 0.097491
12 0.820870 0.832968 0.049677 0.029509
12 0.907044 0.913944 0.043193 0.025148
12 0.819591 0.970255 0.071589 0.056713
10 0.912844 0.933421 0.066698 0.031583
10 0.562755 0.445620 0.020115 0.014333
12 0.925240 0.984819 0.074240 0.030361
12 0.930719 0.954972 0.092646 0.067167
12 0.817836 0.849704 0.054682 0.033852
12 0.668482 0.893569 0.074672 0.047676
10 0.657422 0.958069 0.058083 0.039694
12 0.972482 0.779301 0.055036 0.042435
4 0.981865 0.784745 0.036271 0.138657
10 0.660422 0.977157 0.075062 0.045685
12 0.979437 0.804148 0.041125 0.044926
12 0.816667 0.885829 0.078510 0.034231
6 0.469388 0.441366 0.011182 0.006935
12 0.815974 0.869750 0.060104 0.025148
4 0.236052 0.251514 0.024813 0.051194
12 0.910682 0.885296 0.078740 0.048037
4 0.140771 0.250833 0.032167 0.058556
6 0.442258 0.433093 0.006026 0.006778
4 0.137094 0.284056 0.025427 0.057463
12 0.902526 0.862037 0.069677 0.040093
4 0.247388 0.236264 0.021443 0.034306
12 0.821932 0.950787 0.069677 0.051444
4 0.035305 0.268532 0.025891 0.054194
12 0.817622 0.843088 0.043401 0.020991
3 0.598714 0.332523 0.051698 0.042435
12 0.922044 0.951278 0.084036 0.032185
12 0.817784 0.896986 0.066484 0.052009
12 0.665352 0.923972 0.054891 0.043574
