8 0.676175 0.563730 0.018500 0.006626
12 0.435417 0.543742 0.014750 0.008221
8 0.074413 0.681933 0.148825 0.072699
2 0.509100 0.483104 0.347217 0.130748
12 0.600067 0.544724 0.020417 0.008466
12 0.104967 0.550233 0.005267 0.007215
12 0.415633 0.647233 0.191350 0.092380
12 0.299379 0.571301 0.241908 0.064393
12 0.042646 0.636896 0.085292 0.103141
12 0.418558 0.774730 0.256417 0.175276
12 0.268658 0.694374 0.244683 0.119276
12 0.730342 0.543485 0.077667 0.046380
12 0.988617 0.547245 0.019333 0.020135
8 0.638021 0.914123 0.376125 0.096908
12 0.693571 0.715067 0.266508 0.162356
