3 0.054823 0.412765 0.109645 0.064592
4 0.133755 0.090872 0.016887 0.107990
3 0.316131 0.220939 0.078589 0.040367
3 0.060011 0.379250 0.120021 0.063765
4 0.598082 0.275495 0.095752 0.198969
3 0.930798 0.437755 0.100348 0.055898
3 0.598170 0.286286 0.093362 0.042327
3 0.183755 0.130827 0.028418 0.029204
3 0.115504 0.541531 0.152000 0.077878
3 0.457468 0.597546 0.158071 0.066051
4 0.919628 0.255403 0.074816 0.147969
3 0.465145 0.510842 0.148702 0.073276
3 0.567266 0.186480 0.065383 0.039735
3 0.627996 0.434153 0.138972 0.067735
4 0.715383 0.139862 0.035986 0.121398
3 0.950085 0.462582 0.099830 0.060245
3 0.130433 0.277913 0.141064 0.050133
3 0.481152 0.169158 0.066674 0.038071
4 0.485606 0.134862 0.059596 0.126255
3 0.944450 0.186332 0.066801 0.034827
3 0.877326 0.384837 0.099773 0.045592
4 0.168298 0.348571 0.134738 0.259837
4 0.866316 0.259418 0.070418 0.025776
3 0.840305 0.333679 0.072043 0.037133
3 0.857596 0.351015 0.102170 0.048806
3 0.572727 0.226918 0.074773 0.028265
3 0.827560 0.128944 0.031745 0.036378
12 0.992830 0.426658 0.014340 0.021602
10 0.146074 0.365699 0.017681 0.019316
3 0.472387 0.397357 0.117014 0.059918
4 0.302936 0.087281 0.016979 0.112622
3 0.613777 0.373872 0.120872 0.054500
3 0.513904 0.128031 0.018447 0.029204
4 0.630057 0.091082 0.025305 0.103347
3 0.207202 0.126964 0.029738 0.037316
3 0.572454 0.208388 0.070950 0.022306
3 0.940745 0.157378 0.074794 0.036367
4 0.793809 0.137913 0.059887 0.129133
3 0.928695 0.134122 0.019319 0.019163
3 0.488344 0.327173 0.080943 0.033020
8 0.127798 0.397286 0.028050 0.027490
10 0.530911 0.604301 0.016589 0.029990
3 0.629691 0.472740 0.134220 0.064806
3 0.471823 0.449786 0.132638 0.062531
3 0.276589 0.293403 0.085121 0.034112
3 0.195454 0.178561 0.146567 0.078592
3 0.134635 0.503536 0.138631 0.073541
4 0.296170 0.163791 0.084681 0.194235
3 0.080567 0.585765 0.161135 0.088204
4 0.712972 0.100459 0.016667 0.085939
4 0.787287 0.107719 0.018858 0.068745
3 0.516184 0.155413 0.112227 0.029622
8 0.966688 0.381592 0.045589 0.036796
4 0.714592 0.138444 0.033950 0.099704
3 0.792011 0.263327 0.074660 0.042714
3 0.082489 0.128577 0.048355 0.034867
3 0.570160 0.172347 0.057411 0.014286
3 0.760195 0.225398 0.056433 0.032816
3 0.730805 0.132694 0.016901 0.021102
3 0.927557 0.345020 0.037369 0.029796
3 0.160610 0.123852 0.036809 0.044296
12 0.116656 0.221235 0.020546 0.007857
4 0.871816 0.202929 0.071674 0.164551
12 0.982450 0.539923 0.035099 0.047541
3 0.714245 0.174673 0.054248 0.021204
4 0.769131 0.105235 0.017128 0.077347
3 0.478638 0.223153 0.075858 0.031245
3 0.280723 0.162546 0.122993 0.079337
3 0.154862 0.228444 0.173950 0.067276
3 0.466957 0.559531 0.152326 0.058612
4 0.984599 0.142286 0.030801 0.088735
4 0.380337 0.098592 0.011142 0.082551
3 0.596259 0.131327 0.019426 0.026388
3 0.637844 0.531689 0.140553 0.078480
3 0.574046 0.128893 0.015610 0.024337
3 0.270007 0.130163 0.044014 0.034673
4 0.913794 0.119056 0.076227 0.147133
12 0.244316 0.235010 0.008461 0.015735
3 0.906262 0.129413 0.020965 0.029520
3 0.040486 0.453740 0.080972 0.064582
3 0.249351 0.342969 0.126787 0.065776
3 0.961947 0.351755 0.076106 0.049918
3 0.289553 0.258878 0.081972 0.033265
3 0.947631 0.131301 0.023362 0.028582
12 0.991862 0.190612 0.016277 0.020020
4 0.859255 0.181852 0.068085 0.155765
4 0.818518 0.160862 0.056738 0.126643
3 0.589525 0.312607 0.091163 0.032112
3 0.120660 0.302526 0.139574 0.054724
3 0.866039 0.131628 0.022830 0.024480
3 0.659950 0.612592 0.154000 0.084408
3 0.914294 0.415505 0.103922 0.048296
4 0.984979 0.097643 0.030043 0.096061
3 0.751816 0.127791 0.022525 0.033541
3 0.281642 0.322801 0.052787 0.025439
4 0.900216 0.245265 0.078121 0.131612
3 0.402950 0.125908 0.017461 0.030306
4 0.599883 0.256934 0.096645 0.162500
3 0.962645 0.503449 0.074709 0.051449
3 0.590844 0.262571 0.078043 0.043980
3 0.148968 0.253133 0.148277 0.065776
3 0.735142 0.202311 0.054794 0.037214
3 0.827004 0.220005 0.062092 0.031439
3 0.478599 0.264985 0.090376 0.043418
3 0.110284 0.328306 0.130142 0.053367
12 0.988901 0.585679 0.022199 0.043316
12 0.983787 0.390995 0.032426 0.054806
3 0.079635 0.349745 0.136149 0.060959
3 0.438262 0.129755 0.021716 0.030469
