3 0.435038 0.754634 0.330005 0.096524
3 0.764244 0.472002 0.114673 0.068930
3 0.088155 0.467770 0.160871 0.082092
3 0.319689 0.557159 0.132830 0.098779
3 0.596661 0.532045 0.256797 0.066083
3 0.450450 0.445084 0.068304 0.067300
3 0.865522 0.486585 0.129264 0.068521
3 0.259923 0.444804 0.113585 0.078399
3 0.962606 0.499587 0.074789 0.055180
3 0.271209 0.669896 0.270476 0.077504
3 0.881176 0.515531 0.081783 0.061740
3 0.829401 0.595884 0.257210 0.094710
3 0.909633 0.525709 0.074591 0.049980
3 0.852116 0.507275 0.093766 0.065131
