8 0.215137 0.738399 0.034004 0.013774
12 0.683789 0.767048 0.088867 0.050514
12 0.862812 0.722974 0.042461 0.031498
12 0.755513 0.717159 0.057939 0.042717
12 0.545264 0.734523 0.033887 0.021292
12 0.644155 0.797401 0.105889 0.064288
12 0.886997 0.789794 0.122627 0.075918
12 0.987588 0.693157 0.024824 0.026021
8 0.286719 0.723510 0.016992 0.005433
8 0.380322 0.766784 0.042871 0.014038
12 0.595801 0.755742 0.033984 0.032599
12 0.907739 0.715257 0.038389 0.025374
12 0.302246 0.738047 0.031250 0.014244
12 0.398145 0.731219 0.021680 0.023495
12 0.475537 0.734009 0.042480 0.035536
12 0.620996 0.757724 0.025391 0.024816
12 0.407764 0.756402 0.024707 0.018649
12 0.691699 0.734376 0.037109 0.025110
12 0.607178 0.736432 0.029199 0.020117
12 0.370605 0.746564 0.024805 0.018649
8 0.260298 0.747996 0.040771 0.011322
8 0.836797 0.763884 0.065254 0.033407
12 0.647754 0.742819 0.022656 0.027019
11 0.799424 0.716645 0.105098 0.073583
12 0.528809 0.760441 0.046875 0.026725
8 0.923916 0.746336 0.063418 0.024097
12 0.362695 0.736065 0.019141 0.010573
12 0.468359 0.751703 0.034375 0.019530
12 0.542920 0.781659 0.064941 0.042144
