7 0.773896 0.707476 0.088121 0.028049
4 0.465939 0.601613 0.023436 0.082583
4 0.062814 0.614598 0.029314 0.060965
7 0.163204 0.673746 0.011850 0.007771
7 0.373686 0.701013 0.019114 0.026163
7 0.607100 0.679802 0.037486 0.016409
10 0.254118 0.653033 0.043621 0.020364
7 0.216768 0.666838 0.017650 0.006066
4 0.013296 0.574459 0.026593 0.158692
7 0.705839 0.724100 0.077193 0.046184
7 0.277389 0.717251 0.052679 0.027428
7 0.185825 0.674502 0.030879 0.012690
7 0.541582 0.664995 0.023121 0.010718
7 0.051039 0.665900 0.102079 0.004920
7 0.074154 0.712996 0.086093 0.031393
4 0.183479 0.624705 0.005643 0.031833
7 0.594811 0.682481 0.039164 0.019153
4 0.144443 0.618650 0.035143 0.051876
7 0.299382 0.666849 0.025836 0.005681
12 0.448043 0.638296 0.012643 0.008574
4 0.091157 0.612647 0.015429 0.058307
4 0.188979 0.628349 0.004643 0.022186
7 0.324739 0.672503 0.010064 0.009636
10 0.042593 0.658140 0.042600 0.014394
4 0.371014 0.617395 0.011143 0.050911
4 0.173907 0.625509 0.008214 0.031083
4 0.196157 0.621329 0.017857 0.040729
7 0.674857 0.676956 0.042300 0.013783
7 0.342864 0.696752 0.020900 0.023323
7 0.448471 0.670911 0.008971 0.006238
4 0.029650 0.568639 0.059300 0.159636
7 0.925725 0.771822 0.148550 0.071897
7 0.474950 0.671897 0.018886 0.013462
