4 0.591352 0.376157 0.009755 0.050444
4 0.646154 0.364657 0.028641 0.057537
4 0.326977 0.439407 0.037276 0.093500
4 0.754771 0.389319 0.026604 0.068083
4 0.721208 0.411819 0.038625 0.090398
4 0.648724 0.391838 0.024385 0.071880
10 0.652786 0.525931 0.019531 0.014991
4 0.487224 0.410356 0.027448 0.067157
8 0.438742 0.528917 0.033693 0.019833
6 0.875224 0.482278 0.004979 0.009074
9 0.453482 0.548745 0.015297 0.017472
4 0.493023 0.437495 0.042870 0.081343
4 0.314341 0.407866 0.033953 0.081250
4 0.486266 0.442130 0.045104 0.129944
6 0.880401 0.475926 0.004979 0.009074
4 0.740344 0.373944 0.023115 0.052685
