12 0.434737 0.662463 0.083158 0.048042
12 0.724348 0.576484 0.103119 0.083656
8 0.721142 0.731548 0.034804 0.023197
10 0.354437 0.855475 0.092749 0.060799
12 0.158404 0.617917 0.051892 0.041129
10 0.393077 0.524126 0.060521 0.037263
4 0.580554 0.473961 0.070112 0.221568
12 0.552452 0.395440 0.071433 0.034635
4 0.526842 0.301658 0.060638 0.180180
4 0.489261 0.361548 0.058611 0.181918
8 0.799532 0.698866 0.045056 0.048042
10 0.160389 0.602253 0.056781 0.028322
4 0.548665 0.447263 0.067475 0.162218
4 0.525803 0.403611 0.075168 0.225485
12 0.944406 0.563202 0.050773 0.068841
12 0.305420 0.539885 0.067940 0.037453
4 0.589787 0.483492 0.090336 0.265884
12 0.413676 0.588931 0.071797 0.046733
12 0.317609 0.584895 0.063494 0.044256
12 0.443345 0.689585 0.085717 0.058492
12 0.816100 0.453611 0.043667 0.038771
10 0.965286 0.597338 0.050985 0.044825
12 0.404737 0.547922 0.077268 0.045954
12 0.899994 0.534456 0.050773 0.045774
12 0.656853 0.500994 0.095241 0.074515
12 0.379773 0.460360 0.046848 0.021379
12 0.307962 0.503856 0.051198 0.022498
12 0.151918 0.725075 0.074944 0.053926
12 0.329852 0.654865 0.075045 0.059760
4 0.635512 0.558197 0.079367 0.237253
8 0.782044 0.456943 0.026193 0.018961
12 0.165806 0.581693 0.061209 0.040030
4 0.612108 0.508586 0.095806 0.269021
10 0.160129 0.636224 0.068869 0.044775
12 0.749807 0.595275 0.110442 0.110789
12 0.583679 0.423052 0.075644 0.055235
8 0.490050 0.693347 0.026372 0.022877
12 0.391170 0.490714 0.069216 0.035934
12 0.572052 0.406389 0.088281 0.051299
10 0.165868 0.559311 0.068074 0.041119
12 0.138102 0.805689 0.059832 0.062088
12 0.472102 0.824066 0.083152 0.067972
12 0.145199 0.779406 0.064563 0.054196
12 0.381999 0.478611 0.061904 0.043117
12 0.305207 0.469630 0.043987 0.024016
12 0.303723 0.524755 0.072822 0.044635
12 0.637987 0.479266 0.088651 0.065684
12 0.787536 0.671094 0.080045 0.056533
12 0.850868 0.482637 0.051725 0.041978
8 0.348928 0.771648 0.056389 0.036883
4 0.657284 0.560060 0.101109 0.309211
12 0.322856 0.630285 0.066349 0.061269
4 0.456859 0.324081 0.069955 0.187582
12 0.455260 0.745305 0.085000 0.061439
12 0.621321 0.457857 0.086450 0.066004
12 0.341671 0.739121 0.076422 0.058062
12 0.828289 0.463631 0.051092 0.050879
12 0.417797 0.612298 0.072346 0.047712
12 0.162296 0.687767 0.079216 0.043027
4 0.514927 0.394980 0.070112 0.194895
12 0.538897 0.377632 0.062273 0.041499
12 0.412940 0.570475 0.081691 0.041828
12 0.768855 0.635964 0.091764 0.086274
10 0.571974 0.531169 0.055202 0.039081
12 0.347069 0.804840 0.089748 0.058272
12 0.878267 0.516399 0.052256 0.044825
12 0.606209 0.438736 0.091758 0.061109
4 0.445487 0.299755 0.072531 0.203926
10 0.411198 0.643506 0.042676 0.026474
10 0.683869 0.703931 0.081142 0.062088
12 0.676906 0.517333 0.084071 0.076464
10 0.731526 0.368037 0.023108 0.029500
12 0.476680 0.780764 0.112094 0.069600
12 0.335045 0.681723 0.069530 0.047283
12 0.305949 0.487498 0.051193 0.024206
12 0.310719 0.562862 0.067732 0.047083
12 0.691744 0.549031 0.079670 0.064056
10 0.142987 0.849530 0.076008 0.041938
12 0.317503 0.606928 0.071971 0.055035
10 0.145529 0.922557 0.137184 0.096404
12 0.924001 0.553936 0.049815 0.045395
