8 0.737771 0.243475 0.126129 0.098100
8 0.319771 0.299387 0.129494 0.124425
8 0.322341 0.169962 0.048141 0.073525
8 0.351788 0.155575 0.031812 0.051150
12 0.561300 0.166837 0.108741 0.076525
8 0.542765 0.270613 0.126659 0.098675
8 0.471776 0.143162 0.077129 0.108525
8 0.832624 0.477062 0.184235 0.193375
12 0.362312 0.091250 0.136129 0.167150
8 0.551165 0.806312 0.149812 0.158525
8 0.045253 0.123175 0.047471 0.047950
12 0.254576 0.082075 0.031718 0.028800
8 0.172494 0.400125 0.145953 0.067600
11 0.891724 0.213750 0.216553 0.427500
12 0.016729 0.314575 0.033459 0.119900
12 0.015153 0.181112 0.030306 0.149375
8 0.457071 0.525787 0.218541 0.067075
11 0.179735 0.128125 0.224835 0.256250
8 0.442218 0.347187 0.094718 0.104575
12 0.822841 0.200300 0.053918 0.062800
8 0.594324 0.185950 0.173706 0.111400
8 0.719971 0.112812 0.043141 0.043775
10 0.815071 0.100913 0.088306 0.106225
8 0.285476 0.210838 0.038482 0.031975
