10 0.392880 0.513259 0.023844 0.008981
6 0.451180 0.551667 0.011703 0.008519
10 0.394250 0.504375 0.022229 0.013380
4 0.665125 0.407949 0.039458 0.095046
4 0.485966 0.407083 0.028995 0.065259
4 0.564021 0.372644 0.021990 0.050602
4 0.311065 0.401912 0.038182 0.078769
4 0.763034 0.354361 0.022703 0.039574
4 0.650984 0.395736 0.023948 0.056435
8 0.439698 0.522884 0.031500 0.020250
4 0.657010 0.364532 0.026958 0.056750
6 0.330328 0.532866 0.011010 0.007880
6 0.484117 0.533069 0.010870 0.007880
4 0.326641 0.431750 0.038948 0.094889
4 0.750448 0.370282 0.025010 0.052491
