4 0.733422 0.635111 0.025875 0.067278
4 0.837562 0.636833 0.024844 0.075944
4 0.985063 0.629458 0.024688 0.082806
3 0.676977 0.661722 0.021672 0.016722
4 0.913633 0.635014 0.012922 0.059806
1 0.368625 0.445278 0.586375 0.492222
4 0.702773 0.636181 0.018109 0.067250
4 0.991711 0.634000 0.016578 0.075333
4 0.966664 0.630694 0.025141 0.073667
4 0.762695 0.638569 0.032672 0.066139
4 0.802250 0.629236 0.042688 0.086972
4 0.941602 0.629750 0.031672 0.082389
4 0.864531 0.638208 0.029875 0.071806
4 0.925437 0.638458 0.021656 0.072472
4 0.716445 0.641153 0.008734 0.052917
