12 0.636866 0.239327 0.022194 0.010999
4 0.390252 0.206150 0.039647 0.098855
4 0.636425 0.216279 0.035410 0.115006
8 0.448837 0.360685 0.077207 0.039843
8 0.684694 0.355017 0.066248 0.024534
12 0.568077 0.264411 0.045271 0.031987
8 0.758783 0.321246 0.058827 0.016813
10 0.353203 0.264388 0.045397 0.033401
4 0.778600 0.212323 0.024275 0.058361
8 0.586084 0.307250 0.075170 0.033962
4 0.472762 0.204332 0.024590 0.058316
8 0.320369 0.326700 0.056589 0.022873
10 0.844704 0.265763 0.036482 0.019495
12 0.613789 0.241459 0.027869 0.015488
12 0.678231 0.275286 0.068102 0.034590
12 0.505126 0.278541 0.036091 0.040808
8 0.596482 0.267609 0.039029 0.017733
4 0.575277 0.208058 0.023455 0.061392
8 0.776649 0.313322 0.045921 0.020920
12 0.693953 0.276235 0.040366 0.022637
8 0.546797 0.246229 0.028941 0.012682
8 0.732153 0.340898 0.089300 0.044175
8 0.509543 0.257301 0.035139 0.013412
12 0.753540 0.250780 0.022011 0.018350
8 0.333452 0.640499 0.120006 0.123625
10 0.407311 0.362155 0.096160 0.048687
8 0.279224 0.332363 0.073266 0.033277
12 0.622932 0.227205 0.025851 0.013917
8 0.756797 0.332486 0.076583 0.030494
4 0.278752 0.221493 0.036166 0.073131
10 0.851504 0.283687 0.049729 0.024209
8 0.672610 0.374545 0.067730 0.018676
4 0.426646 0.215645 0.029206 0.065051
8 0.519562 0.325253 0.069830 0.049136
8 0.259161 0.664753 0.163531 0.141627
12 0.163427 0.346538 0.077585 0.061358
12 0.705350 0.268294 0.049212 0.030976
11 0.471040 0.268642 0.068701 0.084848
11 0.201267 0.320488 0.095019 0.092155
8 0.536740 0.278328 0.032409 0.012907
4 0.715883 0.202581 0.025725 0.065993
12 0.720712 0.240079 0.029697 0.015713
8 0.539401 0.319703 0.054061 0.029439
4 0.246179 0.211930 0.035334 0.082828
8 0.119921 0.777430 0.203310 0.179192
11 0.039707 0.306330 0.079414 0.093737
8 0.326674 0.244697 0.016929 0.008249
12 0.063263 0.457088 0.126526 0.113210
10 0.679694 0.233625 0.026349 0.010213
10 0.116308 0.320522 0.056236 0.026723
12 0.019827 0.508709 0.039653 0.086936
8 0.298871 0.387076 0.101501 0.055971
8 0.402598 0.307306 0.062535 0.036229
4 0.477074 0.198743 0.033064 0.086465
8 0.876948 0.275819 0.035939 0.008810
12 0.746110 0.238092 0.019218 0.010505
8 0.485728 0.333176 0.071356 0.043704
4 0.812894 0.217733 0.031463 0.068462
8 0.611586 0.299893 0.054950 0.027396
10 0.795902 0.296734 0.055649 0.030819
4 0.313897 0.206207 0.025347 0.066532
8 0.666305 0.392660 0.097516 0.042828
8 0.122040 0.451223 0.082680 0.063165
12 0.582232 0.234276 0.018348 0.013692
8 0.196488 0.422980 0.135019 0.077093
8 0.339095 0.382318 0.078443 0.049169
12 0.639278 0.292503 0.056627 0.028462
12 0.601053 0.385769 0.134161 0.119820
8 0.831721 0.292643 0.034363 0.012581
4 0.509770 0.218676 0.029414 0.070303
12 0.368301 0.303569 0.065593 0.050034
8 0.874206 0.263401 0.024817 0.013199
12 0.420271 0.260696 0.046305 0.028013
12 0.773856 0.257918 0.045858 0.030269
