4 0.421617 0.543324 0.055615 0.154250
4 0.491066 0.531101 0.070925 0.184567
4 0.354783 0.518987 0.087863 0.211599
4 0.626179 0.537360 0.045389 0.171851
10 0.427942 0.687163 0.086442 0.047317
4 0.553340 0.524529 0.056834 0.191840
4 0.239871 0.544458 0.030765 0.146944
7 0.236718 0.650153 0.025058 0.016407
4 0.813745 0.549595 0.030772 0.134261
8 0.827612 0.751364 0.060588 0.033264
8 0.954164 0.783209 0.091672 0.042103
8 0.745934 0.735805 0.105070 0.046221
8 0.912211 0.734737 0.175579 0.116594
8 0.681663 0.723007 0.146705 0.040975
8 0.957201 0.802355 0.085597 0.067952
4 0.692162 0.574173 0.038726 0.080394
3 0.105968 0.585268 0.211935 0.829463
4 0.668509 0.542782 0.046987 0.153866
4 0.792364 0.539781 0.054293 0.162169
4 0.282593 0.537223 0.060508 0.165071
4 0.743077 0.570570 0.033735 0.107382
4 0.202483 0.510246 0.045713 0.222618
