10 0.921621 0.667673 0.010586 0.011923
4 0.186824 0.601284 0.024086 0.153728
4 0.654574 0.613664 0.066586 0.160926
4 0.762555 0.656278 0.006125 0.027280
8 0.382895 0.713054 0.052273 0.020246
4 0.728742 0.647966 0.020000 0.041700
4 0.490699 0.634461 0.013086 0.051430
4 0.975016 0.668107 0.003797 0.016729
4 0.423598 0.621987 0.021648 0.075533
10 0.789395 0.663968 0.019258 0.013681
4 0.818164 0.661061 0.005391 0.021137
10 0.249883 0.646782 0.013844 0.011594
4 0.955715 0.663968 0.006133 0.025006
4 0.617785 0.478816 0.301148 0.821032
