4 0.786099 0.113972 0.018172 0.105824
4 0.774056 0.125118 0.018612 0.086862
3 0.240171 0.337931 0.480342 0.675862
10 0.552520 0.136943 0.013685 0.018264
4 0.662181 0.127282 0.036122 0.082534
10 0.497710 0.134288 0.013835 0.022192
4 0.693599 0.109647 0.029338 0.117135
10 0.723921 0.159058 0.029993 0.021641
10 0.497164 0.153055 0.021347 0.023017
4 0.977651 0.235543 0.044697 0.186330
4 0.538983 0.100363 0.055765 0.133438
3 0.611969 0.490697 0.724912 0.615574
4 0.603069 0.112692 0.054513 0.103590
4 0.579987 0.102130 0.025930 0.125232
10 0.756104 0.158391 0.036562 0.018317
