3 0.873940 0.628115 0.016784 0.006000
12 0.904872 0.622391 0.014317 0.009728
0 0.601393 0.796480 0.483348 0.141565
4 0.348922 0.598451 0.002566 0.006690
5 0.883885 0.595875 0.005050 0.004606
4 0.168317 0.635965 0.004628 0.011738
4 0.703003 0.582165 0.002455 0.004560
12 0.055831 0.616953 0.006107 0.008454
4 0.546950 0.581744 0.001641 0.005050
0 0.030995 0.590418 0.023628 0.011361
5 0.597153 0.592944 0.004604 0.005089
1 0.921236 0.625331 0.020365 0.020132
12 0.408211 0.676332 0.014979 0.015841
4 0.731711 0.587359 0.002716 0.005478
