12 0.564129 0.360942 0.092773 0.114111
12 0.511396 0.379035 0.074707 0.096182
12 0.234182 0.605769 0.089355 0.220657
4 0.120631 0.166090 0.210215 0.332180
12 0.436330 0.532413 0.111621 0.162363
10 0.144187 0.397486 0.112078 0.073855
12 0.296551 0.408539 0.067383 0.097809
4 0.575699 0.141528 0.143266 0.283057
10 0.037834 0.453203 0.075668 0.093792
4 0.873879 0.156737 0.151367 0.313474
12 0.046531 0.620164 0.093063 0.186620
4 0.406359 0.149301 0.139727 0.298602
4 0.741242 0.134429 0.143266 0.268858
12 0.380170 0.400717 0.060793 0.089332
12 0.690627 0.484877 0.203613 0.271518
12 0.569045 0.519697 0.150293 0.187011
4 0.801486 0.145245 0.141246 0.290490
12 0.439984 0.379035 0.080812 0.102702
12 0.320607 0.553931 0.071777 0.127152
12 0.139117 0.611051 0.110734 0.237480
4 0.937826 0.221195 0.124348 0.242702
