12 0.607457 0.435941 0.084250 0.065812
10 0.012256 0.198236 0.012145 0.009139
12 0.575711 0.532285 0.055328 0.041500
12 0.574480 0.411358 0.083398 0.045007
4 0.661865 0.562819 0.101645 0.301833
12 0.443791 0.684799 0.085785 0.059236
10 0.156562 0.663427 0.078187 0.040646
10 0.145977 0.921483 0.136164 0.088132
12 0.168742 0.572847 0.060422 0.033097
12 0.793613 0.670705 0.080422 0.056285
12 0.776508 0.632240 0.091656 0.087368
12 0.687916 0.703274 0.083230 0.052424
12 0.609160 0.459681 0.055531 0.061083
8 0.717404 0.736517 0.051316 0.035854
12 0.415395 0.585812 0.071094 0.046806
12 0.899816 0.534455 0.049469 0.046715
12 0.586555 0.426868 0.076484 0.048792
12 0.310008 0.498184 0.056516 0.028896
12 0.331430 0.651323 0.074039 0.053104
10 0.308604 0.474677 0.040113 0.013396
10 0.412197 0.638688 0.040434 0.028056
12 0.823648 0.469212 0.041383 0.042174
4 0.480113 0.333010 0.065492 0.211757
4 0.447256 0.302424 0.071691 0.207056
12 0.513707 0.448500 0.057656 0.041792
12 0.419861 0.607955 0.072426 0.048854
12 0.392391 0.492674 0.067461 0.040500
4 0.597436 0.483431 0.091324 0.255056
12 0.407102 0.544840 0.075961 0.043028
12 0.472451 0.807233 0.086676 0.063090
12 0.156084 0.716670 0.063824 0.046146
12 0.318135 0.581517 0.063754 0.044521
12 0.864393 0.503628 0.042020 0.037257
12 0.680006 0.517830 0.074465 0.075271
12 0.340814 0.735295 0.077488 0.061271
12 0.340687 0.765705 0.083102 0.057187
4 0.585789 0.468608 0.074914 0.213174
12 0.845191 0.483677 0.037234 0.041229
12 0.661869 0.487764 0.090738 0.094181
10 0.728973 0.368618 0.026484 0.031389
10 0.155766 0.599132 0.059570 0.025153
4 0.492246 0.353774 0.067875 0.206313
4 0.613055 0.509788 0.087617 0.260701
12 0.157893 0.690569 0.080207 0.051819
12 0.339918 0.458760 0.033687 0.020646
4 0.456742 0.327323 0.062867 0.189410
12 0.314439 0.558267 0.066707 0.044785
10 0.143852 0.844795 0.075953 0.043313
12 0.378338 0.462813 0.044855 0.025847
8 0.333346 0.679125 0.060254 0.026097
12 0.145818 0.800444 0.071590 0.058625
12 0.437027 0.655524 0.082977 0.051062
12 0.457387 0.742101 0.085656 0.061271
12 0.695486 0.550740 0.075848 0.060896
12 0.319426 0.602198 0.070328 0.055160
12 0.309160 0.515389 0.068555 0.023375
12 0.730271 0.574753 0.101590 0.077160
12 0.448328 0.703181 0.075453 0.040625
12 0.330855 0.706583 0.081570 0.056958
12 0.811521 0.453132 0.048191 0.039903
12 0.311375 0.485510 0.046984 0.020618
10 0.157307 0.641208 0.071379 0.034417
10 0.308789 0.467323 0.043734 0.018118
12 0.414375 0.564146 0.079344 0.046653
12 0.385916 0.477073 0.060379 0.042076
12 0.308900 0.538899 0.068480 0.042812
12 0.156723 0.613601 0.059570 0.037826
4 0.554756 0.447809 0.064152 0.164701
8 0.488217 0.684688 0.018129 0.019972
4 0.519553 0.397972 0.067645 0.192486
4 0.644023 0.557785 0.085500 0.229639
12 0.758535 0.593476 0.103273 0.095993
8 0.425443 0.499073 0.013051 0.014007
10 0.397930 0.520552 0.062055 0.046521
12 0.329516 0.623073 0.052336 0.021104
12 0.778758 0.409826 0.072867 0.077722
12 0.347133 0.802014 0.090125 0.066264
12 0.151668 0.771701 0.077336 0.046139
12 0.540813 0.385354 0.060953 0.036125
8 0.807338 0.695781 0.046340 0.052424
4 0.536832 0.417906 0.050734 0.194437
12 0.944496 0.567549 0.051594 0.058056
12 0.921781 0.552135 0.052125 0.045771
4 0.524617 0.302729 0.056914 0.174111
12 0.643625 0.482184 0.087445 0.056549
10 0.151668 0.745510 0.066273 0.050118
12 0.473982 0.773872 0.107355 0.070354
12 0.966834 0.595993 0.056910 0.045042
12 0.550066 0.396042 0.063297 0.048417
