8 0.937875 0.713277 0.124250 0.222547
12 0.514794 0.531011 0.101088 0.117416
8 0.139863 0.469176 0.052750 0.023970
12 0.359875 0.374607 0.017625 0.023034
8 0.761950 0.433530 0.037075 0.022116
8 0.923050 0.438923 0.059750 0.070655
8 0.774044 0.774223 0.184013 0.203539
8 0.490187 0.645337 0.132125 0.096742
8 0.354025 0.484607 0.064000 0.056929
8 0.749531 0.389972 0.051488 0.100581
8 0.753981 0.534579 0.074138 0.095524
8 0.820594 0.531863 0.128563 0.103277
8 0.172963 0.554541 0.072475 0.072228
8 0.404375 0.566423 0.084300 0.071760
8 0.336150 0.456461 0.038500 0.025468
8 0.819825 0.424897 0.049500 0.052865
8 0.467725 0.455056 0.035625 0.035206
8 0.094450 0.503502 0.070625 0.076704
12 0.866800 0.386976 0.046625 0.099457
8 0.273888 0.758848 0.156400 0.275674
8 0.966206 0.454288 0.067588 0.057715
8 0.375962 0.454588 0.038125 0.041199
8 0.197738 0.462528 0.033000 0.027903
12 0.472200 0.426536 0.046975 0.044232
8 0.071531 0.790159 0.143063 0.170543
8 0.598075 0.457762 0.064800 0.087097
8 0.428912 0.458240 0.040250 0.038577
8 0.278594 0.486760 0.059763 0.054195
8 0.281200 0.536648 0.063900 0.052584
8 0.248175 0.458034 0.042375 0.034644
8 0.867156 0.444448 0.045538 0.035861
12 0.277100 0.436667 0.027900 0.035056
8 0.045656 0.581339 0.091312 0.155637
8 0.646575 0.624092 0.139600 0.129157
8 0.551588 0.722500 0.228800 0.291330
12 0.656163 0.511217 0.128775 0.162622
