0 0.112278 0.232049 0.016230 0.017422
0 0.402813 0.191851 0.067420 0.028796
0 0.190206 0.603576 0.196413 0.312707
0 0.153090 0.664676 0.063350 0.130258
0 0.193544 0.233744 0.051812 0.027204
0 0.334201 0.210307 0.024947 0.012907
0 0.404844 0.273356 0.060678 0.029173
0 0.509431 0.191282 0.022943 0.013960
0 0.144376 0.245909 0.005282 0.006813
0 0.496177 0.238187 0.119955 0.053822
0 0.477900 0.188667 0.030060 0.015049
0 0.073129 0.392398 0.058303 0.077738
0 0.069718 0.215236 0.017935 0.019387
0 0.005112 0.211829 0.010225 0.013480
0 0.054041 0.210049 0.015977 0.019920
0 0.960480 0.297524 0.076200 0.097369
12 0.061028 0.217993 0.005750 0.011453
0 0.721490 0.624191 0.306455 0.445858
0 0.256411 0.307678 0.188862 0.085222
0 0.313298 0.207676 0.075670 0.033618
0 0.130041 0.238260 0.019213 0.020751
