4 0.889434 0.612415 0.005398 0.016624
4 0.077500 0.606331 0.007500 0.025322
10 0.285648 0.646735 0.045359 0.049132
10 0.422047 0.614273 0.007500 0.009297
4 0.095941 0.608599 0.008742 0.021817
4 0.018430 0.611360 0.003750 0.015709
4 0.564559 0.613558 0.003508 0.013798
4 0.245562 0.612872 0.005438 0.012943
4 0.241586 0.612872 0.003953 0.014209
10 0.009102 0.631542 0.018203 0.015533
4 0.783863 0.611190 0.007023 0.015815
4 0.221336 0.583769 0.013281 0.091430
4 0.028117 0.612767 0.006875 0.013834
4 0.313555 0.607433 0.009563 0.024760
4 0.364180 0.604900 0.008813 0.030950
4 0.352180 0.611372 0.011813 0.016882
4 0.739141 0.611372 0.007812 0.017585
4 0.431234 0.612866 0.006000 0.014361
3 0.595613 0.483113 0.324320 0.566952
4 0.289141 0.607913 0.007344 0.023564
4 0.560656 0.611489 0.004859 0.016413
4 0.630168 0.613775 0.005133 0.014185
4 0.642047 0.600188 0.017547 0.040539
4 0.255594 0.612450 0.004125 0.015475
4 0.024289 0.607022 0.005781 0.023916
4 0.103750 0.606372 0.007500 0.025803
4 0.411547 0.610615 0.004875 0.017175
4 0.446344 0.595868 0.023313 0.060129
