4 0.069434 0.425174 0.040195 0.128982
4 0.052090 0.312824 0.104180 0.361353
4 0.396246 0.358215 0.167805 0.655537
4 0.887969 0.493061 0.224062 0.901967
4 0.498262 0.470649 0.100305 0.335551
10 0.822457 0.689400 0.027367 0.043347
4 0.681074 0.500530 0.204633 0.569568
4 0.141113 0.318515 0.157227 0.602999
4 0.246195 0.412762 0.040859 0.256123
4 0.202656 0.468891 0.054937 0.234324
10 0.264977 0.534686 0.020063 0.020586
4 0.102016 0.372078 0.058063 0.253752
4 0.295203 0.455244 0.051078 0.184045
4 0.595781 0.412469 0.317266 0.824937
4 0.756293 0.354568 0.177930 0.709135
