4 0.632719 0.723042 0.061422 0.220139
4 0.758887 0.716569 0.073133 0.236444
4 0.451387 0.649278 0.104398 0.423889
4 0.116336 0.773896 0.005125 0.013847
4 0.272582 0.571951 0.210742 0.678208
0 0.392359 0.763972 0.064672 0.058306
4 0.111492 0.774444 0.004391 0.014944
4 0.572129 0.567368 0.220273 0.764708
4 0.889707 0.638813 0.156914 0.538319
4 0.078125 0.687840 0.039891 0.288181
10 0.815598 0.806986 0.049930 0.045639
4 0.137973 0.755653 0.018930 0.081722
4 0.664223 0.751743 0.029445 0.137958
4 0.984422 0.778389 0.026562 0.067056
4 0.038777 0.684118 0.077555 0.311264
4 0.099684 0.774590 0.004945 0.015708
