2 0.9074572324752808 0.7069454193115234 0.06359004974365234 0.03523816913366318
2 0.04832743853330612 0.7045789957046509 0.08339017629623413 0.04163932800292969
2 0.7986828088760376 0.7116559743881226 0.12971492111682892 0.06231975555419922
2 0.4031465947628021 0.7197557091712952 0.07159082591533661 0.05253944545984268
2 0.22927451133728027 0.7167868614196777 0.16071900725364685 0.08972235023975372
2 0.48773378133773804 0.7142563462257385 0.08995666354894638 0.05025434494018555
2 0.6614891290664673 0.7153393030166626 0.14634589850902557 0.08338165283203125
2 0.33599117398262024 0.7157254219055176 0.06222391128540039 0.06209125369787216
2 0.5735501050949097 0.7194957733154297 0.06108055263757706 0.039655111730098724
2 0.09334524720907211 0.7084594368934631 0.0260958019644022 0.027515793219208717
