2 0.8165886998176575 0.6245109438896179 0.2639886736869812 0.19712181389331818
2 0.1868731677532196 0.615479052066803 0.1949145793914795 0.17531004548072815
2 0.37932637333869934 0.6108484864234924 0.19602903723716736 0.16842202842235565
2 0.533175528049469 0.6050329804420471 0.1807304322719574 0.14162969589233398
2 0.7338047623634338 0.49551430344581604 0.062439631670713425 0.03741741180419922
2 0.220399409532547 0.525844931602478 0.07887005805969238 0.05370321124792099
2 0.10627339780330658 0.508645236492157 0.06226375699043274 0.034682560712099075
2 0.9170545339584351 0.523572564125061 0.08793487399816513 0.03504743427038193
2 0.41355428099632263 0.4974883496761322 0.04315614700317383 0.026592636480927467
2 0.015234572812914848 0.544979989528656 0.030417749658226967 0.04667720943689346
2 0.6638296246528625 0.49020594358444214 0.03743572160601616 0.022795582190155983
2 0.035059958696365356 0.5076340436935425 0.06983502954244614 0.0379185676574707
2 0.26125025749206543 0.4955335259437561 0.03139925003051758 0.020000839605927467
2 0.37198346853256226 0.5310388803482056 0.05740518495440483 0.03419322893023491
2 0.48683300614356995 0.5248726010322571 0.08184814453125 0.04968986660242081
