2 0.9358202219009399 0.5590399503707886 0.10072346031665802 0.1450122892856598
2 0.6065921783447266 0.5732186436653137 0.2070053070783615 0.2076147049665451
2 0.37042132019996643 0.5680099725723267 0.166026309132576 0.13582095503807068
2 0.08413144201040268 0.5713847279548645 0.11421835422515869 0.12861375510692596
2 0.20322909951210022 0.5566047430038452 0.17087864875793457 0.16632166504859924
2 0.8336936831474304 0.5640029907226562 0.09282664954662323 0.13583174347877502
2 0.46584266424179077 0.5628336071968079 0.05109462887048721 0.11183881759643555
2 0.7298345565795898 0.565990686416626 0.07139988243579865 0.13358792662620544
2 0.49896439909935 0.57724529504776 0.03177356719970703 0.08154258877038956
2 0.7765772342681885 0.571347713470459 0.04369068145751953 0.12142028659582138
