2 0.8678151965141296 0.6547816395759583 0.1652410924434662 0.21652241051197052
2 0.5464942455291748 0.6425954699516296 0.1944507658481598 0.23682384192943573
2 0.047774024307727814 0.6687452793121338 0.08246231079101562 0.13744792342185974
2 0.12974831461906433 0.6678102612495422 0.12179632484912872 0.1460840255022049
2 0.382793664932251 0.6735795140266418 0.10285129398107529 0.14793738722801208
2 0.23792393505573273 0.6659488677978516 0.11151409149169922 0.14766636490821838
2 0.6472234129905701 0.6827138662338257 0.049260903149843216 0.1027984619140625
2 0.31374824047088623 0.6835168600082397 0.059174440801143646 0.09558925777673721
2 0.7265310287475586 0.6691890954971313 0.11897649616003036 0.16282311081886292
2 0.4704330563545227 0.6891387701034546 0.0930706039071083 0.09066009521484375
