2 0.5961635708808899 0.7020109295845032 0.33816832304000854 0.24282479286193848
2 0.11812035739421844 0.6377397775650024 0.18341179192066193 0.18548259139060974
2 0.31310001015663147 0.6251235604286194 0.23644408583641052 0.1706264466047287
2 0.8663967847824097 0.6632208824157715 0.21652622520923615 0.19246968626976013
2 0.49799686670303345 0.5893552303314209 0.1456490457057953 0.10904798656702042
2 0.9697725176811218 0.6287943720817566 0.05889148637652397 0.14228686690330505
2 0.34895530343055725 0.569001317024231 0.11717083305120468 0.06560869514942169
2 0.6798469424247742 0.596915066242218 0.2180006057024002 0.09804821014404297
2 0.8095148205757141 0.6022387146949768 0.11362089961767197 0.09378938376903534
2 0.08521272987127304 0.5678152441978455 0.159699484705925 0.07919730991125107
