0 0.46636003255844116 0.7006525993347168 0.4194459915161133 0.35520094633102417
0 0.12938500940799713 0.6879170536994934 0.2237665355205536 0.09590005874633789
0 0.919533908367157 0.5589062571525574 0.06563282012939453 0.03387260437011719
0 0.6794817447662354 0.6683428287506104 0.17685842514038086 0.09050140529870987
0 0.8548876643180847 0.6560918688774109 0.23140354454517365 0.09254570305347443
0 0.09864888340234756 0.6167802214622498 0.05728042125701904 0.04043168947100639
0 0.24452967941761017 0.5797176361083984 0.043984554708004 0.025148868560791016
0 0.9619251489639282 0.672985851764679 0.07500171661376953 0.056174468249082565
0 0.9898852109909058 0.5517709851264954 0.019460106268525124 0.02230377122759819
0 0.7069814801216125 0.5619823932647705 0.027350138872861862 0.018938541412353516
0 0.049538176506757736 0.668571412563324 0.09409912675619125 0.06050052493810654
0 0.7757779955863953 0.5576273202896118 0.05669884756207466 0.022162150591611862
0 0.15797853469848633 0.5760776400566101 0.028606366366147995 0.01646871492266655
0 0.08119408041238785 0.577873945236206 0.026130855083465576 0.01958608627319336
