0 0.9260181188583374 0.7083718776702881 0.14003010094165802 0.1094440445303917
0 0.5742911100387573 0.7550357580184937 0.21284666657447815 0.17756232619285583
0 0.7519611716270447 0.7307489514350891 0.16615629196166992 0.16154655814170837
0 0.7938362956047058 0.6462879180908203 0.12857666611671448 0.05845050886273384
0 0.07352018356323242 0.6894254684448242 0.12880773842334747 0.10741367191076279
0 0.19678616523742676 0.7291537523269653 0.1660064160823822 0.16329669952392578
0 0.6121358275413513 0.648064136505127 0.11847801506519318 0.07900114357471466
0 0.4752574563026428 0.699501097202301 0.1574958860874176 0.12274370342493057
0 0.3265559673309326 0.7015398740768433 0.1597016304731369 0.11501140892505646
0 0.1827002763748169 0.6404667496681213 0.09916067123413086 0.0532626137137413
