1 0.6990335583686829 0.647894561290741 0.443934828042984 0.4757503569126129
1 0.312818706035614 0.6783826351165771 0.4066394865512848 0.4248564839363098
1 0.9804359674453735 0.43542900681495667 0.03867015987634659 0.08075044304132462
1 0.8581531643867493 0.42935410141944885 0.13466820120811462 0.08945979923009872
1 0.4578933119773865 0.7433062791824341 0.18294449150562286 0.2733737826347351
1 0.4770541787147522 0.43615928292274475 0.11286239326000214 0.0818539410829544
1 0.3932495713233948 0.43841058015823364 0.06237156316637993 0.07075824588537216
1 0.02528807520866394 0.43119335174560547 0.050027213990688324 0.09351654350757599
1 0.14955870807170868 0.43847447633743286 0.0567813403904438 0.07363195717334747
1 0.23459748923778534 0.42913252115249634 0.12201295047998428 0.10880203545093536
1 0.3059471845626831 0.4401586651802063 0.03435478359460831 0.07312927395105362
1 0.682020902633667 0.4104115962982178 0.18473568558692932 0.06337299197912216
1 0.5656392574310303 0.4314010739326477 0.0308958999812603 0.05151491239666939
