1 0.1166975274682045 0.6756293177604675 0.15495137870311737 0.12656326591968536
1 0.2669910192489624 0.6696918606758118 0.15617799758911133 0.13130207359790802
1 0.5085077285766602 0.6796111464500427 0.10230331122875214 0.09546299278736115
1 0.9256137609481812 0.6886950135231018 0.07766570895910263 0.04974479600787163
1 0.3734477162361145 0.6784088611602783 0.14136235415935516 0.10398511588573456
1 0.599855899810791 0.6689361929893494 0.1308567076921463 0.10991573333740234
1 0.7851950526237488 0.66676265001297 0.11000747978687286 0.10526476055383682
1 0.6807382702827454 0.6730761528015137 0.10488653182983398 0.0970616340637207
1 0.8565462827682495 0.6811612844467163 0.07509098201990128 0.06213779374957085
1 0.841445803642273 0.6334604024887085 0.026491165161132812 0.038274191319942474
