0 0.35927659273147583 0.6351498365402222 0.5455163717269897 0.35576915740966797
0 0.05811373144388199 0.48948222398757935 0.11581888049840927 0.2594529092311859
0 0.3076692223548889 0.4143224358558655 0.207586407661438 0.10981988906860352
0 0.6003783941268921 0.5317347049713135 0.18582066893577576 0.2746817469596863
0 0.7967069745063782 0.5107452273368835 0.14261165261268616 0.2130628526210785
0 0.15008434653282166 0.44735202193260193 0.09243378788232803 0.15175190567970276
0 0.9096473455429077 0.39578142762184143 0.1793024092912674 0.059885431081056595
0 0.9108289480209351 0.5495116710662842 0.17568989098072052 0.30786848068237305
0 0.5764150619506836 0.4647866189479828 0.2851933538913727 0.21272239089012146
0 0.24901723861694336 0.4460391402244568 0.13016743957996368 0.06276044994592667
