8 0.7743220329284668 0.7871007919311523 0.45097923278808594 0.22773227095603943
8 0.05806364864110947 0.6874693036079407 0.11593818664550781 0.12937088310718536
8 0.18097011744976044 0.7358124852180481 0.2075909674167633 0.19275422394275665
8 0.4525988698005676 0.7063796520233154 0.1887049674987793 0.19427862763404846
8 0.8964613080024719 0.6886798143386841 0.2066810578107834 0.10654544830322266
8 0.9290388822555542 0.6247367262840271 0.14147834479808807 0.07529344409704208
8 0.7273238301277161 0.5496881008148193 0.12187623977661133 0.05100250244140625
8 0.10903479903936386 0.57082200050354 0.21674856543540955 0.06793832778930664
8 0.3497324585914612 0.5699540376663208 0.060808468610048294 0.044156741350889206
8 0.41188734769821167 0.5701534748077393 0.06864118576049805 0.04023008421063423
8 0.4688728451728821 0.5579286813735962 0.07753505557775497 0.029170894995331764
8 0.5049560070037842 0.5273593068122864 0.11787404865026474 0.03482761234045029
8 0.28181156516075134 0.520617663860321 0.05076603963971138 0.024602126330137253
8 0.9395087957382202 0.5764809846878052 0.12073726952075958 0.07089471817016602
8 0.1414995789527893 0.5458436608314514 0.21509531140327454 0.06040525436401367
8 0.010168501175940037 0.6208821535110474 0.02024105377495289 0.04524803161621094
8 0.5668584108352661 0.5661217570304871 0.12271270900964737 0.03340339660644531
8 0.6429843902587891 0.5622153878211975 0.13953037559986115 0.038002870976924896
8 0.008988035842776299 0.5312305092811584 0.018058743327856064 0.03189497068524361
