8 0.8283403515815735 0.5220062732696533 0.1031278595328331 0.0509243980050087
8 0.9577072262763977 0.5470542311668396 0.08442477881908417 0.04361610487103462
8 0.7111478447914124 0.5101461410522461 0.06951026618480682 0.03916177898645401
8 0.2895807921886444 0.49910134077072144 0.05964980274438858 0.041313838213682175
8 0.6038223505020142 0.5028872489929199 0.05628852918744087 0.03361539915204048
8 0.3717120885848999 0.5012748837471008 0.033019114285707474 0.02935504913330078
8 0.01985359564423561 0.5875653028488159 0.03953050449490547 0.08137855678796768
8 0.49112409353256226 0.5051324367523193 0.20018672943115234 0.19404172897338867
8 0.8886523246765137 0.5015121698379517 0.06705741584300995 0.0206419937312603
8 0.08340031653642654 0.5623827576637268 0.14855004847049713 0.056984804570674896
8 0.9657633900642395 0.5002253651618958 0.06784896552562714 0.015430927276611328
8 0.011752982623875141 0.5007521510124207 0.02350853942334652 0.011524391360580921
8 0.10905351489782333 0.511199414730072 0.07202587276697159 0.029006386175751686
