9 0.2587791383266449 0.5160738229751587 0.42646732926368713 0.2786102294921875
9 0.7244874835014343 0.5168733596801758 0.39022308588027954 0.2632535994052887
9 0.1214902400970459 0.24225649237632751 0.24179697036743164 0.14550046622753143
9 0.2666328251361847 0.2632482647895813 0.16150116920471191 0.04918498918414116
9 0.6534388661384583 0.25873470306396484 0.06456289440393448 0.051854610443115234
9 0.7176785469055176 0.26237162947654724 0.06771783530712128 0.03811516612768173
9 0.5011495351791382 0.25555068254470825 0.035573385655879974 0.03178062289953232
9 0.9150554537773132 0.27034318447113037 0.10802726447582245 0.04626021534204483
9 0.591804563999176 0.25899237394332886 0.06272391974925995 0.04302406311035156
9 0.9573274850845337 0.2735998332500458 0.08515167236328125 0.06180848926305771
