9 0.7782650589942932 0.5227743983268738 0.2819882333278656 0.23358097672462463
9 0.3542412221431732 0.22768926620483398 0.0724036693572998 0.08319320529699326
9 0.6543909311294556 0.25537237524986267 0.06883535534143448 0.05374135822057724
9 0.4853033423423767 0.5108194351196289 0.2505002021789551 0.22277657687664032
9 0.8577014207839966 0.25985056161880493 0.12033972889184952 0.04528608173131943
9 0.11344356834888458 0.2418445646762848 0.22687844932079315 0.14067944884300232
9 0.5009850859642029 0.23754701018333435 0.05955171585083008 0.06826300919055939
9 0.2407134473323822 0.2457750290632248 0.11588498204946518 0.0614413246512413
9 0.9368834495544434 0.26686426997184753 0.11786441504955292 0.061316441744565964
9 0.2131413221359253 0.4971711039543152 0.3252809941768646 0.22121858596801758
9 0.7154662013053894 0.2576580345630646 0.06298951804637909 0.041138697415590286
9 0.7727628946304321 0.2590217590332031 0.0660102367401123 0.045149993151426315
9 0.4480936527252197 0.24686279892921448 0.023341655731201172 0.027267932891845703
9 0.2841618061065674 0.2485431730747223 0.06877002865076065 0.04268517345190048
9 0.9852821230888367 0.2697415351867676 0.02922668494284153 0.055191896855831146
9 0.47008952498435974 0.2473875731229782 0.02815542183816433 0.03935804218053818
