9 0.4233284890651703 0.6731506586074829 0.3611453175544739 0.21562261879444122
9 0.10801613330841064 0.5753278732299805 0.14790883660316467 0.06483955681324005
9 0.7798837423324585 0.721416175365448 0.4278179705142975 0.29361361265182495
9 0.603455126285553 0.557559609413147 0.06360073387622833 0.047193240374326706
9 0.02383432351052761 0.5851026177406311 0.04752922058105469 0.060010336339473724
9 0.5470295548439026 0.5573531985282898 0.06278257071971893 0.04255037382245064
9 0.06278349459171295 0.6907477378845215 0.12508562207221985 0.10450877994298935
9 0.6764383316040039 0.5603508353233337 0.07693538814783096 0.04848422855138779
9 0.21870529651641846 0.5660120248794556 0.12032419443130493 0.057331085205078125
9 0.9646979570388794 0.5762537121772766 0.07023906707763672 0.07426748424768448
9 0.7511460185050964 0.5560216903686523 0.08222217857837677 0.04214191436767578
9 0.17962992191314697 0.6859440207481384 0.21892757713794708 0.12370958179235458
9 0.34025344252586365 0.5606552362442017 0.13563334941864014 0.052033234387636185
9 0.8777369260787964 0.5681377053260803 0.08928928524255753 0.05941152572631836
9 0.40534502267837524 0.5498239398002625 0.07829482853412628 0.034772586077451706
9 0.46153193712234497 0.5549035668373108 0.09896306693553925 0.04097919538617134
