9 0.2088547945022583 0.5228672623634338 0.3378049433231354 0.277656614780426
9 0.4811801314353943 0.5331627130508423 0.2583687901496887 0.26092615723609924
9 0.7810761332511902 0.5371725559234619 0.268707811832428 0.23297376930713654
9 0.6519163250923157 0.27165675163269043 0.05817470699548721 0.04296527057886124
9 0.9500282406806946 0.2960360646247864 0.08145294338464737 0.02664942666888237
9 0.09746495634317398 0.29802146553993225 0.19400270283222198 0.15419645607471466
9 0.5416171550750732 0.27452346682548523 0.04007453843951225 0.029247665777802467
9 0.5824089050292969 0.26887431740760803 0.049632929265499115 0.04602522775530815
9 0.05058030039072037 0.3120655417442322 0.10061173141002655 0.1799526959657669
9 0.1591113805770874 0.25595784187316895 0.22908520698547363 0.174811452627182
9 0.9182947278022766 0.28231120109558105 0.14167651534080505 0.04459400102496147
