9 0.6577666997909546 0.5626490712165833 0.20724210143089294 0.09738302230834961
9 0.31712526082992554 0.630021333694458 0.3717077374458313 0.1956293135881424
9 0.8797048330307007 0.5132678747177124 0.08771686255931854 0.041867636144161224
9 0.48907455801963806 0.5093418955802917 0.19570891559123993 0.07211723178625107
9 0.15806274116039276 0.5819140672683716 0.288668155670166 0.04419002681970596
9 0.11109858751296997 0.5527542233467102 0.13849925994873047 0.022821903228759766
9 0.15243372321128845 0.5252877473831177 0.2008744776248932 0.03955516964197159
9 0.9626672863960266 0.517424464225769 0.07444362342357635 0.04095897823572159
9 0.050933171063661575 0.4941166043281555 0.10076785087585449 0.056829262524843216
9 0.31714731454849243 0.5129321217536926 0.1276048719882965 0.03505764156579971
