9 0.4062577784061432 0.5571852922439575 0.16868849098682404 0.07897529751062393
9 0.7202351689338684 0.7228295803070068 0.5591337084770203 0.32835036516189575
9 0.21051588654518127 0.5569839477539062 0.12165633589029312 0.0570225715637207
9 0.5145751237869263 0.5467261672019958 0.14051589369773865 0.05889873579144478
9 0.10173411667346954 0.5666345953941345 0.16768059134483337 0.0812661200761795
9 0.9208669662475586 0.5936501026153564 0.15772494673728943 0.11112012714147568
9 0.728190004825592 0.5413122177124023 0.10497274249792099 0.037699222564697266
9 0.022000372409820557 0.5915976166725159 0.04394115135073662 0.0793214812874794
9 0.2864505648612976 0.5189409255981445 0.055337049067020416 0.02885875664651394
9 0.33897656202316284 0.5151668787002563 0.07019229233264923 0.025859450921416283
9 0.016323331743478775 0.5316842198371887 0.03256107121706009 0.037079714238643646
9 0.45538219809532166 0.5124092698097229 0.05034160614013672 0.02399463579058647
9 0.6077186465263367 0.539877712726593 0.1045653373003006 0.043062686920166016
9 0.8647634387016296 0.6683905720710754 0.2698037624359131 0.13291415572166443
9 0.23178164660930634 0.519892156124115 0.060268353670835495 0.03433628007769585
9 0.6962766051292419 0.5263509154319763 0.09058866649866104 0.03248319774866104
9 0.9099723696708679 0.9415301084518433 0.17921295762062073 0.11626014858484268
