9 0.20489192008972168 0.519477128982544 0.35709723830223083 0.2718367576599121
9 0.7895961403846741 0.5350751280784607 0.2889973521232605 0.25021591782569885
9 0.48101648688316345 0.5352218151092529 0.28724467754364014 0.26600390672683716
9 0.7324367761611938 0.26724520325660706 0.04962482303380966 0.04380817338824272
9 0.282446026802063 0.28116536140441895 0.14346475899219513 0.07343711704015732
9 0.6951608061790466 0.26964274048805237 0.03322400897741318 0.03924527019262314
9 0.09483754634857178 0.2965147793292999 0.18896834552288055 0.15225549042224884
9 0.9251521229743958 0.27713578939437866 0.09406604617834091 0.034378908574581146
9 0.1461610496044159 0.25416454672813416 0.26702362298965454 0.16747474670410156
9 0.6521729230880737 0.2703907787799835 0.05188798904418945 0.04125857353210449
