9 0.26567429304122925 0.2366655319929123 0.33566054701805115 0.16219429671764374
9 0.3947475552558899 0.48488378524780273 0.7224292755126953 0.2227473258972168
9 0.3561403751373291 0.7661980390548706 0.7112501859664917 0.46646714210510254
9 0.957934558391571 0.20831899344921112 0.08386974036693573 0.08477163314819336
9 0.8246163129806519 0.24827149510383606 0.274526447057724 0.05143628269433975
9 0.6407641768455505 0.21562698483467102 0.2572488784790039 0.09592518955469131
9 0.4390704035758972 0.23414310812950134 0.2500166893005371 0.12249346822500229
9 0.101343534886837 0.27171382308006287 0.20240621268749237 0.1821635663509369
9 0.5733011960983276 0.41372814774513245 0.5108914971351624 0.16971167922019958
9 0.6945775151252747 0.3221076726913452 0.4344751238822937 0.09801431000232697
9 0.8189071416854858 0.19997017085552216 0.07808627933263779 0.07005038112401962
9 0.7911640405654907 0.27866947650909424 0.3198787271976471 0.05787406116724014
