9 0.8339191675186157 0.5335779190063477 0.06760425865650177 0.035897064954042435
9 0.5453612208366394 0.5583176612854004 0.13806447386741638 0.060427475720644
9 0.7006142735481262 0.5523369908332825 0.11862631142139435 0.05560283735394478
9 0.6147685647010803 0.5348717570304871 0.08204841613769531 0.0458216667175293
9 0.24417591094970703 0.5742890238761902 0.1236058697104454 0.05918560177087784
9 0.027380025014281273 0.586277186870575 0.0545731782913208 0.09084930270910263
9 0.1928296536207199 0.5243926048278809 0.04979586601257324 0.02357921563088894
9 0.329034686088562 0.5129685401916504 0.04478106647729874 0.01970672607421875
9 0.37854716181755066 0.515985906124115 0.050136517733335495 0.017212962731719017
9 0.9844809770584106 0.5696369409561157 0.030931472778320312 0.03261709213256836
9 0.30211734771728516 0.5720294713973999 0.05597071722149849 0.04331016540527344
9 0.7704264521598816 0.49378448724746704 0.038745783269405365 0.010416698642075062
9 0.2326383888721466 0.5145076513290405 0.05142169073224068 0.018706131726503372
9 0.1316438466310501 0.5192835330963135 0.11093397438526154 0.018217086791992188
9 0.727511465549469 0.544836163520813 0.1077871322631836 0.046334266662597656
