9 0.24543717503547668 0.4160916805267334 0.2266894280910492 0.1243065595626831
9 0.25244516134262085 0.7280552983283997 0.4767109751701355 0.22106972336769104
9 0.5075470805168152 0.39590638875961304 0.1518671065568924 0.1783818006515503
9 0.09826917201280594 0.3054153025150299 0.19577239453792572 0.31628042459487915
9 0.026615018025040627 0.6145375370979309 0.053089845925569534 0.047815799713134766
9 0.10885109752416611 0.578900158405304 0.17392654716968536 0.07049207389354706
9 0.49871477484703064 0.5954404473304749 0.189104363322258 0.09329881519079208
9 0.9815079569816589 0.559172511100769 0.03685035556554794 0.0362585075199604
9 0.37837961316108704 0.6687337756156921 0.30146297812461853 0.15214386582374573
9 0.17970667779445648 0.5797474980354309 0.1146010160446167 0.04682359844446182
