9 0.788587212562561 0.7583193182945251 0.42296481132507324 0.3609454035758972
9 0.3294869065284729 0.7035878300666809 0.4946853518486023 0.27452602982521057
9 0.7327540516853333 0.5983178615570068 0.19705352187156677 0.09615764766931534
9 0.11032189428806305 0.6562496423721313 0.22023054957389832 0.19086170196533203
9 0.5430088639259338 0.6065618395805359 0.16073378920555115 0.12886276841163635
9 0.18757788836956024 0.40384015440940857 0.3743722438812256 0.23607885837554932
9 0.0949837788939476 0.5735511779785156 0.1805761307477951 0.0757715255022049
9 0.7085095047950745 0.5613986849784851 0.12987585365772247 0.06400594860315323
9 0.2740294933319092 0.5798285603523254 0.3669566512107849 0.09121523052453995
9 0.5068730711936951 0.5477921962738037 0.1204214096069336 0.04699544981122017
