9 0.17466837167739868 0.5629468560218811 0.16728870570659637 0.04854011535644531
9 0.39523109793663025 0.5595712065696716 0.131200909614563 0.04164457321166992
9 0.7163282632827759 0.549582839012146 0.10192795097827911 0.039769649505615234
9 0.5058070421218872 0.5335954427719116 0.08070993423461914 0.02331533469259739
9 0.357425332069397 0.5204751491546631 0.05130605772137642 0.015535545535385609
9 0.8808571100234985 0.49439525604248047 0.049318693578243256 0.011505698785185814
9 0.575457751750946 0.5567531585693359 0.11261157691478729 0.03704871982336044
9 0.27121713757514954 0.5235196948051453 0.06852631270885468 0.01613941229879856
9 0.22750838100910187 0.5189930200576782 0.0509343147277832 0.016947556287050247
9 0.4594077169895172 0.5228442549705505 0.04159488528966904 0.017555903643369675
9 0.5342535376548767 0.489933580160141 0.020612049847841263 0.0073372842743992805
9 0.4828266203403473 0.488966166973114 0.017407799139618874 0.007303142454475164
9 0.1434032917022705 0.5305567979812622 0.06810035556554794 0.01883535459637642
