9 0.24706725776195526 0.7354037761688232 0.057318639010190964 0.026795482262969017
9 0.6239511966705322 0.744907557964325 0.07134713977575302 0.033705901354551315
9 0.742685079574585 0.7193960547447205 0.05205259472131729 0.025796031579375267
9 0.5285771489143372 0.7300084829330444 0.057471562176942825 0.029572676867246628
9 0.12775784730911255 0.7351489663124084 0.06581743061542511 0.02858562394976616
9 0.8706081509590149 0.7290529012680054 0.05944328382611275 0.030967235565185547
9 0.06700724363327026 0.7104004621505737 0.03695286437869072 0.02078218385577202
9 0.1740207076072693 0.7820502519607544 0.10097610950469971 0.04633317142724991
9 0.499455988407135 0.7572485208511353 0.06461973488330841 0.03785829618573189
9 0.1878259927034378 0.708161473274231 0.03716859966516495 0.01802511140704155
9 0.4457330107688904 0.719586193561554 0.04936571046710014 0.024402808398008347
9 0.2651251554489136 0.7111939191818237 0.04091034084558487 0.0202973373234272
9 0.10682692378759384 0.7013260722160339 0.026579255238175392 0.011857318691909313
9 0.3619595468044281 0.7218821048736572 0.05192990228533745 0.025864696130156517
9 0.2789856791496277 0.6796607375144958 0.02037053182721138 0.010904026217758656
