9 0.5407382845878601 0.7695221304893494 0.21478405594825745 0.17158536612987518
9 0.8774467706680298 0.623855471611023 0.1109987273812294 0.07794513553380966
9 0.3888814449310303 0.5722662806510925 0.12428531795740128 0.056177712976932526
9 0.5794779062271118 0.5479854345321655 0.11785344779491425 0.058785151690244675
9 0.24911871552467346 0.7047834992408752 0.271573543548584 0.12953796982765198
9 0.10300496965646744 0.5766719579696655 0.19184494018554688 0.06744804233312607
9 0.14501851797103882 0.5057914853096008 0.12234170734882355 0.03779764100909233
9 0.8292204737663269 0.5181452631950378 0.08673878014087677 0.043478868901729584
9 0.4452270567417145 0.5274563431739807 0.128504678606987 0.051775358617305756
9 0.30431419610977173 0.5036954283714294 0.10966815799474716 0.03678550571203232
9 0.4817140996456146 0.4795847535133362 0.10755453258752823 0.03112211264669895
9 0.7110559344291687 0.512260377407074 0.06607303768396378 0.04122333601117134
