9 0.8941423296928406 0.5938006639480591 0.08622817695140839 0.06297588348388672
9 0.556536078453064 0.5544266104698181 0.07912740856409073 0.05159921571612358
9 0.3675650358200073 0.5543615818023682 0.10403714329004288 0.051028061658144
9 0.08880448341369629 0.5790556073188782 0.1601344347000122 0.07007503509521484
9 0.8330651521682739 0.5266328454017639 0.06535625457763672 0.031777285039424896
9 0.44799041748046875 0.5157303810119629 0.06244335323572159 0.02777538262307644
9 0.13133729994297028 0.5112690925598145 0.051651932299137115 0.02667265012860298
9 0.6057197451591492 0.5356491208076477 0.07664604485034943 0.037400055676698685
9 0.7265209555625916 0.5032522678375244 0.03437213972210884 0.019341373816132545
9 0.4045407772064209 0.503921389579773 0.03153202682733536 0.009473418816924095
9 0.1600378453731537 0.49725502729415894 0.029838180169463158 0.01863117143511772
9 0.8821767568588257 0.49895113706588745 0.032300375401973724 0.013591766357421875
9 0.985390841960907 0.5549566149711609 0.028966903686523438 0.02780618704855442
9 0.6945772767066956 0.5533533096313477 0.08349733054637909 0.036769770085811615
9 0.27336159348487854 0.5089287757873535 0.042281053960323334 0.017285536974668503
9 0.6936818957328796 0.5071899890899658 0.03039875067770481 0.013767814263701439
9 0.3697778880596161 0.4935828745365143 0.02589402161538601 0.013481426052749157
9 0.5882598161697388 0.502067506313324 0.02894744835793972 0.013281059451401234
9 0.31060972809791565 0.4966832995414734 0.029114341363310814 0.01540985144674778
9 0.547555685043335 0.49367275834083557 0.029200458899140358 0.013288783840835094
9 0.478598028421402 0.48881036043167114 0.017930220812559128 0.009724998846650124
9 0.22362303733825684 0.490888774394989 0.01937837526202202 0.012959575280547142
9 0.7399595975875854 0.5396089553833008 0.06362686306238174 0.03829946368932724
9 0.4348878860473633 0.4910617768764496 0.02175893820822239 0.006818103604018688
9 0.41235265135765076 0.49112996459007263 0.01902141608297825 0.006643867585808039
