9 0.14511853456497192 0.5036012530326843 0.06366703659296036 0.029273319989442825
9 0.2881506085395813 0.50616455078125 0.06384072452783585 0.024801159277558327
9 0.07611072808504105 0.5832844972610474 0.11253265291452408 0.06172657012939453
9 0.5573279857635498 0.5637272596359253 0.08064413070678711 0.029409218579530716
9 0.5663286447525024 0.4953823983669281 0.062418460845947266 0.03089141845703125
9 0.37367862462997437 0.49647560715675354 0.05258898809552193 0.023196030408143997
9 0.24609971046447754 0.4864951968193054 0.05252585560083389 0.02383871003985405
9 0.36933186650276184 0.5545270442962646 0.08842520415782928 0.05009403079748154
9 0.8347581028938293 0.520115315914154 0.06928310543298721 0.041391562670469284
9 0.4410175681114197 0.5171992182731628 0.07470159232616425 0.022525597363710403
9 0.49697622656822205 0.4777066111564636 0.051543235778808594 0.026920605450868607
9 0.6115899085998535 0.5439144968986511 0.07965020835399628 0.02657919004559517
9 0.42267173528671265 0.4855940341949463 0.05367326736450195 0.027028560638427734
9 0.7096484303474426 0.5088921785354614 0.0642368346452713 0.03857088088989258
9 0.47793707251548767 0.4214838147163391 0.046424008905887604 0.00951681099832058
9 0.5085574984550476 0.5256516933441162 0.07626418769359589 0.039816953241825104
