9 0.2053833305835724 0.43406540155410767 0.2279079407453537 0.09681031852960587
9 0.9314311742782593 0.2833392024040222 0.04719886928796768 0.031408023089170456
9 0.4755187928676605 0.5449138879776001 0.2828921377658844 0.15259894728660583
9 0.36955541372299194 0.28120800852775574 0.059319399297237396 0.024236440658569336
9 0.7802679538726807 0.28565850853919983 0.04428720474243164 0.021679449826478958
9 0.584503710269928 0.27055689692497253 0.03487396240234375 0.021104907616972923
9 0.4887181222438812 0.26541364192962646 0.02715120278298855 0.01311106700450182
9 0.6624912023544312 0.2791264057159424 0.03972673416137695 0.02458772622048855
9 0.8572821617126465 0.25147026777267456 0.02103118970990181 0.010085010901093483
9 0.5138465762138367 0.2536608576774597 0.020606517791748047 0.012649727053940296
9 0.6536343097686768 0.25000637769699097 0.013597870245575905 0.013679122552275658
9 0.21888485550880432 0.2536861002445221 0.012207317166030407 0.01508951187133789
9 0.6947824358940125 0.26156285405158997 0.02347850799560547 0.01864609681069851
9 0.5868085026741028 0.2491949498653412 0.019682502374053 0.009194421581923962
