9 0.41394203901290894 0.5417667031288147 0.15925255417823792 0.07843399047851562
9 0.7195724248886108 0.5280853509902954 0.09980849921703339 0.05290670320391655
9 0.8315577507019043 0.5227536559104919 0.07497195899486542 0.0455080047249794
9 0.5851448178291321 0.5361050367355347 0.1306888610124588 0.05804939195513725
9 0.1464623063802719 0.5566781759262085 0.2056424915790558 0.09202270209789276
9 0.761481761932373 0.4941492974758148 0.047010231763124466 0.013935089111328125
9 0.28525039553642273 0.5062142014503479 0.06021599844098091 0.02497539483010769
9 0.9839199781417847 0.5619901418685913 0.032102204859256744 0.03448600694537163
9 0.35841867327690125 0.4943477213382721 0.029991816729307175 0.00978708267211914
9 0.42717820405960083 0.49128252267837524 0.03767890855669975 0.008455371484160423
9 0.5373873710632324 0.4895082116127014 0.02586650848388672 0.010314750485122204
9 0.1581069380044937 0.5024260878562927 0.02924475632607937 0.015813160687685013
9 0.9817124605178833 0.4926280379295349 0.036410141736269 0.012415504083037376
9 0.4775996804237366 0.4900691509246826 0.01607542112469673 0.00966424960643053
9 0.8833939433097839 0.49176082015037537 0.03292198106646538 0.013872337527573109
9 0.1998911201953888 0.5003631711006165 0.02330871857702732 0.005638599395751953
9 0.22384361922740936 0.49275627732276917 0.021308088675141335 0.0069709778763353825
9 0.1391286849975586 0.4937714636325836 0.02113492414355278 0.00864477176219225
