9 0.6844126582145691 0.7292062640190125 0.21773461997509003 0.16351108253002167
9 0.24897345900535583 0.7203387022018433 0.3187093436717987 0.19076880812644958
9 0.43529605865478516 0.7345766425132751 0.32233601808547974 0.20329371094703674
9 0.3051627576351166 0.48908862471580505 0.18923839926719666 0.07279863208532333
9 0.170332670211792 0.5672782063484192 0.2638310492038727 0.09593095630407333
9 0.1450132131576538 0.466851145029068 0.1656801700592041 0.07943181693553925
9 0.5174434185028076 0.4154241681098938 0.08701419830322266 0.027969742193818092
9 0.0765993744134903 0.6746131777763367 0.1527935266494751 0.1360146552324295
9 0.7460565567016602 0.44337528944015503 0.10469627380371094 0.027948951348662376
9 0.9170218706130981 0.7708745002746582 0.1633104383945465 0.14717450737953186
9 0.8314847946166992 0.36327919363975525 0.032270051538944244 0.011547327041625977
9 0.8914645314216614 0.36106637120246887 0.027581214904785156 0.01148133259266615
9 0.4121733605861664 0.5632071495056152 0.20094585418701172 0.09545765072107315
9 0.7541361451148987 0.36102065443992615 0.019999980926513672 0.01073441468179226
9 0.4431048035621643 0.4941052496433258 0.19373571872711182 0.05869274213910103
9 0.5188433527946472 0.5692956447601318 0.23671750724315643 0.10617522895336151
9 0.28364166617393494 0.42188042402267456 0.07670555263757706 0.035636235028505325
9 0.5978087782859802 0.3669207990169525 0.022249221801757812 0.012910651974380016
9 0.5677101612091064 0.37111008167266846 0.018532657995820045 0.009458780288696289
9 0.5921955108642578 0.377765417098999 0.0222949031740427 0.009341955184936523
