9 0.8336372375488281 0.5305308699607849 0.062096405774354935 0.030678844079375267
9 0.3666951060295105 0.5550172328948975 0.08872105926275253 0.04923524707555771
9 0.554538369178772 0.5587896108627319 0.06766434013843536 0.04396991804242134
9 0.5196114778518677 0.5306455492973328 0.047965049743652344 0.02595195733010769
9 0.6159639954566956 0.5398585796356201 0.06550808250904083 0.03781862184405327
9 0.7231211066246033 0.5223547220230103 0.03875742107629776 0.025078773498535156
9 0.09398811310529709 0.575901448726654 0.16264094412326813 0.06631097942590714
9 0.6917012929916382 0.5146857500076294 0.026158904656767845 0.023516178131103516
9 0.43305152654647827 0.521422803401947 0.03271808475255966 0.015919875353574753
9 0.4648897051811218 0.5159332156181335 0.030767250806093216 0.01909351348876953
9 0.3630778193473816 0.516897976398468 0.02101435698568821 0.01382989902049303
9 0.5461199879646301 0.5053425431251526 0.018936634063720703 0.011633205227553844
9 0.5139145255088806 0.504244863986969 0.02079610899090767 0.00968923605978489
9 0.31870830059051514 0.5044721364974976 0.026224756613373756 0.010235595516860485
9 0.20567932724952698 0.5063944458961487 0.0245498176664114 0.011136531829833984
9 0.5664171576499939 0.530562698841095 0.030871009454131126 0.02122192457318306
9 0.36481043696403503 0.5000888109207153 0.020443201065063477 0.009808254428207874
9 0.5794696807861328 0.5132535099983215 0.02750539779663086 0.01596660539507866
9 0.5984506607055664 0.5057682394981384 0.021625900641083717 0.00984334945678711
9 0.18747472763061523 0.5798949003219604 0.10982122272253036 0.03426008298993111
9 0.28560107946395874 0.5142223238945007 0.028183365240693092 0.016331862658262253
9 0.6935939192771912 0.5066468715667725 0.021932315081357956 0.008610820397734642
9 0.4088912606239319 0.5100336074829102 0.020858000963926315 0.011178779415786266
9 0.14831332862377167 0.5128428339958191 0.07286868244409561 0.02765646018087864
