9 0.5856207013130188 0.5351287126541138 0.12468023598194122 0.055539608001708984
9 0.14842498302459717 0.5110859274864197 0.0576200969517231 0.014324379153549671
9 0.7092914581298828 0.5184128284454346 0.061963558197021484 0.022647570818662643
9 0.5197215676307678 0.5023602843284607 0.030943488702178 0.01007299404591322
9 0.3671494126319885 0.4974215030670166 0.02520732954144478 0.011503219604492188
9 0.47675222158432007 0.4920482635498047 0.014146709814667702 0.008265877142548561
9 0.543510913848877 0.4962383806705475 0.02090444602072239 0.009964371100068092
9 0.3163648247718811 0.5036762952804565 0.03330511972308159 0.009820366278290749
9 0.28330475091934204 0.5115047097206116 0.0562596321105957 0.012789631262421608
9 0.5942583680152893 0.4997962415218353 0.029189204797148705 0.009585285559296608
9 0.41457968950271606 0.4936469495296478 0.01453399658203125 0.008097171783447266
9 0.4386591911315918 0.5158174633979797 0.0784481018781662 0.025029754266142845
9 0.43749290704727173 0.49506106972694397 0.018140221014618874 0.007624817080795765
9 0.5039918422698975 0.49087899923324585 0.010610103607177734 0.00746841449290514
