9 0.7126560807228088 0.517056405544281 0.0690128356218338 0.04035215452313423
9 0.8344095349311829 0.528559148311615 0.06282730400562286 0.025934506207704544
9 0.5873339176177979 0.5322526097297668 0.12072315067052841 0.06005363538861275
9 0.5357518792152405 0.4990437626838684 0.03888864442706108 0.017635058611631393
9 0.15333139896392822 0.5699437260627747 0.20430579781532288 0.061170101165771484
9 0.4238988757133484 0.5542747378349304 0.14981882274150848 0.04743919521570206
9 0.2873400151729584 0.5061206221580505 0.0623716339468956 0.02571249008178711
9 0.14698873460292816 0.508078932762146 0.08352484554052353 0.03753366321325302
9 0.3639633059501648 0.49425357580184937 0.01893901824951172 0.010059928521513939
9 0.2455194741487503 0.4812290668487549 0.030947159975767136 0.01569337770342827
9 0.4383874535560608 0.5133429765701294 0.07902450859546661 0.04049711301922798
