9 0.4202119708061218 0.5456087589263916 0.1690310686826706 0.08534498512744904
9 0.15017513930797577 0.5492834448814392 0.21054629981517792 0.11545848846435547
9 0.8311322927474976 0.5231730937957764 0.07300205528736115 0.04345846176147461
9 0.7181183695793152 0.5264058709144592 0.09395428001880646 0.05548076704144478
9 0.3601379990577698 0.5056677460670471 0.04069976881146431 0.02622051164507866
9 0.2877803444862366 0.5056233406066895 0.05357060581445694 0.023906230926513672
9 0.5859097242355347 0.532218873500824 0.12481413036584854 0.07359790802001953
9 0.22981460392475128 0.5098080635070801 0.06626882404088974 0.029685115441679955
9 0.5158239006996155 0.4999776780605316 0.023010730743408203 0.012526321224868298
9 0.5473051071166992 0.499484121799469 0.022356033325195312 0.017641544342041016
9 0.440087229013443 0.5178732872009277 0.08378927409648895 0.030420875176787376
