9 0.39579489827156067 0.558122992515564 0.11475405842065811 0.04965639114379883
9 0.47448229789733887 0.5556095838546753 0.07177381217479706 0.044472504407167435
9 0.7148726582527161 0.5247074365615845 0.025462914258241653 0.016694258898496628
9 0.6386058926582336 0.536113440990448 0.059542082250118256 0.02802286110818386
9 0.16490978002548218 0.502534031867981 0.02190880849957466 0.010556316003203392
9 0.5887280106544495 0.5400624871253967 0.07234706729650497 0.03436145931482315
9 0.5643112063407898 0.5506894588470459 0.03820934146642685 0.025942420586943626
9 0.5264422297477722 0.5505833625793457 0.0600711815059185 0.040801145136356354
9 0.6813932061195374 0.5300601720809937 0.043826960027217865 0.023251056671142578
9 0.5441837310791016 0.5066988468170166 0.01685466803610325 0.007401084993034601
