9 0.10073623806238174 0.569942831993103 0.14014586806297302 0.07125596702098846
9 0.5570918917655945 0.5622459053993225 0.08077659457921982 0.04453849792480469
9 0.2880411148071289 0.5221094489097595 0.05556516721844673 0.023049164563417435
9 0.6788806915283203 0.5546754598617554 0.09045877307653427 0.050742339342832565
9 0.02785535529255867 0.592007577419281 0.05549343675374985 0.07355127483606339
9 0.521287202835083 0.5331955552101135 0.06443814933300018 0.028400802984833717
9 0.4037388861179352 0.5056021809577942 0.03787419945001602 0.018468189984560013
9 0.3595881164073944 0.5155343413352966 0.03974971920251846 0.02015829086303711
9 0.8704818487167358 0.6294194459915161 0.17827777564525604 0.08750458061695099
9 0.5680972337722778 0.5185831189155579 0.046030234545469284 0.026168251410126686
9 0.43341580033302307 0.5258386731147766 0.05807952955365181 0.027859782800078392
9 0.2036418616771698 0.5555247664451599 0.11122546344995499 0.06116790696978569
9 0.46431684494018555 0.5142893195152283 0.03892011567950249 0.02618875540792942
9 0.6136845350265503 0.5421741008758545 0.07799386978149414 0.03615932539105415
9 0.07852576673030853 0.5248743891716003 0.059844303876161575 0.024712275713682175
9 0.7443863749504089 0.5451077222824097 0.07458782196044922 0.04243316501379013
9 0.5463810563087463 0.4992244243621826 0.025412464514374733 0.021849919110536575
9 0.24535803496837616 0.5145121216773987 0.0521245002746582 0.021456051617860794
9 0.3128044903278351 0.5035459399223328 0.04301419109106064 0.017757797613739967
9 0.4847621023654938 0.49198970198631287 0.02056732214987278 0.011684989556670189
9 0.5160110592842102 0.5036883354187012 0.0316166877746582 0.016561413183808327
9 0.009408900514245033 0.5390083193778992 0.01884673535823822 0.025499438866972923
9 0.6047083735466003 0.7307102084159851 0.7903990149497986 0.4046463072299957
9 0.21508494019508362 0.5053971409797668 0.04575028270483017 0.02671213075518608
9 0.13523411750793457 0.5229562520980835 0.06060671806335449 0.036467839032411575
9 0.36836010217666626 0.49383464455604553 0.029942655935883522 0.014737606048583984
9 0.6912996768951416 0.5044757127761841 0.027184296399354935 0.010330582037568092
9 0.9285271763801575 0.5774170160293579 0.14271697402000427 0.10068168491125107
9 0.4270969033241272 0.490762323141098 0.04040861129760742 0.012208652682602406
9 0.5924078822135925 0.5019391775131226 0.034117698669433594 0.01619100570678711
9 0.835318922996521 0.5328922271728516 0.07905201613903046 0.03833923488855362
9 0.1959684044122696 0.5342358946800232 0.05879533290863037 0.019919967278838158
9 0.7081447243690491 0.5223637223243713 0.07379398494958878 0.03566799312829971
9 0.9619382619857788 0.5544189214706421 0.07567939907312393 0.053880881518125534
