9 0.3879668116569519 0.5646539330482483 0.13209016621112823 0.06897783279418945
9 0.8257415890693665 0.5227539539337158 0.08519969135522842 0.04939546436071396
9 0.7286503314971924 0.532669186592102 0.09866104274988174 0.04883527755737305
9 0.5544424653053284 0.5536295771598816 0.08975248038768768 0.061121463775634766
9 0.627004861831665 0.5409828424453735 0.1087462455034256 0.05533637851476669
9 0.3813364505767822 0.49592214822769165 0.06931142508983612 0.033759020268917084
9 0.29955628514289856 0.5006647109985352 0.07357744872570038 0.03460884094238281
9 0.1484629064798355 0.5082514882087708 0.07947377860546112 0.03627815097570419
9 0.4316731095314026 0.4923047125339508 0.06641504913568497 0.030765915289521217
9 0.5317339897155762 0.4891204833984375 0.050218869000673294 0.020337199792265892
9 0.497109979391098 0.4901306629180908 0.059080980718135834 0.02160797081887722
9 0.23333510756492615 0.5051187872886658 0.07616130262613297 0.03542327880859375
9 0.5797549486160278 0.48558467626571655 0.05752000957727432 0.02042398415505886
