9 0.7846620678901672 0.7412684559822083 0.43022194504737854 0.28969916701316833
9 0.4607877731323242 0.6787659525871277 0.3646586537361145 0.1984495222568512
9 0.5709874033927917 0.5550994873046875 0.16481876373291016 0.07184819877147675
9 0.7077837586402893 0.5668341517448425 0.15337476134300232 0.08298034965991974
9 0.16361422836780548 0.5883094668388367 0.29468870162963867 0.11331234127283096
9 0.9106701612472534 0.5908972024917603 0.1782728135585785 0.10992307960987091
9 0.4665813446044922 0.5467160940170288 0.1543605625629425 0.06410350650548935
9 0.25421014428138733 0.5217124819755554 0.17398729920387268 0.043539904057979584
9 0.29736700654029846 0.638314425945282 0.323533833026886 0.1542031317949295
9 0.08118893951177597 0.5705126523971558 0.161946102976799 0.10954523086547852
9 0.16496780514717102 0.5157379508018494 0.1713380217552185 0.04217882081866264
9 0.3782990872859955 0.5397483110427856 0.1816546469926834 0.05410709232091904
