9 0.7877922654151917 0.734880268573761 0.4239911139011383 0.30013999342918396
9 0.3323267698287964 0.6819957494735718 0.4760643541812897 0.25608348846435547
9 0.6157993078231812 0.42454177141189575 0.38274937868118286 0.12133731693029404
9 0.6538465619087219 0.2632574439048767 0.06925000995397568 0.05140719562768936
9 0.8888499140739441 0.2760944068431854 0.06255912780761719 0.0511750690639019
9 0.23340292274951935 0.4426068365573883 0.34441471099853516 0.1378011405467987
9 0.10392097383737564 0.27145686745643616 0.20717474818229675 0.16447491943836212
9 0.5907815098762512 0.26309797167778015 0.06796284019947052 0.05179610103368759
9 0.9628642797470093 0.18283788859844208 0.04114551469683647 0.029942799359560013
9 0.13627877831459045 0.5276197195053101 0.27154484391212463 0.1617870330810547
9 0.5230326652526855 0.2611275911331177 0.09243039786815643 0.04875512048602104
9 0.090628482401371 0.6361742615699768 0.1809820681810379 0.24293823540210724
9 0.8032945394515991 0.27329257130622864 0.05985736846923828 0.03360710293054581
9 0.37052130699157715 0.41707858443260193 0.15793943405151367 0.10241973400115967
9 0.8400698900222778 0.17785674333572388 0.043021202087402344 0.026187920942902565
9 0.4256160855293274 0.5355360507965088 0.39009687304496765 0.17060022056102753
9 0.9549639821052551 0.2796940505504608 0.07313461601734161 0.052243757992982864
9 0.8864094018936157 0.17915280163288116 0.047173500061035156 0.02302834950387478
9 0.9895674586296082 0.18396271765232086 0.02073516882956028 0.02584655210375786
9 0.924437403678894 0.1808287352323532 0.03830528259277344 0.025206517428159714
9 0.22879961133003235 0.22126145660877228 0.3417806625366211 0.1399943232536316
9 0.4164416790008545 0.22206290066242218 0.20888793468475342 0.08970379829406738
9 0.9954131841659546 0.28680533170700073 0.008949661627411842 0.03652644157409668
