9 0.7846015095710754 0.7500767707824707 0.4299612045288086 0.2176550328731537
9 0.4295288920402527 0.6672115325927734 0.33406782150268555 0.24571600556373596
9 0.913677990436554 0.5884751677513123 0.17217311263084412 0.0713779479265213
9 0.21834704279899597 0.6852177977561951 0.2974436283111572 0.13186244666576385
9 0.5976776480674744 0.5674095153808594 0.06262187659740448 0.046767521649599075
9 0.105524942278862 0.6573722958564758 0.2105729579925537 0.1616324484348297
9 0.7552101016044617 0.5735044479370117 0.07872142642736435 0.049227047711610794
9 0.36121636629104614 0.5604872107505798 0.10247089713811874 0.03968000411987305
9 0.6710565090179443 0.5695767402648926 0.0853235274553299 0.050742246210575104
9 0.5476964116096497 0.565592885017395 0.06214485317468643 0.043453119695186615
9 0.4517842233181 0.5626143217086792 0.11884765326976776 0.04145221784710884
9 0.09166032075881958 0.5562621355056763 0.16548001766204834 0.038530539721250534
9 0.6251590251922607 0.5336329340934753 0.05102100223302841 0.026491641998291016
9 0.4235077500343323 0.5263596177101135 0.09469745308160782 0.02828388288617134
9 0.9633623957633972 0.5351449251174927 0.0724855437874794 0.020143890753388405
9 0.7308744192123413 0.5332220196723938 0.08475494384765625 0.03162346035242081
9 0.5736573338508606 0.5297559499740601 0.05839366838335991 0.028865432366728783
9 0.23772361874580383 0.5552566647529602 0.1312265843153 0.04219350963830948
9 0.9715834856033325 0.5680366158485413 0.05675220489501953 0.05998821184039116
9 0.9653825759887695 0.5133439302444458 0.06884288787841797 0.028876017779111862
9 0.2414427548646927 0.5276760458946228 0.15076617896556854 0.029074668884277344
