9 0.7847299575805664 0.7077392339706421 0.43007755279541016 0.3548583984375
9 0.583196222782135 0.5466066598892212 0.13249406218528748 0.08312435448169708
9 0.7099757790565491 0.5515751242637634 0.13725881278514862 0.08813066780567169
9 0.8258344531059265 0.5223938226699829 0.09772472083568573 0.054709624499082565
9 0.2851879596710205 0.5112335085868835 0.15333548188209534 0.04873313754796982
9 0.10234768688678741 0.6641161441802979 0.20421700179576874 0.11591672897338867
9 0.42614585161209106 0.5362265706062317 0.1972547471523285 0.08034954220056534
9 0.3596397936344147 0.6773419976234436 0.5199934840202332 0.24075956642627716
9 0.12247981876134872 0.5590288639068604 0.2441147267818451 0.10731887817382812
9 0.1745118647813797 0.5083605647087097 0.08377879858016968 0.032929133623838425
9 0.5095611810684204 0.49080580472946167 0.09728880226612091 0.02435130998492241
9 0.14150579273700714 0.5057682394981384 0.14726944267749786 0.038925837725400925
9 0.3057076632976532 0.663678765296936 0.4141464829444885 0.21175432205200195
