1 0.49487313628196716 0.4906162619590759 0.2823353707790375 0.1666339933872223
1 0.30939292907714844 0.4841880202293396 0.1232830062508583 0.07613267749547958
1 0.7147008180618286 0.48948878049850464 0.06684188544750214 0.08250703662633896
1 0.7955629229545593 0.48996978998184204 0.049539901316165924 0.05275535583496094
1 0.6691832542419434 0.48489099740982056 0.0321354866027832 0.02329263649880886
1 0.8737446069717407 0.4884205758571625 0.03884734958410263 0.031095504760742188
1 0.4282754063606262 0.48493924736976624 0.046180058270692825 0.02689971961081028
1 0.7446737289428711 0.4883233606815338 0.031522177159786224 0.02496013604104519
1 0.3934328258037567 0.4802355170249939 0.03829550743103027 0.026849841699004173
1 0.23316526412963867 0.48557907342910767 0.09009065479040146 0.04431924968957901
1 0.14351682364940643 0.48141956329345703 0.1407574713230133 0.067304328083992
