1 0.683637261390686 0.5022994875907898 0.09317950904369354 0.19142389297485352
1 0.5900312066078186 0.5375752449035645 0.13869762420654297 0.22222718596458435
1 0.7610021233558655 0.23619344830513 0.04776792600750923 0.04036102443933487
1 0.6532110571861267 0.2508496046066284 0.04373187944293022 0.07055763900279999
1 0.7283396124839783 0.2597835958003998 0.03308572620153427 0.037032078951597214
1 0.6971333622932434 0.26518377661705017 0.03147087246179581 0.03224224969744682
1 0.40699243545532227 0.5779731273651123 0.3009013235569 0.22139444947242737
1 0.486543744802475 0.5690707564353943 0.1402301788330078 0.1557999551296234
1 0.61456298828125 0.27279189229011536 0.03221168369054794 0.022651052102446556
1 0.33377593755722046 0.5069685578346252 0.5670598149299622 0.22099438309669495
1 0.5122916102409363 0.2745344340801239 0.03220853954553604 0.016407299786806107
1 0.546586811542511 0.27182817459106445 0.0357975959777832 0.027552509680390358
1 0.581524133682251 0.2649052143096924 0.035968877375125885 0.042221736162900925
1 0.48284998536109924 0.27087581157684326 0.02853536605834961 0.015744591131806374
1 0.4103620946407318 0.27583175897598267 0.09363336861133575 0.0330326072871685
