1 0.798498809337616 0.4793906807899475 0.050725698471069336 0.0709327682852745
1 0.3055534362792969 0.49041610956192017 0.10592861473560333 0.06280775368213654
1 0.506331741809845 0.44430527091026306 0.24312524497509003 0.2891901135444641
1 0.8703066110610962 0.4784231185913086 0.04595756530761719 0.048371315002441406
1 0.6698217391967773 0.47897711396217346 0.02776307985186577 0.0353124625980854
1 0.3931047320365906 0.47794628143310547 0.03481883928179741 0.03515272215008736
1 0.7196986079216003 0.4832950234413147 0.06846866756677628 0.0980193167924881
1 0.5910344123840332 0.4726046919822693 0.02263956144452095 0.04210395738482475
1 0.429115355014801 0.47046756744384766 0.042258262634277344 0.05787515640258789
1 0.23887357115745544 0.4829995036125183 0.06066574901342392 0.04731331020593643
1 0.14931370317935944 0.4658721089363098 0.14689476788043976 0.09977474063634872
