1 0.7113874554634094 0.4920221269130707 0.06778497993946075 0.07304830849170685
1 0.232229083776474 0.4852810800075531 0.09447073936462402 0.06776132434606552
1 0.29827648401260376 0.4863564372062683 0.0452449806034565 0.040699101984500885
1 0.5815922021865845 0.502518892288208 0.08476972579956055 0.1223454475402832
1 0.15424029529094696 0.48967117071151733 0.06468000262975693 0.045943547040224075
1 0.49799710512161255 0.4846229553222656 0.06366367638111115 0.07164011150598526
1 0.8730121850967407 0.4907810091972351 0.042113304138183594 0.033177852630615234
1 0.5377813577651978 0.4868670105934143 0.030649567022919655 0.04439687728881836
1 0.4337916374206543 0.48654207587242126 0.023738574236631393 0.024876784533262253
1 0.4093325734138489 0.4923498034477234 0.025501180440187454 0.018398284912109375
1 0.36806797981262207 0.4861442446708679 0.019787978380918503 0.027229975908994675
