6 0.09947144985198975 0.5754604339599609 0.13814187049865723 0.05986137315630913
6 0.36234191060066223 0.49357056617736816 0.027087116613984108 0.01185455359518528
6 0.37636256217956543 0.5599140524864197 0.13935939967632294 0.04843197017908096
6 0.6340400576591492 0.5380229949951172 0.06282558292150497 0.038195133209228516
6 0.17765407264232635 0.5690290331840515 0.09918631613254547 0.05092983320355415
6 0.5385380983352661 0.5503860712051392 0.08131389319896698 0.03845195844769478
6 0.5498318076133728 0.4936959147453308 0.016518497839570045 0.013131904415786266
6 0.026345932856202126 0.5904062390327454 0.05272642523050308 0.05886344984173775
6 0.6929013133049011 0.5027855038642883 0.022935200482606888 0.008734512142837048
6 0.5873860120773315 0.542037308216095 0.0796082466840744 0.0432470329105854
6 0.31579768657684326 0.49960607290267944 0.020856332033872604 0.008952712640166283
6 0.4565575122833252 0.5558845400810242 0.11786315590143204 0.04406595230102539
