6 0.29541459679603577 0.6345810294151306 0.590447723865509 0.28064480423927307
6 0.680509090423584 0.2561054229736328 0.11654090881347656 0.06938223540782928
6 0.9354819059371948 0.26668620109558105 0.11428584903478622 0.05843792110681534
6 0.11038903892040253 0.2802051305770874 0.220374196767807 0.17872905731201172
6 0.21285071969032288 0.24379894137382507 0.42353352904319763 0.15632577240467072
6 0.6010159850120544 0.26557689905166626 0.08276786655187607 0.04791827127337456
6 0.7446932792663574 0.1620677411556244 0.15727858245372772 0.10101336240768433
6 0.3843759596347809 0.5270411968231201 0.5077655911445618 0.21350030601024628
6 0.035728175193071365 0.32548683881759644 0.07104390859603882 0.09207014739513397
6 0.7126042246818542 0.3540423512458801 0.2943996489048004 0.09382517635822296
6 0.28333163261413574 0.18439881503582 0.35771363973617554 0.11929798126220703
