6 0.42396169900894165 0.5551460385322571 0.16787350177764893 0.05721597746014595
6 0.893060564994812 0.5890035033226013 0.09689807891845703 0.08039875328540802
6 0.7143570780754089 0.5475792288780212 0.12162847816944122 0.0504365935921669
6 0.31469500064849854 0.48355546593666077 0.10553612560033798 0.03089113160967827
6 0.6910856366157532 0.5022736191749573 0.028442859649658203 0.011962031945586205
6 0.5852029323577881 0.5483542084693909 0.1300339698791504 0.05470123142004013
6 0.840164065361023 0.5304138660430908 0.06876011192798615 0.04069366306066513
6 0.9625571966171265 0.9431017637252808 0.0739360824227333 0.112726591527462
6 0.2671318054199219 0.512281060218811 0.05208554118871689 0.014841651543974876
6 0.14639177918434143 0.5593562722206116 0.2133803367614746 0.07313642650842667
6 0.5918751358985901 0.5020706057548523 0.03319988399744034 0.013454342260956764
6 0.14714530110359192 0.4806044101715088 0.13291415572166443 0.04513197019696236
6 0.12570355832576752 0.5155876874923706 0.07824203372001648 0.021094609051942825
6 0.9578756093978882 0.5237510204315186 0.08382320404052734 0.08261136710643768
6 0.49100393056869507 0.5291162729263306 0.11367616802453995 0.03641862794756889
