6 0.5639951825141907 0.38354548811912537 0.11550883948802948 0.0460047721862793
6 0.8685797452926636 0.35789090394973755 0.0931486114859581 0.03688206523656845
6 0.7444971799850464 0.44681134819984436 0.14192461967468262 0.06634988635778427
6 0.4944402575492859 0.5218374133110046 0.24475383758544922 0.11313982307910919
6 0.22173242270946503 0.30485400557518005 0.06951089203357697 0.09825529903173447
6 0.3649336099624634 0.27748358249664307 0.039289332926273346 0.015630388632416725
6 0.25833699107170105 0.4215392470359802 0.15127353370189667 0.051925014704465866
6 0.11582253128290176 0.4595014154911041 0.17397931218147278 0.0714658722281456
6 0.20922744274139404 0.3889382481575012 0.13625803589820862 0.04867992550134659
6 0.1269446164369583 0.18948718905448914 0.25359654426574707 0.3773207664489746
6 0.7590304017066956 0.3127458393573761 0.10583353042602539 0.02370128594338894
