6 0.0537802055478096 0.5953668355941772 0.10727737843990326 0.0564943328499794
6 0.5152353644371033 0.5332236886024475 0.04699239879846573 0.019779015332460403
6 0.6942847967147827 0.5215008854866028 0.028797436505556107 0.015075969509780407
6 0.2718357741832733 0.5150664448738098 0.026895571500062943 0.013286685571074486
6 0.42472338676452637 0.5284990668296814 0.04070758819580078 0.015887927263975143
6 0.5657976269721985 0.5634087324142456 0.07778844982385635 0.022678185254335403
6 0.6152324080467224 0.5449254512786865 0.056748390197753906 0.023293113335967064
6 0.4578165113925934 0.5203602313995361 0.02551431581377983 0.012289142236113548
6 0.38279056549072266 0.5627650022506714 0.0717693567276001 0.019907856360077858
6 0.16119936108589172 0.501505434513092 0.023581385612487793 0.01840810850262642
6 0.57932448387146 0.5126186609268188 0.01880674436688423 0.00932531338185072
6 0.8827389478683472 0.49665507674217224 0.06969108432531357 0.01984081231057644
