6 0.2796662747859955 0.6702962517738342 0.48981809616088867 0.24432525038719177
6 0.9543434381484985 0.5566591620445251 0.09080734103918076 0.11393413692712784
6 0.7831703424453735 0.7163095474243164 0.43350887298583984 0.31923216581344604
6 0.10719461739063263 0.5349165797233582 0.21373167634010315 0.15257731080055237
6 0.4350401759147644 0.5317258238792419 0.2846914231777191 0.11378307640552521
6 0.7315254211425781 0.5454727411270142 0.16838836669921875 0.11234293133020401
6 0.5502301454544067 0.5671582818031311 0.06608877331018448 0.043416690081357956
6 0.8634885549545288 0.5264804363250732 0.15715065598487854 0.05983762815594673
6 0.07620475441217422 0.6645222902297974 0.152192622423172 0.14574451744556427
6 0.1767483800649643 0.5500792860984802 0.1860138177871704 0.0900564193725586
