6 0.3761855363845825 0.5647232532501221 0.1022009402513504 0.028340529650449753
6 0.6109540462493896 0.5441378355026245 0.0646204948425293 0.02798471413552761
6 0.5510903596878052 0.5592694878578186 0.07246341556310654 0.02033214643597603
6 0.07248370349407196 0.6001457571983337 0.1011856347322464 0.026695823296904564
6 0.46698707342147827 0.544513463973999 0.18044984340667725 0.043206311762332916
6 0.882050633430481 0.4965135157108307 0.06812934577465057 0.01621227338910103
6 0.02742309495806694 0.604914665222168 0.05463552474975586 0.03487558290362358
6 0.08844725042581558 0.5167632699012756 0.10489313304424286 0.026350880041718483
6 0.4491347670555115 0.5286852717399597 0.06351566314697266 0.021005820482969284
6 0.1226130947470665 0.5790305137634277 0.211398646235466 0.03745412826538086
6 0.1130887046456337 0.5354745984077454 0.11890764534473419 0.01404790859669447
6 0.0915648341178894 0.5597559213638306 0.07472608238458633 0.015886878594756126
