6 0.14634118974208832 0.506200909614563 0.05312015861272812 0.024184703826904297
6 0.7117422223091125 0.5207511782646179 0.07806320488452911 0.031462572515010834
6 0.36128607392311096 0.49368852376937866 0.02203965187072754 0.011847496032714844
6 0.27688655257225037 0.5067806839942932 0.04434404522180557 0.023818206042051315
6 0.536048173904419 0.4932585656642914 0.035166166722774506 0.012622833251953125
6 0.20337268710136414 0.4955386221408844 0.02974862977862358 0.015109634026885033
6 0.4191010594367981 0.5623606443405151 0.14411592483520508 0.05961284786462784
6 0.22546017169952393 0.4928537905216217 0.014678573235869408 0.009973335079848766
6 0.7469781637191772 0.49295735359191895 0.030574511736631393 0.011283588595688343
6 0.4511759877204895 0.5253629088401794 0.07560978084802628 0.0271471980959177
6 0.5035229325294495 0.48971349000930786 0.01392145175486803 0.008690739050507545
6 0.25217458605766296 0.4876158833503723 0.019005203619599342 0.0081634521484375
6 0.47998008131980896 0.48922768235206604 0.013866138644516468 0.009483051486313343
6 0.6001747846603394 0.5352925658226013 0.10295810550451279 0.046629808843135834
6 0.7769821882247925 0.49442633986473083 0.013379191979765892 0.008031845092773438
6 0.523247241973877 0.5484309792518616 0.1200624480843544 0.05253114551305771
6 0.8797357678413391 0.49555087089538574 0.05034961551427841 0.01365194283425808
