6 0.685411274433136 0.1470322459936142 0.3312987685203552 0.29325878620147705
6 0.27813926339149475 0.6205851435661316 0.5547518730163574 0.27321165800094604
6 0.04486032575368881 0.907049298286438 0.08955712616443634 0.18473339080810547
6 0.10912765562534332 0.24618880450725555 0.21789619326591492 0.26121029257774353
6 0.3376922309398651 0.5004371404647827 0.5316300988197327 0.19895724952220917
6 0.5281280279159546 0.47167760133743286 0.35858938097953796 0.19168539345264435
6 0.13214392960071564 0.691269040107727 0.2635785639286041 0.2581596374511719
6 0.612434446811676 0.4146555960178375 0.3070344924926758 0.11414327472448349
6 0.7129055857658386 0.37518277764320374 0.23106245696544647 0.09637069702148438
6 0.6704300045967102 0.3952859342098236 0.24821338057518005 0.10526438057422638
