6 0.2965858578681946 0.46115416288375854 0.15093474090099335 0.12825870513916016
6 0.7805101275444031 0.7660714387893677 0.4381839632987976 0.2803705632686615
6 0.09467259794473648 0.4759162366390228 0.09624624252319336 0.09703493118286133
6 0.7225341200828552 0.5609360337257385 0.15124110877513885 0.047525979578495026
6 0.3393297791481018 0.6776978373527527 0.5127450227737427 0.1838817596435547
6 0.396109938621521 0.5743416547775269 0.18216577172279358 0.0838322639465332
6 0.6227608919143677 0.5418857336044312 0.07215776294469833 0.03876037523150444
6 0.08410576730966568 0.6569729447364807 0.16780856251716614 0.1844325065612793
6 0.2005205601453781 0.5111397504806519 0.025034774094820023 0.01994914934039116
6 0.16355901956558228 0.5116717219352722 0.026526879519224167 0.018165016546845436
6 0.5656614899635315 0.558336615562439 0.12633714079856873 0.0669834166765213
6 0.8627170324325562 0.5917492508888245 0.15912699699401855 0.10980119556188583
