6 0.5323412418365479 0.49472540616989136 0.0430445671081543 0.020691394805908203
6 0.43038424849510193 0.5490955710411072 0.16935613751411438 0.0690545067191124
6 0.5816800594329834 0.5445497632026672 0.13837166130542755 0.07384634017944336
6 0.15937428176403046 0.503754734992981 0.0856253057718277 0.030869770795106888
6 0.4274406433105469 0.4934186339378357 0.0411861427128315 0.011198997497558594
6 0.7114711999893188 0.5373818874359131 0.12447471916675568 0.0683814063668251
6 0.5129249095916748 0.47983473539352417 0.027442550286650658 0.013224887661635876
6 0.2942754626274109 0.5010371804237366 0.07714381068944931 0.03264598920941353
6 0.3743871748447418 0.49498024582862854 0.04458332061767578 0.02046985551714897
6 0.2448379546403885 0.4717859625816345 0.02134880982339382 0.009328937157988548
6 0.9630511403083801 0.46120962500572205 0.02254638634622097 0.008607005700469017
6 0.22172942757606506 0.492400586605072 0.023670101538300514 0.011926556006073952
6 0.30917343497276306 0.4678279757499695 0.017515946179628372 0.007358551025390625
