6 0.5327884554862976 0.49053558707237244 0.03143730014562607 0.011677742004394531
6 0.28674542903900146 0.5027023553848267 0.046333931386470795 0.010859680362045765
6 0.6044828295707703 0.5486144423484802 0.08392886817455292 0.030778121203184128
6 0.6999459266662598 0.5021954774856567 0.043266963213682175 0.010883522219955921
6 0.4372080862522125 0.5217617750167847 0.06227932125329971 0.014444065280258656
6 0.42437905073165894 0.4892846941947937 0.03116149827837944 0.0088660242035985
6 0.8754890561103821 0.4941631853580475 0.03426666185259819 0.01315088290721178
6 0.15269097685813904 0.5093878507614136 0.051842380315065384 0.013832950964570045
6 0.24629437923431396 0.4841988682746887 0.023615693673491478 0.008988666348159313
6 0.5158274173736572 0.4766060709953308 0.020144272595643997 0.011006164364516735
6 0.4076904356479645 0.4798460900783539 0.01774158515036106 0.009324836544692516
