6 0.893659770488739 0.6013287901878357 0.07163886725902557 0.0484655387699604
6 0.07703991234302521 0.602088451385498 0.10806236416101456 0.04948844760656357
6 0.28554606437683105 0.4267207682132721 0.05959510803222656 0.03162183612585068
6 0.8106514811515808 0.6438184380531311 0.07563366740942001 0.05474290996789932
6 0.8314203023910522 0.5320718288421631 0.0705413818359375 0.044260501861572266
6 0.6293777823448181 0.7413129210472107 0.07601375877857208 0.07444343715906143
6 0.3728378713130951 0.5633159875869751 0.08638589084148407 0.03939809650182724
6 0.7036919593811035 0.5096349120140076 0.053456973284482956 0.038374900817871094
6 0.12983956933021545 0.5030415058135986 0.08744382858276367 0.035311508923769
6 0.46294936537742615 0.6084516644477844 0.08321018517017365 0.05012207105755806
6 0.5532640218734741 0.5637576580047607 0.07129335403442383 0.03629016876220703
6 0.5148542523384094 0.7478064894676208 0.08585309982299805 0.06987085193395615
6 0.3283325731754303 0.6450996994972229 0.09265909343957901 0.0551699623465538
6 0.5054247379302979 0.47388291358947754 0.06626243889331818 0.03477277606725693
6 0.29150819778442383 0.5020853281021118 0.0760417953133583 0.03512001037597656
6 0.61468106508255 0.543777585029602 0.06938447803258896 0.039629362523555756
6 0.2519857883453369 0.48388904333114624 0.057669974863529205 0.03535594791173935
6 0.23108652234077454 0.6956110596656799 0.11787519603967667 0.061098385602235794
6 0.7395612597465515 0.6885284781455994 0.06734466552734375 0.06876029819250107
6 0.4374919831752777 0.513523280620575 0.07967598736286163 0.030983353033661842
6 0.984671413898468 0.5682874917984009 0.03038635291159153 0.027709484100341797
6 0.5104730725288391 0.5292093753814697 0.07654571533203125 0.040741730481386185
6 0.42794880270957947 0.4873310923576355 0.0658147782087326 0.03184795379638672
6 0.40214815735816956 0.4610172212123871 0.0657573714852333 0.033287905156612396
6 0.4828201234340668 0.8432304263114929 0.07913760840892792 0.08795122802257538
