6 0.7637869119644165 0.2818661034107208 0.03959827497601509 0.020738745108246803
6 0.48408302664756775 0.26442593336105347 0.017603587359189987 0.011519098654389381
6 0.9310287237167358 0.2864907681941986 0.03580150753259659 0.017789315432310104
6 0.21720901131629944 0.4199334681034088 0.19787248969078064 0.07507848739624023
6 0.36729949712753296 0.2893376648426056 0.04027128219604492 0.01768512651324272
6 0.5870195627212524 0.27278682589530945 0.0300871841609478 0.015291118994355202
6 0.8574697375297546 0.25100162625312805 0.01907367631793022 0.010712051764130592
6 0.6906346082687378 0.2604679465293884 0.016577433794736862 0.012061643414199352
6 0.5170021057128906 0.25589945912361145 0.01760578155517578 0.01053619384765625
6 0.48930901288986206 0.5302466750144958 0.27134326100349426 0.11762857437133789
6 0.21748924255371094 0.2562648355960846 0.014666939154267311 0.01107802428305149
6 0.974112331867218 0.24598491191864014 0.010642051696777344 0.008194589987397194
6 0.41917911171913147 0.25533434748649597 0.012877464294433594 0.008832072839140892
6 0.5853146910667419 0.24861493706703186 0.02467203140258789 0.011049270629882812
6 0.28979697823524475 0.25836727023124695 0.015055036172270775 0.009374523535370827
6 0.7791733741760254 0.2505837678909302 0.009933853521943092 0.007361364550888538
6 0.5600205659866333 0.24865099787712097 0.006753253750503063 0.007433938793838024
6 0.6505259871482849 0.24819247424602509 0.0076232911087572575 0.009382200427353382
