6 0.2688918709754944 0.6964135766029358 0.04908332973718643 0.051283739507198334
6 0.6121678352355957 0.5458738207817078 0.0699625015258789 0.030116748064756393
6 0.1455579400062561 0.5099743604660034 0.06145155429840088 0.023105334490537643
6 0.08218185603618622 0.6020663380622864 0.09162161499261856 0.03383970260620117
6 0.4774162173271179 0.8045385479927063 0.05758228152990341 0.053854942321777344
6 0.3751576542854309 0.561385989189148 0.06765718758106232 0.0316346175968647
6 0.5155450701713562 0.4757053852081299 0.038084886968135834 0.02330598793923855
6 0.4255233407020569 0.5175468921661377 0.06266558170318604 0.025705624371767044
6 0.29191672801971436 0.4987833499908447 0.05185522884130478 0.025430679321289062
6 0.39340075850486755 0.4604606032371521 0.045160867273807526 0.018259907141327858
6 0.7198343276977539 0.44197386503219604 0.03548784181475639 0.017468739300966263
6 0.5028552412986755 0.7511953115463257 0.06395425647497177 0.05549678951501846
6 0.7498989105224609 0.6582663655281067 0.09687099605798721 0.044477175921201706
6 0.4664052426815033 0.6042315363883972 0.08546285331249237 0.03873128816485405
6 0.7387095093727112 0.30221623182296753 0.0525144562125206 0.008968209847807884
6 0.7842986583709717 0.5007078051567078 0.05732259899377823 0.016645431518554688
