6 0.8268089294433594 0.5259632468223572 0.05281352996826172 0.02868795394897461
6 0.4468991160392761 0.5170760154724121 0.05027494579553604 0.019344042986631393
6 0.1305636465549469 0.5160137414932251 0.04398622363805771 0.019279956817626953
6 0.8773356676101685 0.49730539321899414 0.0330936424434185 0.016963481903076172
6 0.0541982427239418 0.6003248691558838 0.10803570598363876 0.048707008361816406
6 0.5672158598899841 0.478303998708725 0.024187659844756126 0.011725425720214844
6 0.7532634735107422 0.49397867918014526 0.029345225542783737 0.015779972076416016
6 0.16297291219234467 0.5000948905944824 0.031841348856687546 0.016147995367646217
6 0.8358049392700195 0.47542673349380493 0.021557997912168503 0.012468243017792702
6 0.7615712881088257 0.6476779580116272 0.0895627960562706 0.04741096496582031
6 0.38192519545555115 0.5538741946220398 0.0734415277838707 0.04138164594769478
6 0.6122364401817322 0.5448064208030701 0.0665503516793251 0.02597198449075222
6 0.276653528213501 0.5109656453132629 0.04181728512048721 0.01753988303244114
6 0.3609255254268646 0.49439436197280884 0.02675933763384819 0.013824653811752796
6 0.5346989631652832 0.4952135980129242 0.03434696048498154 0.014786911197006702
6 0.7239412069320679 0.47356730699539185 0.020688246935606003 0.010805988684296608
6 0.6550328731536865 0.47998684644699097 0.0215027816593647 0.010836792178452015
6 0.4246286451816559 0.48853057622909546 0.03360385820269585 0.012317275628447533
6 0.4858136773109436 0.48327621817588806 0.027470111846923828 0.0096289636567235
6 0.6977885365486145 0.515923798084259 0.04140596464276314 0.026437854394316673
6 0.5129152536392212 0.4747644066810608 0.024669170379638672 0.013727855868637562
6 0.2470175325870514 0.4787288308143616 0.019270706921815872 0.014750385656952858
6 0.9742711782455444 0.4643344283103943 0.013892173767089844 0.008788013830780983
6 0.4390391707420349 0.47549891471862793 0.015915488824248314 0.009648418053984642
6 0.5969017744064331 0.4688960611820221 0.01637239381670952 0.008710098452866077
6 0.3022790849208832 0.49105149507522583 0.030672121793031693 0.011063098907470703
6 0.21350887417793274 0.48964089155197144 0.03840917348861694 0.01316842995584011
6 0.633884608745575 0.4707351624965668 0.015508079901337624 0.008227062411606312
6 0.5615972876548767 0.5673837065696716 0.0771973580121994 0.026027869433164597
6 0.393227219581604 0.4591469168663025 0.009350776672363281 0.007252884097397327
6 0.08041583746671677 0.49548086524009705 0.017710650339722633 0.013175487518310547
6 0.36928412318229675 0.47241121530532837 0.012792348861694336 0.011474418453872204
6 0.40453219413757324 0.47844862937927246 0.018036389723420143 0.010166550055146217
6 0.31041398644447327 0.47111207246780396 0.013392781838774681 0.008085250854492188
6 0.7928480505943298 0.4702504575252533 0.011700725182890892 0.008445262908935547
6 0.4777556359767914 0.47120022773742676 0.015569781884551048 0.009981155395507812
6 0.8825246095657349 0.44990596175193787 0.007870674133300781 0.008480643853545189
