6 0.5098580121994019 0.48369917273521423 0.07079839706420898 0.03140220791101456
6 0.7133145928382874 0.5024427771568298 0.0622769370675087 0.040205955505371094
6 0.29487672448158264 0.5020754933357239 0.08029775321483612 0.037151239812374115
6 0.39790448546409607 0.5541650056838989 0.09505665302276611 0.041939448565244675
6 0.42108267545700073 0.4853561520576477 0.049627114087343216 0.02963418886065483
6 0.06373739242553711 0.6003802418708801 0.1270461082458496 0.053927041590213776
6 0.43807417154312134 0.5243392586708069 0.09799301624298096 0.03582582622766495
6 0.5833388566970825 0.5520803332328796 0.1243770569562912 0.0522034652531147
6 0.7921949625015259 0.49421587586402893 0.044962454587221146 0.036791227757930756
6 0.14892740547657013 0.506750226020813 0.09011399745941162 0.03560800477862358
6 0.5101619362831116 0.5352290272712708 0.08883552253246307 0.03786478191614151
6 0.5993795394897461 0.544094443321228 0.09244251251220703 0.037842847406864166
