6 0.6934362053871155 0.504035472869873 0.02200641669332981 0.010399818420410156
6 0.5901740193367004 0.5041012167930603 0.03352480009198189 0.014392852783203125
6 0.27463456988334656 0.5120560526847839 0.03636889532208443 0.011138057336211205
6 0.44553661346435547 0.5202261209487915 0.046680547297000885 0.015164375305175781
6 0.607840359210968 0.5492916107177734 0.08296041190624237 0.029412269592285156
6 0.7578452229499817 0.4939343333244324 0.05129213258624077 0.012192344292998314
6 0.8820033073425293 0.4953681528568268 0.043460845947265625 0.013782215304672718
6 0.16085058450698853 0.500887930393219 0.025678444653749466 0.009988498874008656
6 0.36447232961654663 0.4961767792701721 0.019914675503969193 0.008912849240005016
6 0.141014963388443 0.5113804340362549 0.0336284413933754 0.01389236468821764
6 0.5363828539848328 0.49243077635765076 0.03236789628863335 0.009527778252959251
6 0.3140578866004944 0.5004776120185852 0.023879338055849075 0.008031177334487438
6 0.22399616241455078 0.4921751916408539 0.011286592110991478 0.008290481753647327
6 0.9826511144638062 0.4972735047340393 0.03444652631878853 0.008326530456542969
6 0.0854235291481018 0.49224740266799927 0.014458524994552135 0.007312011905014515
6 0.41365471482276917 0.4907342791557312 0.011071205139160156 0.005594921298325062
6 0.4793330132961273 0.4912509024143219 0.01314477901905775 0.007199668791145086
6 0.37012147903442383 0.5619479417800903 0.09482596069574356 0.02631063386797905
