6 0.8440716862678528 0.5303649306297302 0.04787864536046982 0.02474946901202202
6 0.693148672580719 0.5137709975242615 0.027483653277158737 0.017708968371152878
6 0.06196167320013046 0.6049526929855347 0.12331390380859375 0.05659227445721626
6 0.37754204869270325 0.5648505687713623 0.08487115055322647 0.027695083990693092
6 0.4479336738586426 0.5243828892707825 0.05211992189288139 0.014888191595673561
6 0.6129825115203857 0.5458468794822693 0.06904115527868271 0.03277788311243057
6 0.4038671851158142 0.5071567296981812 0.03154938295483589 0.01081304531544447
6 0.31551119685173035 0.5021265149116516 0.026672696694731712 0.010847854427993298
6 0.5802209973335266 0.5122195482254028 0.03226585313677788 0.01625537872314453
6 0.2711489200592041 0.5154880285263062 0.03997292369604111 0.01564464531838894
6 0.16286703944206238 0.5031055212020874 0.025368381291627884 0.010253715328872204
6 0.3664103150367737 0.49630171060562134 0.01948699913918972 0.00866231881082058
6 0.22543230652809143 0.5022242665290833 0.02807755395770073 0.010386371985077858
6 0.13236966729164124 0.5186499953269958 0.04387054592370987 0.017462540417909622
6 0.5233716368675232 0.4971998333930969 0.019397545605897903 0.011384963989257812
6 0.5443809032440186 0.4938638210296631 0.018541812896728516 0.00955047644674778
