6 0.5940099954605103 0.5494519472122192 0.10753297805786133 0.04160146787762642
6 0.13908471167087555 0.5132272839546204 0.06169118732213974 0.02327890321612358
6 0.05256577581167221 0.597204327583313 0.10492372512817383 0.054311465471982956
6 0.2825738489627838 0.5064065456390381 0.05558929592370987 0.019003581255674362
6 0.8766685724258423 0.49961185455322266 0.038385964930057526 0.016924381256103516
6 0.8350657224655151 0.5273407101631165 0.0684410110116005 0.030122851952910423
6 0.5362581610679626 0.49553003907203674 0.035393714904785156 0.014125538058578968
6 0.4395887851715088 0.5277872681617737 0.08372964709997177 0.02688121795654297
6 0.41007739305496216 0.5629602074623108 0.13331671059131622 0.038765810430049896
6 0.7136292457580566 0.514508843421936 0.05747871473431587 0.02793140336871147
6 0.24542780220508575 0.4883769154548645 0.030183125287294388 0.013419819064438343
6 0.39499565958976746 0.4873834550380707 0.03212113305926323 0.01406173687428236
6 0.7278864979743958 0.5007691383361816 0.03543968126177788 0.016086768358945847
