6 0.483254611492157 0.8466402292251587 0.07429094612598419 0.052843473851680756
6 0.1503593474626541 0.5061053037643433 0.10018251836299896 0.04016895219683647
6 0.35947513580322266 0.27771106362342834 0.06168618053197861 0.021625757217407227
6 0.5862485766410828 0.2747023403644562 0.03540630266070366 0.016135502606630325
6 0.38199058175086975 0.2499360591173172 0.05948631837964058 0.02025618590414524
6 0.16371099650859833 0.2239513099193573 0.03780362755060196 0.012103748507797718
6 0.8757217526435852 0.2421189248561859 0.04734458774328232 0.014068936929106712
6 0.38017159700393677 0.5574827790260315 0.10074670612812042 0.0457247719168663
6 0.5119706988334656 0.48749738931655884 0.08938656002283096 0.041782476007938385
6 0.5220129489898682 0.2652750611305237 0.0523928627371788 0.01563396491110325
6 0.5691857933998108 0.5587216019630432 0.09684868156909943 0.0302245132625103
6 0.22837917506694794 0.250478595495224 0.04864487797021866 0.011599254794418812
6 0.8356207609176636 0.17250880599021912 0.02865448035299778 0.011793660931289196
6 0.09470658004283905 0.22910699248313904 0.03646962717175484 0.010667944326996803
6 0.4417828619480133 0.520751953125 0.09273204952478409 0.030698394402861595
6 0.21699364483356476 0.1744690239429474 0.036105357110500336 0.015338277444243431
6 0.5129980444908142 0.5304291844367981 0.09769973903894424 0.03524332121014595
6 0.7335699200630188 0.18490912020206451 0.04168863222002983 0.01533207856118679
6 0.5870204567909241 0.20806936919689178 0.04338064044713974 0.014306831173598766
6 0.9307087063789368 0.2921699285507202 0.04643116146326065 0.014669418334960938
6 0.7673578858375549 0.23226527869701385 0.034177493304014206 0.011523532681167126
6 0.6918953061103821 0.5069809556007385 0.023180389776825905 0.012171745300292969
6 0.7094835042953491 0.229230597615242 0.031197737902402878 0.013280009850859642
6 0.3008217513561249 0.49956434965133667 0.09689535945653915 0.04350242763757706
6 0.6046063899993896 0.5417940020561218 0.07757101207971573 0.0388035774230957
