6 0.5341038107872009 0.49081239104270935 0.029650498181581497 0.010468673892319202
6 0.597257137298584 0.5490008592605591 0.09491290897130966 0.03058939054608345
6 0.14976941049098969 0.5102470517158508 0.04771897941827774 0.014288711361587048
6 0.28600984811782837 0.5035465955734253 0.04588789865374565 0.011645031161606312
6 0.6982303857803345 0.5027666091918945 0.03050994873046875 0.010001850314438343
6 0.5664984583854675 0.47701495885849 0.023548031225800514 0.012148285284638405
6 0.8776692152023315 0.5000844597816467 0.037668801844120026 0.009683799929916859
6 0.41039782762527466 0.483473002910614 0.022540856152772903 0.016455937176942825
6 0.43480491638183594 0.515796422958374 0.0688314437866211 0.025509262457489967
6 0.3696705400943756 0.48725757002830505 0.01868290826678276 0.011049365624785423
6 0.22664156556129456 0.49113836884498596 0.01736154593527317 0.01053771935403347
6 0.24793437123298645 0.4827803671360016 0.019664382562041283 0.009053993038833141
6 0.48133572936058044 0.48261481523513794 0.018363285809755325 0.00808248482644558
6 0.4354228079319 0.4759271740913391 0.02175435982644558 0.012911987490952015
6 0.3011168837547302 0.4814612865447998 0.015224933624267578 0.009130763821303844
6 0.4321434497833252 0.4793883264064789 0.01662607118487358 0.00802755355834961
6 0.4104694426059723 0.4876719117164612 0.022170329466462135 0.00834951363503933
