6 0.06599708646535873 0.6010466814041138 0.12891514599323273 0.04469480365514755
6 0.519573450088501 0.5338049530982971 0.06020498275756836 0.02520780637860298
6 0.19754715263843536 0.7073336243629456 0.171309232711792 0.0915989875793457
6 0.6153836250305176 0.5442296862602234 0.06774511188268661 0.029517078772187233
6 0.691687285900116 0.5063294172286987 0.02467804029583931 0.01448202133178711
6 0.2738095819950104 0.5125174522399902 0.039407871663570404 0.010577583685517311
6 0.558621883392334 0.564686119556427 0.07900886237621307 0.02655611000955105
6 0.7734876871109009 0.6511203050613403 0.1050783172249794 0.04342537000775337
6 0.16370412707328796 0.5034105777740479 0.025896310806274414 0.011997985653579235
6 0.3630361557006836 0.4950692653656006 0.023316478356719017 0.009933853521943092
6 0.3740541338920593 0.5601086020469666 0.08283431828022003 0.039789773523807526
6 0.4568707346916199 0.5150460004806519 0.03839235380291939 0.01425247173756361
6 0.8885749578475952 0.611434280872345 0.07112006843090057 0.02999133989214897
6 0.31483954191207886 0.5007144808769226 0.028154660016298294 0.009592151269316673
6 0.8746232986450195 0.49331384897232056 0.03928203508257866 0.011732769198715687
6 0.48000621795654297 0.8135048151016235 0.11387987434864044 0.17238040268421173
6 0.5723361968994141 0.4809555411338806 0.014075279235839844 0.007382869720458984
6 0.42244118452072144 0.5188018679618835 0.04340534284710884 0.017952442169189453
6 0.22376365959644318 0.4916878640651703 0.01749558374285698 0.007652950473129749
6 0.5278671979904175 0.4911647439002991 0.02101430855691433 0.010519790463149548
6 0.25684940814971924 0.4850367605686188 0.021088887006044388 0.007580566219985485
6 0.4349660873413086 0.4894382953643799 0.02053995057940483 0.00711135845631361
6 0.47580599784851074 0.47158581018447876 0.015656471252441406 0.007295417599380016
6 0.5019637942314148 0.4821004867553711 0.012314128689467907 0.007421016693115234
6 0.13477613031864166 0.5120269656181335 0.034787438809871674 0.011879349127411842
6 0.4789716601371765 0.4860071539878845 0.01688404008746147 0.007676887325942516
6 0.41291362047195435 0.48916760087013245 0.0209229476749897 0.0072304727509617805
6 0.37011438608169556 0.4766198992729187 0.01155853271484375 0.006973838899284601
6 0.5431756377220154 0.4963916838169098 0.020758341997861862 0.009281349368393421
6 0.591474711894989 0.46957096457481384 0.007599353790283203 0.006120586302131414
6 0.30040690302848816 0.48257678747177124 0.014557409100234509 0.007538509555160999
