6 0.7073047161102295 0.509168267250061 0.06144857406616211 0.03551063686609268
6 0.42477816343307495 0.5118428468704224 0.08502969890832901 0.03787507861852646
6 0.8740020990371704 0.4919283986091614 0.0453617088496685 0.020307064056396484
6 0.5904808044433594 0.5405532717704773 0.11977958679199219 0.06464795768260956
6 0.5317144989967346 0.48843106627464294 0.021329402923583984 0.012357139959931374
6 0.4892277121543884 0.4835234582424164 0.03377895429730415 0.0103759765625
6 0.3492024838924408 0.4931362271308899 0.0173795223236084 0.010011672973632812
6 0.22836041450500488 0.4881688952445984 0.01748833619058132 0.01040182076394558
6 0.24687190353870392 0.4810641407966614 0.022240210324525833 0.014589500613510609
6 0.15755729377269745 0.5028775930404663 0.07607529312372208 0.030096912756562233
6 0.2847751975059509 0.4994796812534332 0.0631197914481163 0.025804996490478516
