6 0.2774488627910614 0.5055292844772339 0.02352137491106987 0.011984825134277344
6 0.16528619825839996 0.5051802396774292 0.025873947888612747 0.01581430435180664
6 0.3617498576641083 0.4936724305152893 0.018646622076630592 0.011779594235122204
6 0.6935942769050598 0.5037747025489807 0.02476043626666069 0.009865855798125267
6 0.5985038876533508 0.5424388647079468 0.07321605831384659 0.031858157366514206
6 0.41780105233192444 0.5168746113777161 0.042658496648073196 0.02208099327981472
6 0.535824179649353 0.4887997508049011 0.012568091973662376 0.010102177038788795
6 0.501447319984436 0.48217254877090454 0.008924389258027077 0.006237888243049383
6 0.4774269163608551 0.48538464307785034 0.01126794796437025 0.005604934878647327
6 0.4125039577484131 0.49079614877700806 0.014413642697036266 0.007130622863769531
