6 0.7194262742996216 0.8062421679496765 0.5613672733306885 0.25183215737342834
6 0.14958590269088745 0.574312150478363 0.2874462902545929 0.06837501376867294
6 0.33005890250205994 0.6780205965042114 0.47319936752319336 0.172223761677742
6 0.4250771403312683 0.5571555495262146 0.21896132826805115 0.07148370891809464
6 0.44961968064308167 0.590018093585968 0.27281904220581055 0.06915168464183807
6 0.16753628849983215 0.46057695150375366 0.05184657499194145 0.016688156872987747
6 0.17399796843528748 0.5065550208091736 0.15115365386009216 0.04092836380004883
6 0.09143554419279099 0.6984246373176575 0.1824108213186264 0.0880468338727951
6 0.1575348824262619 0.5412917733192444 0.20449677109718323 0.04267130047082901
6 0.281447172164917 0.5169919729232788 0.15034222602844238 0.0582096092402935
