6 0.6986064910888672 0.5009874105453491 0.0433870330452919 0.03456287458539009
6 0.19188781082630157 0.7383098602294922 0.18903450667858124 0.15347513556480408
6 0.5033829212188721 0.7938122153282166 0.14594392478466034 0.1685265600681305
6 0.6084422469139099 0.54598468542099 0.06490077823400497 0.05632724612951279
6 0.5738341212272644 0.4733734726905823 0.034079838544130325 0.01963949203491211
6 0.38933518528938293 0.5551522374153137 0.06834988296031952 0.0493958480656147
6 0.43772023916244507 0.4759705066680908 0.02837972715497017 0.021931743249297142
6 0.5076771378517151 0.4657835066318512 0.02489318884909153 0.01880493201315403
6 0.4866805672645569 0.47656673192977905 0.03152446821331978 0.021622847765684128
6 0.421592652797699 0.5156900882720947 0.04654509946703911 0.030423451215028763
6 0.536143958568573 0.49555134773254395 0.03697090223431587 0.02809610404074192
6 0.5999523401260376 0.45061224699020386 0.02562255784869194 0.014743614010512829
6 0.42023855447769165 0.4936128258705139 0.04505787044763565 0.018416786566376686
6 0.4657500386238098 0.4387362599372864 0.01869220659136772 0.010607528500258923
6 0.5717459917068481 0.4395360052585602 0.019922351464629173 0.012561703100800514
6 0.5465109944343567 0.4227628707885742 0.025387097150087357 0.010550308041274548
6 0.49888578057289124 0.432016521692276 0.01468591671437025 0.008832072839140892
6 0.620161235332489 0.4316278100013733 0.01695556566119194 0.008414840325713158
6 0.6528812050819397 0.44092392921447754 0.011928272433578968 0.013650131411850452
6 0.6059305667877197 0.4198574423789978 0.011522864922881126 0.008032798767089844
6 0.5891007781028748 0.4195937216281891 0.010245705023407936 0.008957481011748314
