6 0.7093906402587891 0.5147736072540283 0.07526912540197372 0.03349895402789116
6 0.5322667360305786 0.49603238701820374 0.042528629302978516 0.024039363488554955
6 0.592185914516449 0.5411781072616577 0.13305826485157013 0.06985483318567276
6 0.2411940097808838 0.48646992444992065 0.03370952606201172 0.018106460571289062
6 0.28821128606796265 0.5081895589828491 0.06139788776636124 0.029970740899443626
6 0.4149606227874756 0.5719794034957886 0.16596786677837372 0.09428901970386505
6 0.428142249584198 0.49132126569747925 0.0369626060128212 0.020011138170957565
6 0.3700301945209503 0.47448426485061646 0.01826167106628418 0.013691043481230736
6 0.4909153878688812 0.4815293848514557 0.03286485746502876 0.017760563641786575
6 0.3009786009788513 0.4781075119972229 0.019156550988554955 0.014307403936982155
6 0.43514496088027954 0.5256974697113037 0.08368270099163055 0.0432928092777729
6 0.4383956789970398 0.47500473260879517 0.01786632463335991 0.01340265292674303
