6 0.7080643177032471 0.5054666996002197 0.06199302524328232 0.027775859460234642
6 0.1404564082622528 0.5125452280044556 0.07127008587121964 0.028274917975068092
6 0.2845592796802521 0.506943941116333 0.06850156933069229 0.025626277551054955
6 0.36718085408210754 0.49250873923301697 0.03914227336645126 0.016554642468690872
6 0.5890098214149475 0.5385271906852722 0.12314681708812714 0.05498485639691353
6 0.534122109413147 0.49538588523864746 0.03815927356481552 0.01850299909710884
6 0.8716785311698914 0.4985787272453308 0.04697360843420029 0.02012348175048828
6 0.8293308019638062 0.5268562436103821 0.08402538299560547 0.037015628069639206
6 0.43596214056015015 0.5156545042991638 0.08113374561071396 0.02731466293334961
6 0.23516622185707092 0.49164119362831116 0.03807835653424263 0.015567302703857422
6 0.4256916642189026 0.4902185797691345 0.035872556269168854 0.01245126686990261
