6 0.4967881739139557 0.7885047793388367 0.10865946114063263 0.12077231705188751
6 0.7146404981613159 0.5128868818283081 0.059572983533144 0.030982017517089844
6 0.370516836643219 0.5629131197929382 0.08958609402179718 0.037210654467344284
6 0.47082048654556274 0.6014364957809448 0.0884062796831131 0.04933147504925728
6 0.08192584663629532 0.5967024564743042 0.11297471821308136 0.04069194942712784
6 0.1458829939365387 0.5059280395507812 0.07882671058177948 0.02531719207763672
6 0.2931353747844696 0.4964379668235779 0.06385250389575958 0.02804422378540039
6 0.21737515926361084 0.7038021683692932 0.14163503050804138 0.06952228397130966
6 0.8905929327011108 0.6006815433502197 0.08118877559900284 0.040937233716249466
6 0.7629518508911133 0.6625203490257263 0.11992526054382324 0.0632297545671463
6 0.5142114758491516 0.47444257140159607 0.03219251707196236 0.023494625464081764
6 0.39197057485580444 0.4602089822292328 0.04323232173919678 0.01847248151898384
6 0.7193623185157776 0.4421784281730652 0.03321981430053711 0.015730571001768112
6 0.608952522277832 0.5484793782234192 0.07974634319543839 0.03672189638018608
6 0.4312158226966858 0.516983151435852 0.06994654983282089 0.02581014670431614
6 0.8655910491943359 0.42009106278419495 0.032097626477479935 0.00999374408274889
