6 0.6965942978858948 0.5155501365661621 0.03489828109741211 0.023425960913300514
6 0.7316697835922241 0.49441203474998474 0.02815084531903267 0.010915756225585938
6 0.8754615783691406 0.4943661093711853 0.036966703832149506 0.012127399444580078
6 0.44178876280784607 0.5229510068893433 0.05965261533856392 0.01962909661233425
6 0.3685307204723358 0.4960680603981018 0.027317190542817116 0.012000751681625843
6 0.09280618280172348 0.5911412835121155 0.14102986454963684 0.05063600465655327
6 0.5332163572311401 0.49472862482070923 0.036164380609989166 0.015804100781679153
6 0.2743598520755768 0.5099062919616699 0.040144920349121094 0.013779258355498314
6 0.6159945130348206 0.5420864820480347 0.06790504604578018 0.030071258544921875
6 0.5657560229301453 0.5584884881973267 0.08659963309764862 0.04194946214556694
6 0.4114871621131897 0.4878016412258148 0.02000265195965767 0.008882236666977406
6 0.25134843587875366 0.48501062393188477 0.0188780315220356 0.007867145352065563
6 0.3052073121070862 0.5016970038414001 0.03912649303674698 0.01178808230906725
6 0.37517037987709045 0.5617102384567261 0.08887682110071182 0.039736367762088776
6 0.2242916375398636 0.49208173155784607 0.017873764038085938 0.008313655853271484
6 0.5745553374290466 0.48223787546157837 0.014881229028105736 0.007185554597526789
6 0.14748211205005646 0.5092750787734985 0.06703388690948486 0.02199850045144558
6 0.1642780303955078 0.5044482350349426 0.03304152563214302 0.012810707092285156
6 0.4293903708457947 0.47928088903427124 0.012181282043457031 0.007282924838364124
6 0.49046263098716736 0.4846872389316559 0.032064247876405716 0.01091918908059597
6 0.2967856228351593 0.4820731282234192 0.013431405648589134 0.0062732696533203125
6 0.500065803527832 0.48286837339401245 0.013723945245146751 0.007362174801528454
