6 0.14597681164741516 0.5116090178489685 0.038227032870054245 0.01340703945606947
6 0.2719970643520355 0.5107044577598572 0.03390030935406685 0.011025619693100452
6 0.5783311724662781 0.5105419158935547 0.020363712683320045 0.01252670306712389
6 0.6941136121749878 0.5210581421852112 0.024097347632050514 0.008565330877900124
6 0.38403159379959106 0.553267240524292 0.0755634531378746 0.041692160069942474
6 0.5174669623374939 0.5018142461776733 0.016106605529785156 0.008615970611572266
6 0.60734623670578 0.5505394339561462 0.08307905495166779 0.026207352057099342
6 0.31688639521598816 0.5009422302246094 0.022027159109711647 0.008455658331513405
6 0.3649178743362427 0.5000930428504944 0.019711017608642578 0.008112907409667969
6 0.44872578978538513 0.5193346738815308 0.043573759496212006 0.014113998040556908
6 0.5987303853034973 0.5008466839790344 0.017930984497070312 0.00916509609669447
6 0.5338966250419617 0.49190688133239746 0.01749401167035103 0.007710933685302734
6 0.5488640069961548 0.49928784370422363 0.011959647759795189 0.006461238954216242
