6 0.27235832810401917 0.5128438472747803 0.0259549617767334 0.010345744900405407
6 0.15528294444084167 0.5110112428665161 0.026053810492157936 0.010408496484160423
6 0.6940153241157532 0.5074042081832886 0.020211314782500267 0.010111426934599876
6 0.45821475982666016 0.5204938650131226 0.029236983507871628 0.00937871914356947
6 0.543144941329956 0.49908870458602905 0.013884830288589 0.007286929991096258
6 0.3871273994445801 0.5599169135093689 0.043741822242736816 0.01720867119729519
6 0.8871830701828003 0.4936738908290863 0.013343239203095436 0.008327770046889782
6 0.6055535674095154 0.5521253943443298 0.07483148574829102 0.02138996124267578
6 0.40388479828834534 0.5011111497879028 0.01219937764108181 0.005808067508041859
6 0.5211877822875977 0.4981011748313904 0.008097839541733265 0.005272102542221546
