6 0.6919490098953247 0.5037705302238464 0.02663888968527317 0.011539077386260033
6 0.27436426281929016 0.5125212669372559 0.04147357866168022 0.011568928137421608
6 0.4301818907260895 0.5207861065864563 0.054752349853515625 0.014566135592758656
6 0.6080617904663086 0.5455805063247681 0.08359880745410919 0.030411148443818092
6 0.3622231185436249 0.4950336515903473 0.020935773849487305 0.00900192279368639
6 0.8863887786865234 0.49782413244247437 0.024302100762724876 0.008181857876479626
6 0.15568798780441284 0.5093459486961365 0.038080595433712006 0.014223957434296608
6 0.22553877532482147 0.4912848472595215 0.016071176156401634 0.00783615093678236
6 0.8632581830024719 0.49726182222366333 0.01461029052734375 0.009145831689238548
6 0.5373932123184204 0.4910372793674469 0.012911701574921608 0.006647777743637562
