6 0.8446910977363586 0.5375822186470032 0.04818420484662056 0.02508087083697319
6 0.12956252694129944 0.5169227719306946 0.0461714044213295 0.015389633364975452
6 0.615882933139801 0.5452979207038879 0.06239290162920952 0.03525657579302788
6 0.7987161874771118 0.5181034803390503 0.029465531930327415 0.01398315466940403
6 0.3842623233795166 0.5574617385864258 0.08002173900604248 0.04130716249346733
6 0.4568789601325989 0.5161985754966736 0.030687619000673294 0.016040420159697533
6 0.06592249870300293 0.596473753452301 0.1312699019908905 0.0668254867196083
6 0.5184560418128967 0.5253291726112366 0.03434934467077255 0.021062279120087624
6 0.16476772725582123 0.502723217010498 0.02204568311572075 0.009793090634047985
6 0.35625898838043213 0.5114440321922302 0.02045583724975586 0.011069679632782936
6 0.4130285680294037 0.5219247937202454 0.029774021357297897 0.015426826663315296
6 0.6903442144393921 0.5197592377662659 0.025662899017333984 0.01625080034136772
6 0.20429463684558868 0.5062368512153625 0.023978615179657936 0.010014533996582031
6 0.738752007484436 0.53886479139328 0.043909646570682526 0.028483295813202858
6 0.5717639327049255 0.5189452767372131 0.028560543432831764 0.018297577276825905
6 0.2681865692138672 0.5126655697822571 0.023930883035063744 0.012829112820327282
6 0.3454463481903076 0.5011210441589355 0.02484126016497612 0.010411548428237438
6 0.5461251735687256 0.5001109838485718 0.016857529059052467 0.007573318667709827
6 0.2775367498397827 0.5188223123550415 0.029110049828886986 0.011401939205825329
