6 0.2896043360233307 0.5080243349075317 0.0695950984954834 0.03316068649291992
6 0.5069816708564758 0.5357744097709656 0.08598814159631729 0.04130067676305771
6 0.368513286113739 0.5114031434059143 0.04419417306780815 0.0314326286315918
6 0.8833001852035522 0.5997872948646545 0.10476188361644745 0.06776666641235352
6 0.449009507894516 0.5939514636993408 0.13054075837135315 0.05283393710851669
6 0.7825098037719727 0.6410227417945862 0.13205552101135254 0.08080025017261505
6 0.7174933552742004 0.5543099641799927 0.13831225037574768 0.047646619379520416
6 0.8341304659843445 0.5479147434234619 0.0610010139644146 0.04675741121172905
6 0.9870003461837769 0.5705863833427429 0.025693321600556374 0.04446554183959961
6 0.5684950351715088 0.5660764575004578 0.1184001937508583 0.04187002032995224
6 0.4283948838710785 0.5255250930786133 0.09732969105243683 0.03699083253741264
6 0.19429761171340942 0.5479832291603088 0.07728102058172226 0.04239921644330025
6 0.3779735565185547 0.5622068047523499 0.11053647845983505 0.04387655109167099
6 0.15638293325901031 0.5214585661888123 0.0852043628692627 0.03574838489294052
6 0.6040451526641846 0.5352067351341248 0.09585943073034286 0.058344364166259766
6 0.25149497389793396 0.5669159889221191 0.09514007717370987 0.047020815312862396
