6 0.8884122967720032 0.5841636657714844 0.0780298262834549 0.05514564365148544
6 0.6677604913711548 0.5552994012832642 0.040765952318906784 0.025908470153808594
6 0.06417323648929596 0.5869698524475098 0.1278201788663864 0.05547208711504936
6 0.5572313666343689 0.5690084099769592 0.07059593498706818 0.031020069494843483
6 0.753851592540741 0.5495346784591675 0.032904721796512604 0.017930220812559128
6 0.22423605620861053 0.5627924799919128 0.07651615142822266 0.030321693047881126
6 0.3818782866001129 0.5608016848564148 0.07122237980365753 0.02429370954632759
6 0.6009580492973328 0.5525237321853638 0.037938691675662994 0.015080261044204235
6 0.8592742681503296 0.5564672946929932 0.037093162536621094 0.015521621331572533
6 0.6337940096855164 0.544676661491394 0.022944355383515358 0.012888145633041859
