6 0.9200355410575867 0.5839160084724426 0.15968799591064453 0.10682849586009979
6 0.8291505575180054 0.5354465246200562 0.07435111701488495 0.0408383384346962
6 0.46134528517723083 0.6928548216819763 0.20777244865894318 0.16471605002880096
6 0.7838594317436218 0.7862630486488342 0.4319794178009033 0.29691189527511597
6 0.7127606272697449 0.5504347681999207 0.1616453230381012 0.05920972675085068
6 0.6143772006034851 0.542881965637207 0.07391510158777237 0.046193696558475494
6 0.26714804768562317 0.5212598443031311 0.09379386901855469 0.03224783018231392
6 0.5566177368164062 0.5598981380462646 0.09356679767370224 0.05827894061803818
6 0.19230981171131134 0.6866192817687988 0.22550582885742188 0.1812407523393631
6 0.31960824131965637 0.5108106136322021 0.0521671287715435 0.020870208740234375
6 0.1348416805267334 0.5136990547180176 0.11274130642414093 0.02938232384622097
6 0.41101083159446716 0.57331383228302 0.20332574844360352 0.06944837421178818
6 0.36483845114707947 0.5140986442565918 0.029287194833159447 0.019204044714570045
6 0.10700209438800812 0.5646191835403442 0.18239450454711914 0.07310743629932404
6 0.07233864814043045 0.6788085103034973 0.14430218935012817 0.13554373383522034
6 0.5197755098342896 0.529184103012085 0.05197620391845703 0.03426799923181534
6 0.47411051392555237 0.5485188364982605 0.08662138134241104 0.03886537626385689
6 0.22520561516284943 0.5573034882545471 0.12402687221765518 0.06259336322546005
6 0.4384714663028717 0.5288331508636475 0.11363086849451065 0.03604583814740181
