6 0.8857121467590332 0.5806549191474915 0.0999818816781044 0.07257118076086044
6 0.39551687240600586 0.5594035983085632 0.1659194678068161 0.0486934669315815
6 0.7573555707931519 0.5661004781723022 0.08030758053064346 0.0612151138484478
6 0.6775623559951782 0.5577399134635925 0.06645374000072479 0.048609066754579544
6 0.5474712252616882 0.5575502514839172 0.061551474034786224 0.04591178894042969
6 0.6061161160469055 0.5559866428375244 0.05956010892987251 0.05156536027789116
6 0.024980004876852036 0.5930555462837219 0.04991421103477478 0.0625404343008995
6 0.08910790830850601 0.5712193846702576 0.17721335589885712 0.07285337150096893
6 0.7396730184555054 0.5057299733161926 0.03322019428014755 0.013235663995146751
6 0.692958652973175 0.5087310075759888 0.04315481334924698 0.016405772417783737
6 0.14502453804016113 0.5627295970916748 0.22185997664928436 0.0626293197274208
