10 0.12729111313819885 0.5638301968574524 0.217763751745224 0.07389793545007706
10 0.40735119581222534 0.5523134469985962 0.20507510006427765 0.0633481964468956
10 0.8250390887260437 0.5288582444190979 0.09540977329015732 0.038779161870479584
10 0.5408961772918701 0.5485671162605286 0.15291976928710938 0.05343465879559517
10 0.12723489105701447 0.5161383748054504 0.09227143228054047 0.019523048773407936
10 0.4535232186317444 0.5173273086547852 0.062433432787656784 0.017883682623505592
10 0.16860365867614746 0.5060653686523438 0.04592170566320419 0.028251266106963158
10 0.6491530537605286 0.5459919571876526 0.09354343265295029 0.03793506696820259
10 0.28602132201194763 0.5001923441886902 0.06538371741771698 0.016051102429628372
10 0.37640634179115295 0.49636489152908325 0.0422978401184082 0.015385245904326439
10 0.7267939448356628 0.5381972193717957 0.13222618401050568 0.03540783002972603
10 0.2171889990568161 0.49655503034591675 0.029773712158203125 0.011900710873305798
10 0.5523964762687683 0.4938010275363922 0.02205638960003853 0.012644385918974876
10 0.8801708221435547 0.5024809241294861 0.03297462314367294 0.010203170590102673
