10 0.454510360956192 0.5479623079299927 0.26885366439819336 0.11859588325023651
10 0.7062500715255737 0.5294853448867798 0.13402394950389862 0.07366228103637695
10 0.1762988418340683 0.5523368120193481 0.30381038784980774 0.09126253426074982
10 0.6240493655204773 0.5380130410194397 0.06719236075878143 0.03831949084997177
10 0.2880624830722809 0.5014667510986328 0.09417829662561417 0.03249797970056534
10 0.949090838432312 0.496084600687027 0.04032554477453232 0.01957254484295845
10 0.13823923468589783 0.5100741386413574 0.11877231299877167 0.03623618930578232
10 0.9859737157821655 0.49817973375320435 0.027825165539979935 0.017088985070586205
10 0.8243740797042847 0.5202666521072388 0.09102783352136612 0.052294254302978516
10 0.5864937901496887 0.4964172840118408 0.04501304775476456 0.024133872240781784
