10 0.48935022950172424 0.6918274164199829 0.27399060130119324 0.2500007152557373
10 0.6526222229003906 0.5303754210472107 0.2588419020175934 0.13610315322875977
10 0.6432941555976868 0.6909635066986084 0.1354205161333084 0.1831982582807541
10 0.27228885889053345 0.6753215193748474 0.38215115666389465 0.2891579568386078
10 0.6848810911178589 0.1500169336795807 0.28336983919143677 0.06434597820043564
10 0.5065093040466309 0.23909740149974823 0.07390375435352325 0.0652790516614914
10 0.9258939623832703 0.25379493832588196 0.08797206729650497 0.09133239090442657
10 0.696550726890564 0.44780030846595764 0.23896007239818573 0.09252099692821503
10 0.10847921669483185 0.2579112946987152 0.21636410057544708 0.14244318008422852
10 0.13092756271362305 0.6247416138648987 0.2617114186286926 0.23929767310619354
10 0.5140109062194824 0.4118207097053528 0.1932365447282791 0.10123596340417862
10 0.3167959153652191 0.48189258575439453 0.2350066900253296 0.11998452991247177
10 0.384253591299057 0.4043006896972656 0.14464625716209412 0.06483189761638641
10 0.5773162245750427 0.24146035313606262 0.08459396660327911 0.06691255420446396
10 0.7142252922058105 0.2523495554924011 0.05849914625287056 0.04301471635699272
10 0.957078754901886 0.16667823493480682 0.08564376831054688 0.04974224418401718
10 0.44595327973365784 0.24288399517536163 0.07230672985315323 0.03726763650774956
10 0.6487427353858948 0.24820753931999207 0.07977209240198135 0.060487985610961914
10 0.2881125509738922 0.20816178619861603 0.22957420349121094 0.10545124858617783
10 0.9891577959060669 0.27833232283592224 0.021561050787568092 0.05268559604883194
10 0.37076663970947266 0.12059984356164932 0.14258739352226257 0.05558748170733452
10 0.8404486775398254 0.7210542559623718 0.3187530040740967 0.3294217586517334
10 0.7879438400268555 0.12843744456768036 0.1328630894422531 0.056637026369571686
10 0.5252068042755127 0.12863044440746307 0.08849315345287323 0.024252653121948242
10 0.16805613040924072 0.44897395372390747 0.3231937885284424 0.15589562058448792
10 0.48210781812667847 0.4986541271209717 0.21788033843040466 0.14574241638183594
