10 0.8295661211013794 0.5252960920333862 0.08544449508190155 0.03037424013018608
10 0.11701478809118271 0.5715932250022888 0.23281975090503693 0.07023830711841583
10 0.6209244728088379 0.5379108786582947 0.13020429015159607 0.03814249113202095
10 0.12737040221691132 0.5166673064231873 0.0837927833199501 0.022642707452178
10 0.453538715839386 0.5288215279579163 0.10164852440357208 0.02375936508178711
10 0.17381785809993744 0.5045558214187622 0.05914280563592911 0.019991207867860794
10 0.7194274067878723 0.5008829236030579 0.055492497980594635 0.0208111759275198
10 0.44036865234375 0.5604252815246582 0.1828325241804123 0.041123487055301666
10 0.5433253645896912 0.49508094787597656 0.026259517297148705 0.016051674261689186
10 0.7279002666473389 0.530776858329773 0.10361365973949432 0.026431750506162643
10 0.2532551884651184 0.48958903551101685 0.04381880909204483 0.01843118667602539
10 0.7698017358779907 0.49391689896583557 0.03932227939367294 0.01374740619212389
10 0.881585419178009 0.4982166886329651 0.0660121887922287 0.02241211012005806
10 0.3608568608760834 0.4963368773460388 0.02012639120221138 0.009494781494140625
10 0.29866331815719604 0.5156583786010742 0.10201554000377655 0.0309874527156353
10 0.5020357370376587 0.5566430687904358 0.121332548558712 0.03362598270177841
