10 0.4902699887752533 0.5489465594291687 0.24631614983081818 0.09888353198766708
10 0.20128431916236877 0.6090824604034424 0.40238770842552185 0.14583492279052734
10 0.7023217678070068 0.5120095014572144 0.1451820433139801 0.037506770342588425
10 0.6048327684402466 0.5358725190162659 0.18801745772361755 0.06680946052074432
10 0.3527984917163849 0.5812583565711975 0.3003651201725006 0.12908124923706055
10 0.28667500615119934 0.505287766456604 0.09565067291259766 0.024183178320527077
10 0.09575161337852478 0.5152105093002319 0.1117674931883812 0.026964664459228516
10 0.7831993103027344 0.5072794556617737 0.06421732902526855 0.02843189239501953
10 0.8266948461532593 0.5040791034698486 0.06912712752819061 0.02290172502398491
10 0.16092312335968018 0.5089292526245117 0.06753058731555939 0.030672932043671608
10 0.007674065884202719 0.5244598984718323 0.015233857557177544 0.021567439660429955
