10 0.12468039989471436 0.5740630030632019 0.24828767776489258 0.07457122951745987
10 0.45843228697776794 0.5462599992752075 0.30192282795906067 0.0751957893371582
10 0.14741139113903046 0.5040626525878906 0.1282428801059723 0.04216508939862251
10 0.8808090090751648 0.4965578615665436 0.07814636081457138 0.020862197503447533
10 0.5357764363288879 0.4948209822177887 0.05826206132769585 0.01979827880859375
10 0.6147280931472778 0.5298480987548828 0.1592891663312912 0.057045936584472656
10 0.7335342168807983 0.5162190198898315 0.11588259041309357 0.03692207485437393
10 0.3010622560977936 0.5066862106323242 0.11714639514684677 0.029482651501893997
10 0.3572900891304016 0.4963974356651306 0.028035640716552734 0.008489417843520641
10 0.7687721252441406 0.4962690770626068 0.05879192426800728 0.016869449988007545
10 0.736260175704956 0.49811068177223206 0.12245464324951172 0.02200756035745144
