10 0.480202853679657 0.7056620717048645 0.2396841049194336 0.15334901213645935
10 0.5544514656066895 0.5755706429481506 0.1526121199131012 0.11150245368480682
10 0.2480679452419281 0.5675252079963684 0.21365070343017578 0.08859863132238388
10 0.40535053610801697 0.5668697953224182 0.1884164810180664 0.10118074715137482
10 0.8713032603263855 0.5833615660667419 0.1392274796962738 0.11395721137523651
10 0.25205981731414795 0.7056642770767212 0.33513006567955017 0.18622741103172302
10 0.7161217927932739 0.5830236077308655 0.15111103653907776 0.11535167694091797
10 0.11195831000804901 0.6638408899307251 0.22354288399219513 0.17736807465553284
10 0.0645720437169075 0.47255173325538635 0.12879489362239838 0.0909629836678505
10 0.190814808011055 0.4829135537147522 0.13030609488487244 0.0581476204097271
