10 0.1262926310300827 0.5703982710838318 0.2516569197177887 0.06929769366979599
10 0.5364780426025391 0.4944985508918762 0.04220600053668022 0.016808509826660156
10 0.8804753422737122 0.4942379593849182 0.045725442469120026 0.01598196104168892
10 0.6966749429702759 0.5397566556930542 0.2108892947435379 0.03475303575396538
10 0.46647778153419495 0.5571520924568176 0.2762377858161926 0.07026214897632599
10 0.140169158577919 0.515550434589386 0.0989852249622345 0.02083129808306694
10 0.8167319297790527 0.5262410044670105 0.11898765712976456 0.035068608820438385
10 0.5876924395561218 0.49042898416519165 0.026704788208007812 0.009094620123505592
10 0.4518403112888336 0.5249500274658203 0.10795851051807404 0.023490428924560547
10 0.17723871767520905 0.5057776570320129 0.07003853470087051 0.012591552920639515
10 0.6906440258026123 0.5032739639282227 0.029424380511045456 0.009103489108383656
10 0.2931928038597107 0.4761568605899811 0.0665200725197792 0.06720037758350372
10 0.4844752848148346 0.47499361634254456 0.026695633307099342 0.0391962043941021
10 0.7096952795982361 0.49936479330062866 0.06779680401086807 0.01742563210427761
