10 0.4354167580604553 0.5202125906944275 0.06391505897045135 0.017803287133574486
10 0.3737013041973114 0.5600454211235046 0.07531294971704483 0.03847179561853409
10 0.7772973775863647 0.660740852355957 0.0859130397439003 0.028145218268036842
10 0.48327845335006714 0.8232477903366089 0.05283975601196289 0.12151183933019638
10 0.8654780387878418 0.4202170968055725 0.030790138989686966 0.008808517828583717
10 0.08620268106460571 0.4511626660823822 0.04154809191823006 0.015202331356704235
10 0.2899309992790222 0.42204150557518005 0.034152887761592865 0.010098075494170189
10 0.15065166354179382 0.5069156289100647 0.059968091547489166 0.0200639721006155
10 0.720947802066803 0.44017595052719116 0.037958431988954544 0.01092824898660183
10 0.5892879962921143 0.4103395342826843 0.02636423148214817 0.00902261771261692
10 0.3700709939002991 0.30311664938926697 0.01841564103960991 0.0074045658111572266
10 0.6066977977752686 0.547429084777832 0.06677208095788956 0.017846394330263138
