10 0.2877640128135681 0.5016809105873108 0.060916997492313385 0.012288284488022327
10 0.8791322708129883 0.49447789788246155 0.05021209642291069 0.014559459872543812
10 0.5964636206626892 0.5564311742782593 0.1326158493757248 0.02630319632589817
10 0.7105842232704163 0.4954931139945984 0.05407419055700302 0.013956069946289062
10 0.5333448052406311 0.4934556484222412 0.05415458604693413 0.013527202419936657
10 0.5657632350921631 0.4790380001068115 0.029324913397431374 0.009270096197724342
10 0.7185220122337341 0.47383108735084534 0.029216956347227097 0.009846210479736328
10 0.45048609375953674 0.529968798160553 0.10092496871948242 0.017368126660585403
10 0.5154892802238464 0.477536678314209 0.024639319628477097 0.010052966885268688
10 0.24678871035575867 0.48850932717323303 0.04387249797582626 0.01136484183371067
10 0.3049738109111786 0.46821242570877075 0.0224306583404541 0.008814620785415173
10 0.4206191599369049 0.47978001832962036 0.033109474927186966 0.010294723324477673
10 0.16285817325115204 0.5089811682701111 0.07502713054418564 0.015698909759521484
10 0.24400338530540466 0.4712110161781311 0.01980419084429741 0.00865783728659153
10 0.8881171345710754 0.4506301283836365 0.01834430731832981 0.006618022918701172
10 0.9501725435256958 0.45910367369651794 0.04540538787841797 0.009362220764160156
10 0.3816164433956146 0.4649326205253601 0.01992201805114746 0.006295966915786266
