10 0.4641891419887543 0.5234348773956299 0.2590351998806 0.11305341869592667
10 0.21998348832130432 0.4292624890804291 0.24318137764930725 0.0832267552614212
10 0.3635167181491852 0.2821659743785858 0.06016378477215767 0.024914074689149857
10 0.2149697095155716 0.2533368170261383 0.01831831969320774 0.015036344528198242
10 0.6980472803115845 0.2585933208465576 0.024227524176239967 0.020761441439390182
10 0.7507569193840027 0.3026663661003113 0.038504600524902344 0.036699436604976654
10 0.8571564555168152 0.2501567602157593 0.02029876783490181 0.015586471185088158
10 0.5597156882286072 0.24432273209095 0.011918735690414906 0.011497879400849342
10 0.4208289682865143 0.24876423180103302 0.01949911192059517 0.012057972140610218
10 0.9332496523857117 0.2575089931488037 0.04078254848718643 0.07534828037023544
10 0.6532089114189148 0.24732956290245056 0.014170646667480469 0.0157623291015625
10 0.28907838463783264 0.2538931667804718 0.01777815818786621 0.009549093432724476
10 0.5111749172210693 0.24684271216392517 0.017325688153505325 0.026449155062437057
10 0.7793062329292297 0.24804112315177917 0.007531642913818359 0.008546972647309303
10 0.1548696756362915 0.24568259716033936 0.016175365075469017 0.018682431429624557
10 0.0875108540058136 0.24059347808361053 0.017787348479032516 0.006808614823967218
