10 0.503776490688324 0.5336558818817139 0.27102261781692505 0.10047759860754013
10 0.2890739142894745 0.4216023087501526 0.11693606525659561 0.0407404899597168
10 0.7448169589042664 0.4484010636806488 0.14297671616077423 0.05623588711023331
10 0.3675823509693146 0.3825693726539612 0.062419891357421875 0.021822642534971237
10 0.601982593536377 0.3775140345096588 0.05652151256799698 0.016818713396787643
10 0.12295486778020859 0.4661751687526703 0.16477680206298828 0.060765646398067474
10 0.5489225387573242 0.40513238310813904 0.09596052020788193 0.03343553468585014
10 0.8645483255386353 0.39380916953086853 0.05465278774499893 0.026573562994599342
10 0.8902972936630249 0.3700433671474457 0.04378509521484375 0.022853899747133255
10 0.8353678584098816 0.3610297739505768 0.027510643005371094 0.011145209893584251
