10 0.7206256985664368 0.4966825544834137 0.06543932110071182 0.019608497619628906
10 0.8692157864570618 0.49683016538619995 0.05869026109576225 0.018517494201660156
10 0.2856939435005188 0.5029325485229492 0.07510976493358612 0.022724246606230736
10 0.42631179094314575 0.4873465895652771 0.038605786859989166 0.014013195410370827
10 0.4571438431739807 0.5463240742683411 0.17930641770362854 0.050929926335811615
10 0.2466481477022171 0.4886208474636078 0.04433631896972656 0.012499427422881126
10 0.152815580368042 0.5046628713607788 0.09455280005931854 0.024799728766083717
10 0.5323329567909241 0.4948475956916809 0.05354719236493111 0.014136886224150658
10 0.4997949004173279 0.4834643006324768 0.051959894597530365 0.010974121280014515
10 0.57596755027771 0.5566959381103516 0.1326541006565094 0.0350162498652935
