10 0.5339478254318237 0.49543672800064087 0.052544690668582916 0.01344909705221653
10 0.28796422481536865 0.5027465224266052 0.06448850780725479 0.012803936377167702
10 0.24541239440441132 0.489307701587677 0.038523294031620026 0.010709762573242188
10 0.8806358575820923 0.494880348443985 0.049858856946229935 0.015514373779296875
10 0.5875206589698792 0.5502777099609375 0.1165156364440918 0.025638293474912643
10 0.45498648285865784 0.5562493801116943 0.1667255461215973 0.03543367236852646
10 0.40372294187545776 0.4901941418647766 0.022703051567077637 0.007932091131806374
10 0.1658606380224228 0.5059483647346497 0.08376514911651611 0.022746752947568893
10 0.4532608091831207 0.5283982753753662 0.09986533969640732 0.017201518639922142
10 0.37638339400291443 0.4923083782196045 0.03448958322405815 0.010191249661147594
10 0.7183769345283508 0.49992042779922485 0.06823911517858505 0.015309428796172142
10 0.4971069395542145 0.48728108406066895 0.03712577745318413 0.009850787930190563
