10 0.5033667683601379 0.5469527840614319 0.2644273638725281 0.07256154716014862
10 0.8792167901992798 0.4942069947719574 0.05685253068804741 0.015589428134262562
10 0.28892841935157776 0.5011748671531677 0.0637180358171463 0.015104484744369984
10 0.5347824096679688 0.4944024682044983 0.049338437616825104 0.017451191321015358
10 0.16217735409736633 0.5044668912887573 0.09024547040462494 0.028350163251161575
10 0.36399751901626587 0.49117952585220337 0.025901222601532936 0.011167621240019798
10 0.7193436026573181 0.49372443556785583 0.07325629889965057 0.018213748931884766
10 0.5960485339164734 0.4872015118598938 0.013407421298325062 0.008744334802031517
10 0.47947606444358826 0.4864903390407562 0.01794605329632759 0.01207733154296875
10 0.4952884614467621 0.48275479674339294 0.02166128158569336 0.009066772647202015
10 0.4219544529914856 0.48848238587379456 0.02874450758099556 0.00865793228149414
