10 0.2888358235359192 0.5055919289588928 0.05480337142944336 0.009428310208022594
10 0.5359542369842529 0.49411875009536743 0.03613433986902237 0.014088630676269531
10 0.45014920830726624 0.5299492478370667 0.10052509605884552 0.017702866345643997
10 0.5841184258460999 0.5549061894416809 0.13347768783569336 0.026940535753965378
10 0.3625369668006897 0.49358540773391724 0.027216196060180664 0.01040945015847683
10 0.4891960024833679 0.4837093949317932 0.03541745990514755 0.009472084231674671
10 0.15263676643371582 0.510126531124115 0.05889933183789253 0.01500711403787136
10 0.5200716257095337 0.47268539667129517 0.01702423021197319 0.007601547054946423
10 0.41995081305503845 0.4880015254020691 0.027690697461366653 0.008619308471679688
10 0.5659182667732239 0.47991108894348145 0.022574424743652344 0.007419681642204523
