10 0.3012631833553314 0.255952388048172 0.20816278457641602 0.06518139690160751
10 0.4501029849052429 0.5908895134925842 0.30861303210258484 0.24120073020458221
10 0.9219672083854675 0.2330511510372162 0.11390361934900284 0.07106781005859375
10 0.5956391096115112 0.24263861775398254 0.1381055861711502 0.07139639556407928
10 0.7566918134689331 0.1747955083847046 0.06620617210865021 0.038945626467466354
10 0.8490015268325806 0.15273191034793854 0.043974876403808594 0.029432963579893112
10 0.6388497948646545 0.14983075857162476 0.040839098393917084 0.030475497245788574
10 0.4354485869407654 0.14598900079727173 0.0393977165222168 0.026811957359313965
10 0.6490671038627625 0.1164155974984169 0.028519248589873314 0.021867776289582253
10 0.7154731750488281 0.11731326580047607 0.028102397918701172 0.022029947489500046
10 0.6951882839202881 0.0901016891002655 0.021120166406035423 0.010219395160675049
10 0.5810970067977905 0.12493784725666046 0.028063679113984108 0.021048545837402344
