10 0.1453753560781479 0.5117782354354858 0.04396991804242134 0.011768150143325329
10 0.6936171650886536 0.5028131008148193 0.021957779303193092 0.00893869437277317
10 0.44851452112197876 0.5200498700141907 0.0517878532409668 0.012267875485122204
10 0.3189874589443207 0.5016589164733887 0.027942229062318802 0.008616352453827858
10 0.2726117670536041 0.5056971311569214 0.03231162950396538 0.010054588317871094
10 0.5963196754455566 0.49651679396629333 0.01433496456593275 0.007956886664032936
10 0.6088939905166626 0.5540425181388855 0.10945959389209747 0.02174053154885769
10 0.3637978434562683 0.4968738555908203 0.01816105842590332 0.007223606109619141
10 0.16244255006313324 0.50156569480896 0.02172532118856907 0.008265781216323376
10 0.5501371026039124 0.49824029207229614 0.01365804672241211 0.006599617190659046
10 0.3972215950489044 0.5026260018348694 0.014110135845839977 0.007111168000847101
10 0.519391655921936 0.5005166530609131 0.010144996456801891 0.005559444427490234
