10 0.12303844839334488 0.492593377828598 0.10697348415851593 0.04124145582318306
10 0.7105609178543091 0.48806434869766235 0.054982852190732956 0.031052112579345703
10 0.47297239303588867 0.5551005005836487 0.26738032698631287 0.1996079385280609
10 0.29517504572868347 0.4889119267463684 0.05801577493548393 0.03437070921063423
10 0.24559588730335236 0.48484426736831665 0.04709882661700249 0.027696799486875534
10 0.8467303514480591 0.4966655671596527 0.10581602901220322 0.037577055394649506
10 0.667078971862793 0.48466673493385315 0.034432508051395416 0.019440174102783203
10 0.36055389046669006 0.4810808300971985 0.03116750717163086 0.01915750466287136
10 0.6129195094108582 0.4844157099723816 0.026294995099306107 0.012867164798080921
10 0.5863423943519592 0.47922998666763306 0.01681213453412056 0.010925674811005592
