10 0.46582499146461487 0.5515954494476318 0.2867933511734009 0.17133760452270508
10 0.7699168920516968 0.44251957535743713 0.08409976959228516 0.06285934150218964
10 0.10642647743225098 0.45347848534584045 0.12488079071044922 0.05786256864666939
10 0.8557931780815125 0.40831083059310913 0.05868854373693466 0.032557107508182526
10 0.5249303579330444 0.4047909677028656 0.040375709533691406 0.026879334822297096
10 0.3654036223888397 0.3885830342769623 0.03585953637957573 0.0170595645904541
10 0.658040463924408 0.3836454153060913 0.022549152374267578 0.017119884490966797
10 0.5933827757835388 0.39276161789894104 0.029199887067079544 0.027750562876462936
10 0.2830438017845154 0.42054304480552673 0.07787980884313583 0.04128410667181015
10 0.4424428343772888 0.38099732995033264 0.02412433549761772 0.012250423431396484
10 0.2434052675962448 0.3810681998729706 0.03340329974889755 0.011006593704223633
10 0.807313084602356 0.38643985986709595 0.020211219787597656 0.012714767828583717
10 0.6073685884475708 0.3768978416919708 0.016679000109434128 0.009442520327866077
10 0.5463541746139526 0.37990254163742065 0.01615161821246147 0.010930776596069336
10 0.5623879432678223 0.37402844429016113 0.014397049322724342 0.006646251771599054
