10 0.42909926176071167 0.5677412152290344 0.43201979994773865 0.21888427436351776
10 0.055389635264873505 0.6718611121177673 0.1104460135102272 0.1605910360813141
10 0.29550901055336 0.47802647948265076 0.15430784225463867 0.06886539608240128
10 0.7203463912010193 0.4721221327781677 0.05010166019201279 0.05731964111328125
10 0.1175675168633461 0.4757000803947449 0.2060217410326004 0.08685693889856339
10 0.39593565464019775 0.4878365993499756 0.08869834244251251 0.06625881046056747
10 0.608379065990448 0.47530102729797363 0.03075408935546875 0.022490214556455612
10 0.84058678150177 0.48907366394996643 0.13449516892433167 0.053397368639707565
10 0.9525482058525085 0.5020793676376343 0.09454097598791122 0.06762323528528214
10 0.030434733256697655 0.48718857765197754 0.06059142202138901 0.057234860956668854
