10 0.1551610827445984 0.5074508190155029 0.08800368010997772 0.028651809319853783
10 0.5606764554977417 0.5602530837059021 0.09801892936229706 0.031586743891239166
10 0.7172120213508606 0.44014033675193787 0.045976828783750534 0.016512298956513405
10 0.6247530579566956 0.5424213409423828 0.10393905639648438 0.027117539197206497
10 0.38840723037719727 0.5627781748771667 0.08983316272497177 0.030787086114287376
10 0.25058412551879883 0.4861087203025818 0.05981607362627983 0.024935340508818626
10 0.4685901999473572 0.5787610411643982 0.11783580482006073 0.03310690075159073
10 0.4005349576473236 0.46654996275901794 0.059058189392089844 0.02411508560180664
10 0.2949860990047455 0.5084832310676575 0.08209405094385147 0.025930309668183327
10 0.5145896077156067 0.5359578132629395 0.06680860370397568 0.025686074048280716
10 0.3494400382041931 0.4651011824607849 0.043875884264707565 0.022623443976044655
10 0.9353054165840149 0.29352474212646484 0.043657682836055756 0.01200857199728489
10 0.4391954839229584 0.527868390083313 0.12169799953699112 0.03315620496869087
10 0.2981172800064087 0.4849576950073242 0.042536020278930664 0.02382678911089897
10 0.4543735384941101 0.5486912727355957 0.08779706805944443 0.019396400079131126
10 0.3698521554470062 0.5058417916297913 0.04521923139691353 0.03536548465490341
10 0.3169458210468292 0.47312507033348083 0.04972348362207413 0.018597031012177467
10 0.3667709529399872 0.49476999044418335 0.025284338742494583 0.016068076714873314
10 0.5335995554924011 0.49424439668655396 0.0647650733590126 0.020197009667754173
10 0.4870246350765228 0.4717616140842438 0.04850644990801811 0.021828556433320045
10 0.4264693856239319 0.4802289605140686 0.05181379243731499 0.0169830322265625
10 0.29520678520202637 0.49322932958602905 0.04257454723119736 0.020342636853456497
