10 0.15246601402759552 0.5142464637756348 0.11620255559682846 0.05281238630414009
10 0.4104606509208679 0.572966456413269 0.18596117198467255 0.058220576494932175
10 0.5876303911209106 0.46902260184288025 0.10349569469690323 0.04147911071777344
10 0.5646412372589111 0.5621212720870972 0.15562096238136292 0.04518604278564453
10 0.64961838722229 0.5518514513969421 0.1411208212375641 0.053876496851444244
10 0.8358303308486938 0.4986368715763092 0.12394771724939346 0.03689241409301758
10 0.488647997379303 0.4749123156070709 0.10674238204956055 0.042357347905635834
10 0.7825657725334167 0.5261070728302002 0.1859884262084961 0.0405484214425087
10 0.366871178150177 0.49785691499710083 0.07667522132396698 0.027698516845703125
10 0.4149188995361328 0.4808056354522705 0.07835109531879425 0.03888111189007759
10 0.31415170431137085 0.5036713480949402 0.08321461826562881 0.029915619641542435
10 0.4640769064426422 0.5310163497924805 0.14713868498802185 0.04025544971227646
10 0.6997472047805786 0.4936129152774811 0.11101913452148438 0.03624115139245987
10 0.25024643540382385 0.5009445548057556 0.10452165454626083 0.05087928846478462
10 0.3554712235927582 0.4783100187778473 0.035637855529785156 0.012909317389130592
10 0.5848919153213501 0.50755375623703 0.06311531364917755 0.03753719478845596
10 0.72092205286026 0.5383181571960449 0.13200445473194122 0.0423458106815815
