10 0.7056317329406738 0.5407876968383789 0.13879938423633575 0.07525529712438583
10 0.8956738710403442 0.5877141952514648 0.08772525936365128 0.0675470381975174
10 0.12494419515132904 0.5779679417610168 0.24939486384391785 0.07571887969970703
10 0.4496377110481262 0.6391700506210327 0.5264307856559753 0.21116867661476135
10 0.12417510896921158 0.5230569243431091 0.13112004101276398 0.03294677659869194
10 0.8371097445487976 0.5238872170448303 0.07627329975366592 0.04983482509851456
10 0.9718524217605591 0.5377888679504395 0.05614929273724556 0.06251716613769531
10 0.28220897912979126 0.5075020790100098 0.06853017956018448 0.022217368707060814
10 0.46398717164993286 0.5661741495132446 0.28808096051216125 0.06984405219554901
10 0.24367761611938477 0.49606138467788696 0.02758650854229927 0.009816646575927734
10 0.35748735070228577 0.4954601228237152 0.027696657925844193 0.009423160925507545
10 0.5483478307723999 0.49439573287963867 0.03427105024456978 0.013532638549804688
10 0.010374294593930244 0.5220105051994324 0.020827392116189003 0.012483024969696999
10 0.5160663723945618 0.5355351567268372 0.23683664202690125 0.04487485811114311
