10 0.8347052335739136 0.5277536511421204 0.07484950870275497 0.032906629145145416
10 0.726531982421875 0.5184364914894104 0.10388698428869247 0.04251127317547798
10 0.11919344961643219 0.5680559873580933 0.22973081469535828 0.07492132484912872
10 0.6039965748786926 0.5362595319747925 0.14544859528541565 0.056311607360839844
10 0.30140942335128784 0.511859118938446 0.10620975494384766 0.02959623374044895
10 0.4466354250907898 0.542843759059906 0.17720162868499756 0.0653955489397049
10 0.4038495421409607 0.489208459854126 0.07355441898107529 0.02444152906537056
10 0.5391303300857544 0.4956544041633606 0.04915208742022514 0.01976642571389675
10 0.49822863936424255 0.4872608184814453 0.08467912673950195 0.02718191221356392
10 0.8764879107475281 0.5001122355461121 0.06679534912109375 0.018311595544219017
10 0.43445390462875366 0.5272337794303894 0.07377521693706512 0.027514362707734108
10 0.24568016827106476 0.4848555624485016 0.04561753198504448 0.01902618445456028
10 0.04698743671178818 0.48601478338241577 0.09284698963165283 0.025800133123993874
10 0.011677667498588562 0.49616146087646484 0.023144137114286423 0.015843963250517845
10 0.5915634632110596 0.5211730003356934 0.05376853793859482 0.025915145874023438
10 0.14456279575824738 0.508037269115448 0.11268363147974014 0.03614387661218643
