4 0.16978874802589417 0.49384576082229614 0.1264357566833496 0.20755156874656677
4 0.08796786516904831 0.5106015205383301 0.08850757032632828 0.1408965140581131
4 0.3921887278556824 0.5128936171531677 0.054569147527217865 0.11233749240636826
4 0.8855447769165039 0.48977237939834595 0.05833587795495987 0.23631620407104492
4 0.4845622479915619 0.488731324672699 0.07695932686328888 0.20350399613380432
4 0.3362751603126526 0.4985741078853607 0.07700147479772568 0.17187948524951935
4 0.695946455001831 0.4979005455970764 0.04298229143023491 0.17194262146949768
4 0.5986349582672119 0.5093042254447937 0.034139059484004974 0.11322374641895294
4 0.5756708383560181 0.4994949400424957 0.038037966936826706 0.17143936455249786
4 0.7413222789764404 0.5047289133071899 0.03579521179199219 0.12636271119117737
