4 0.5605028867721558 0.5694404244422913 0.07490615546703339 0.03358764573931694
4 0.33302322030067444 0.5403945446014404 0.02911815606057644 0.013318061828613281
4 0.38748699426651 0.5055612325668335 0.06183023378252983 0.12593097984790802
4 0.8720160722732544 0.5011498332023621 0.05332221835851669 0.1015566810965538
4 0.08153880387544632 0.514627993106842 0.0653565526008606 0.1400083601474762
4 0.1663573533296585 0.49188119173049927 0.04295964166522026 0.1382145881652832
4 0.24737779796123505 0.5157107710838318 0.05967984348535538 0.12101078033447266
4 0.7450065016746521 0.5004736185073853 0.05368471145629883 0.11004171520471573
4 0.5954610705375671 0.5029934048652649 0.027979373931884766 0.105748750269413
4 0.6816757917404175 0.5026935935020447 0.06650743633508682 0.1286853849887848
4 0.3334728181362152 0.4978067874908447 0.0298769474029541 0.09781293570995331
