0 0.8815005421638489 0.5026189684867859 0.09070052951574326 0.10237274318933487
0 0.7302509546279907 0.5045916438102722 0.07660970836877823 0.09045781940221786
0 0.0519157275557518 0.6752681136131287 0.10361139476299286 0.13463334739208221
0 0.9326265454292297 0.8020132780075073 0.13397541642189026 0.10866522789001465
0 0.7956411242485046 0.5080456733703613 0.05707831308245659 0.06956758350133896
0 0.8901049494743347 0.9104045629501343 0.21896004676818848 0.1785089522600174
0 0.5050277709960938 0.5934442281723022 0.4295831620693207 0.2789033055305481
0 0.18676193058490753 0.5542538166046143 0.20681996643543243 0.38833752274513245
0 0.960188090801239 0.518906831741333 0.07938079535961151 0.041710756719112396
0 0.3044873774051666 0.5762984156608582 0.08387398719787598 0.06990356743335724
0 0.09865925461053848 0.5769105553627014 0.12082693725824356 0.07116136699914932
