5 0.7075449824333191 0.503547728061676 0.1276325285434723 0.13581208884716034
5 0.7961317896842957 0.5082603096961975 0.059960316866636276 0.07222624123096466
5 0.42935997247695923 0.511864423751831 0.14950969815254211 0.14520005881786346
5 0.1568596363067627 0.5080413818359375 0.2730291485786438 0.20521879196166992
5 0.2988744080066681 0.5064204931259155 0.087145134806633 0.07184133678674698
5 0.3627726435661316 0.5013386011123657 0.043279312551021576 0.05527839809656143
5 0.6038675308227539 0.5107322335243225 0.09665784984827042 0.1257215440273285
5 0.9699193239212036 0.5229967832565308 0.05975837633013725 0.10536813735961914
5 0.9082453846931458 0.5315425992012024 0.16890068352222443 0.16878119111061096
5 0.5326489806175232 0.5205190777778625 0.10780582576990128 0.11696548759937286
5 0.5110453367233276 0.503662645816803 0.0667029395699501 0.08301019668579102
