11 0.8833782076835632 0.5357247591018677 0.11927547305822372 0.18016663193702698
11 0.2632320523262024 0.5303447246551514 0.1394178867340088 0.12718161940574646
11 0.11443886905908585 0.5286595225334167 0.1783716380596161 0.1662028282880783
11 0.46731096506118774 0.5291338562965393 0.07459507137537003 0.12033243477344513
11 0.5499725341796875 0.5390811562538147 0.06524743884801865 0.09539222717285156
11 0.7558370232582092 0.5379624366760254 0.07901792228221893 0.11860255897045135
11 0.7035272717475891 0.5376267433166504 0.04050922393798828 0.06881608814001083
11 0.3825967311859131 0.5225998759269714 0.10354423522949219 0.11524305492639542
11 0.6032997965812683 0.5377613306045532 0.03717098385095596 0.06103648990392685
11 0.7898170351982117 0.5403423309326172 0.040160179138183594 0.08818455040454865
