8 0.6712236404418945 0.5821948647499084 0.2156963348388672 0.11515951156616211
8 0.9234046936035156 0.5062157511711121 0.1529979705810547 0.0761009231209755
8 0.3281298577785492 0.49571529030799866 0.1704990416765213 0.0546085350215435
8 0.036710865795612335 0.6263359785079956 0.07323752343654633 0.2322845458984375
8 0.5035192966461182 0.4932713508605957 0.10544538497924805 0.026288222521543503
8 0.8385927081108093 0.49127596616744995 0.13052944839000702 0.0471465103328228
8 0.4074710011482239 0.4936691224575043 0.09363889694213867 0.02265338972210884
8 0.35585543513298035 0.6061044335365295 0.27734342217445374 0.1687290221452713
8 0.15062423050403595 0.5328313112258911 0.2952798306941986 0.11328363418579102
8 0.19115190207958221 0.5702103972434998 0.23382806777954102 0.08535204082727432
