8 0.7185825705528259 0.5146607756614685 0.08856306225061417 0.056290626525878906
8 0.12210202217102051 0.573745846748352 0.224256232380867 0.06978616863489151
8 0.8235677480697632 0.5151324272155762 0.09295596927404404 0.04799232631921768
8 0.9762676358222961 0.5467310547828674 0.04727954789996147 0.039902783930301666
8 0.4161434769630432 0.5617455244064331 0.17386512458324432 0.046159934252500534
8 0.11153088510036469 0.5067864060401917 0.08902649581432343 0.03876190260052681
8 0.8831928372383118 0.4960947036743164 0.05401134490966797 0.024739360436797142
8 0.5883236527442932 0.4946579337120056 0.04152955859899521 0.026627253741025925
8 0.29072028398513794 0.5101787447929382 0.08010196685791016 0.018056202679872513
8 0.5406057238578796 0.4932970106601715 0.04244880750775337 0.020817279815673828
8 0.7651579976081848 0.4906042218208313 0.04805002361536026 0.016875362023711205
8 0.3582957088947296 0.4894068241119385 0.03505983203649521 0.016066741198301315
8 0.7059679627418518 0.49650996923446655 0.06029396131634712 0.02212495729327202
8 0.422839879989624 0.4996562898159027 0.05177106708288193 0.018225764855742455
8 0.6470946073532104 0.5401066541671753 0.07027969509363174 0.02447223663330078
8 0.6629577875137329 0.4868623614311218 0.040720272809267044 0.016269493848085403
8 0.9876084327697754 0.49890655279159546 0.02478504180908203 0.013692284002900124
8 0.6149579286575317 0.4863174557685852 0.03255815431475639 0.01607980765402317
8 0.018795210868120193 0.6172394752502441 0.037393294274806976 0.04814615100622177
8 0.5006890892982483 0.4867173135280609 0.055458925664424896 0.016701411455869675
8 0.49143925309181213 0.5524774789810181 0.19249668717384338 0.04239339753985405
8 0.9566788673400879 0.4961417317390442 0.021207619458436966 0.01308364886790514
8 0.4335349202156067 0.48284608125686646 0.04098224639892578 0.01857738569378853
8 0.13177251815795898 0.49180230498313904 0.08296964317560196 0.02077350579202175
8 0.45965105295181274 0.5204997658729553 0.1294390708208084 0.0459715835750103
8 0.9360782504081726 0.4928377568721771 0.02314434014260769 0.016157817095518112
8 0.8265351057052612 0.49125298857688904 0.05280647426843643 0.013768767938017845
8 0.5764636993408203 0.5451266765594482 0.11116351932287216 0.032166481018066406
