8 0.22432658076286316 0.4828539490699768 0.22951383888721466 0.21188297867774963
8 0.7734262347221375 0.5161821842193604 0.20504531264305115 0.16769704222679138
8 0.09591817855834961 0.23970046639442444 0.1912854164838791 0.13871155679225922
8 0.49680060148239136 0.4571807384490967 0.21143817901611328 0.3352801501750946
8 0.6557848453521729 0.2644100785255432 0.0478578582406044 0.038836050778627396
8 0.928440272808075 0.27205127477645874 0.10395832359790802 0.04682130739092827
8 0.21111027896404266 0.25800612568855286 0.02500816620886326 0.010819530114531517
8 0.858374297618866 0.26171550154685974 0.03860492631793022 0.031946659088134766
8 0.7881159782409668 0.26556381583213806 0.04864501953125 0.034758709371089935
8 0.5804443955421448 0.264902263879776 0.0394444465637207 0.03376517444849014
8 0.42265671491622925 0.2573365867137909 0.023517321795225143 0.00832896213978529
8 0.36488670110702515 0.2805086076259613 0.03206605836749077 0.015531683340668678
