7 0.8333951830863953 0.6233627200126648 0.2052592784166336 0.09352026134729385
7 0.5654239058494568 0.5685625076293945 0.09980373084545135 0.03662443161010742
7 0.1396452635526657 0.5823742747306824 0.2219693660736084 0.06052398681640625
7 0.9775090217590332 0.5589092373847961 0.04490051418542862 0.03223686292767525
7 0.8146897554397583 0.5359905362129211 0.037931106984615326 0.01576404646039009
7 0.47744590044021606 0.7226061224937439 0.08399085700511932 0.1061100959777832
7 0.5083041787147522 0.5383432507514954 0.07327985763549805 0.017351627349853516
7 0.6638144254684448 0.557553231716156 0.05478782579302788 0.022407054901123047
7 0.7467225790023804 0.5509263873100281 0.050785064697265625 0.02213153801858425
7 0.9577981233596802 0.5315872430801392 0.02801818773150444 0.00945062655955553
7 0.6158393621444702 0.548846423625946 0.05657920986413956 0.01695556566119194
7 0.6898288726806641 0.5029932856559753 0.030625343322753906 0.009435558691620827
7 0.6900357007980347 0.525479793548584 0.025682449340820312 0.013928413391113281
7 0.8806818127632141 0.4984583854675293 0.03550853580236435 0.014955425634980202
7 0.7829605937004089 0.5178164839744568 0.015711307525634766 0.010483169928193092
7 0.3745312988758087 0.568433940410614 0.10300898551940918 0.030222605913877487
7 0.042032718658447266 0.5739187598228455 0.0837787389755249 0.04158668592572212
7 0.43017950654029846 0.5273597240447998 0.03688402101397514 0.010303020477294922
