7 0.3023765981197357 0.6931788921356201 0.42402905225753784 0.21671457588672638
7 0.5748146176338196 0.6811279058456421 0.27120572328567505 0.1957922875881195
7 0.8398329615592957 0.621433675289154 0.18023094534873962 0.0853450745344162
7 0.15066973865032196 0.6669684648513794 0.30051130056381226 0.12791280448436737
7 0.14415863156318665 0.5879112482070923 0.21240076422691345 0.05034599453210831
7 0.7087503671646118 0.5821070671081543 0.15683946013450623 0.0499330535531044
7 0.7280839085578918 0.5034002065658569 0.04152555391192436 0.021505355834960938
7 0.35053014755249023 0.5766293406486511 0.16695444285869598 0.042740821838378906
7 0.020423388108611107 0.6134085059165955 0.04053536802530289 0.050153352320194244
7 0.4694099426269531 0.5819993615150452 0.20628729462623596 0.0518336296081543
