8 0.20963719487190247 0.6953662037849426 0.2280867099761963 0.11401443183422089
8 0.5615253448486328 0.73576819896698 0.18054914474487305 0.12897257506847382
8 0.11111650615930557 0.5920313596725464 0.182644322514534 0.05244846269488335
8 0.06730188429355621 0.6433888673782349 0.13387319445610046 0.0732000321149826
8 0.4738040566444397 0.5799485445022583 0.06931734085083008 0.033396244049072266
8 0.5526394248008728 0.5664296746253967 0.06453990936279297 0.027028178796172142
8 0.46076661348342896 0.5498502850532532 0.06292743980884552 0.019963646307587624
8 0.7674036026000977 0.6548185348510742 0.12331919372081757 0.04144172742962837
8 0.6031619906425476 0.5428327918052673 0.04316730424761772 0.028121089562773705
8 0.6553134918212891 0.5458183288574219 0.030995940789580345 0.016434956341981888
8 0.34938186407089233 0.5556626319885254 0.09994535148143768 0.05095071718096733
8 0.8872538805007935 0.6045010685920715 0.0704425796866417 0.03260936588048935
8 0.5279220342636108 0.5437696576118469 0.034340955317020416 0.01816587522625923
