7 0.9658495187759399 0.5116023421287537 0.06828860938549042 0.08916664123535156
7 0.4214726984500885 0.5650288462638855 0.17321185767650604 0.0498289093375206
7 0.5290563106536865 0.5578957200050354 0.14500579237937927 0.03933238983154297
7 0.11139845848083496 0.5852421522140503 0.18857155740261078 0.04042167589068413
7 0.8347591161727905 0.539384663105011 0.10464968532323837 0.029055213555693626
7 0.7013906240463257 0.5558506846427917 0.13615866005420685 0.028771687299013138
7 0.2671942710876465 0.5169982314109802 0.09130320698022842 0.014490032568573952
7 0.12219848483800888 0.530886709690094 0.13359129428863525 0.020639991387724876
7 0.009079793468117714 0.6006120443344116 0.018044043332338333 0.03768739849328995
7 0.5674331188201904 0.5475548505783081 0.1280239075422287 0.033841706812381744
