0 0.480258047580719 0.611927330493927 0.8269931077957153 0.32462358474731445
0 0.9504320025444031 0.48647087812423706 0.09889602661132812 0.0822080597281456
0 0.3171050548553467 0.4226284623146057 0.07078170776367188 0.04754962772130966
0 0.0748816505074501 0.46433210372924805 0.14954523742198944 0.11664114147424698
0 0.267608642578125 0.4295784831047058 0.10151376575231552 0.06038389354944229
0 0.8594125509262085 0.44195517897605896 0.16270065307617188 0.09445126354694366
0 0.15768606960773468 0.4390466809272766 0.1362875998020172 0.0900312215089798
0 0.9242539405822754 0.44635891914367676 0.15040740370750427 0.11231870949268341
0 0.23851004242897034 0.43866443634033203 0.06090564653277397 0.0699974074959755
0 0.9366138577461243 0.45056647062301636 0.1251668930053711 0.10167913138866425
0 0.0855640172958374 0.43979009985923767 0.1706405133008957 0.09299659729003906
0 0.8331044912338257 0.42362847924232483 0.1124332919716835 0.06198940426111221
0 0.7761021256446838 0.42191973328590393 0.10133524239063263 0.06689348071813583
