0 0.07052239030599594 0.4646984040737152 0.14037421345710754 0.15789631009101868
0 0.8244322538375854 0.4499385952949524 0.11030516773462296 0.07694530487060547
0 0.9366618394851685 0.4586349129676819 0.12590618431568146 0.13294880092144012
0 0.5293506979942322 0.7203840017318726 0.8907088041305542 0.5540167093276978
0 0.2234954833984375 0.4399237036705017 0.10146521031856537 0.08041791617870331
0 0.6372565627098083 0.45563286542892456 0.09988460689783096 0.09621477127075195
0 0.7061207294464111 0.43727511167526245 0.06274203956127167 0.04249992221593857
0 0.2872168719768524 0.4306758940219879 0.06405515968799591 0.05927715450525284
0 0.5146721601486206 0.43844157457351685 0.1517786979675293 0.06673154979944229
0 0.32848045229911804 0.4213913083076477 0.039742611348629 0.04309112951159477
