0 0.33427849411964417 0.8119314908981323 0.20538730919361115 0.18207411468029022
0 0.470839262008667 0.6334832310676575 0.12594643235206604 0.10569248348474503
0 0.6535122990608215 0.6446606516838074 0.11958207935094833 0.11111307144165039
0 0.6981440782546997 0.5433773994445801 0.07377634197473526 0.06405973434448242
0 0.6926706433296204 0.47053441405296326 0.049086473882198334 0.04011373594403267
0 0.5438289046287537 0.4097302556037903 0.024260234087705612 0.02029743231832981
0 0.6243948936462402 0.4963056147098541 0.06057910993695259 0.05543813854455948
0 0.638938307762146 0.43484869599342346 0.0335208885371685 0.0265031810849905
0 0.5661370158195496 0.5461421012878418 0.09218253940343857 0.10388670116662979
0 0.5870145559310913 0.8965693712234497 0.21416091918945312 0.2061338871717453
0 0.6031884551048279 0.433439165353775 0.03058023378252983 0.022869586944580078
0 0.6251651644706726 0.4777149558067322 0.04329643398523331 0.02613687515258789
0 0.6243536472320557 0.4593457281589508 0.029325198382139206 0.019644927233457565
