3 0.5388191938400269 0.6434817314147949 0.13524094223976135 0.414259135723114
3 0.2835542559623718 0.6459146738052368 0.14383602142333984 0.4362577497959137
3 0.779029369354248 0.6520236730575562 0.12890248000621796 0.41598987579345703
3 0.9101583361625671 0.657016396522522 0.17254677414894104 0.4793081283569336
3 0.058874618262052536 0.6557772159576416 0.11663420498371124 0.4519801139831543
3 0.6181948781013489 0.5957034826278687 0.07341404259204865 0.28466492891311646
3 0.16775117814540863 0.5995818972587585 0.10353372246026993 0.2954116761684418
3 0.37841135263442993 0.5583043098449707 0.07405368983745575 0.21270743012428284
3 0.6884141564369202 0.5463886260986328 0.058084774762392044 0.19040098786354065
3 0.4572696089744568 0.5527347922325134 0.06320562213659286 0.18946322798728943
3 0.10186927020549774 0.6036958694458008 0.07898712903261185 0.3370443284511566
