3 0.5127833485603333 0.7013536691665649 0.16349801421165466 0.48175662755966187
3 0.8412922024726868 0.6589725017547607 0.09681892395019531 0.24945183098316193
3 0.08417914062738419 0.6678584218025208 0.1023750752210617 0.3283243179321289
3 0.3996000289916992 0.6456807851791382 0.05721695348620415 0.1843334138393402
3 0.9114266633987427 0.6491389274597168 0.07052421569824219 0.2330884039402008
3 0.16955110430717468 0.6591300964355469 0.07304143905639648 0.229258731007576
3 0.7378652095794678 0.6216599345207214 0.04758958891034126 0.14990520477294922
3 0.26733317971229553 0.6940506100654602 0.11988182365894318 0.35008201003074646
3 0.9809163212776184 0.6663182377815247 0.03674354404211044 0.2037798911333084
3 0.6728394031524658 0.6199748516082764 0.04046688228845596 0.11190357059240341
3 0.6060194969177246 0.6201059818267822 0.03566694259643555 0.11100731045007706
3 0.7787763476371765 0.6268402338027954 0.0415613166987896 0.13522358238697052
3 0.6385375261306763 0.6215516924858093 0.03498334810137749 0.10699443519115448
3 0.03032146766781807 0.6678543090820312 0.05983605235815048 0.2759853005409241
3 0.3548082709312439 0.631373941898346 0.04397754743695259 0.13552913069725037
3 0.7033498883247375 0.609632670879364 0.029352854937314987 0.09245453029870987
