1 0.4843441843986511 0.6987780332565308 0.021238278597593307 0.019309520721435547
1 0.4500757157802582 0.6871665716171265 0.014573240652680397 0.009740019217133522
1 0.6128917336463928 0.7410696148872375 0.059990882873535156 0.05449714511632919
1 0.4906647205352783 0.7031617164611816 0.019438456743955612 0.019547462463378906
1 0.38122522830963135 0.7254023551940918 0.02796759642660618 0.03387890011072159
1 0.4197746217250824 0.6879631280899048 0.011447000317275524 0.012247562408447266
1 0.507205605506897 0.7095453143119812 0.030097341164946556 0.024414872750639915
1 0.7724035978317261 0.7863260507583618 0.14918756484985352 0.10208568722009659
1 0.43293333053588867 0.6885458827018738 0.016162490472197533 0.00868988037109375
1 0.003846108913421631 0.7420350313186646 0.008081763982772827 0.06831669807434082
1 0.3958554267883301 0.7095518112182617 0.026880811899900436 0.023507118225097656
1 0.003717561485245824 0.7181204557418823 0.00893289502710104 0.020365381613373756
1 0.27859893441200256 0.7581853866577148 0.12285306304693222 0.09368748962879181
1 0.47403115034103394 0.6887854933738708 0.021539878100156784 0.017116069793701172
1 0.35375863313674927 0.7384149432182312 0.040160249918699265 0.051221705973148346
1 0.48558178544044495 0.6986631155014038 0.018508052453398705 0.0183852668851614
1 0.36982667446136475 0.731652021408081 0.021979570388793945 0.040255069732666016
1 0.41170746088027954 0.7029832601547241 0.019101809710264206 0.01990189589560032
1 0.5645159482955933 0.7295938730239868 0.04332733154296875 0.03809056431055069
1 0.4759252667427063 0.694912314414978 0.015376281924545765 0.015018701553344727
1 0.6701015830039978 0.7575384378433228 0.0970010757446289 0.07874655723571777
1 0.5378634929656982 0.7205720543861389 0.03157854080200195 0.03534116595983505
1 0.5804601311683655 0.7339943051338196 0.030759716406464577 0.03924059867858887
