1 0.07772441953420639 0.43716078996658325 0.15858057141304016 0.04240431636571884
1 0.5742980241775513 0.4151391088962555 0.028424596413969994 0.012012481689453125
1 0.4124031662940979 0.4218479096889496 0.04168684408068657 0.032808829098939896
1 0.1639530211687088 0.5103172659873962 0.3296627998352051 0.14296063780784607
1 0.5651615262031555 0.4714186191558838 0.2974367141723633 0.10834379494190216
1 0.6313087344169617 0.427934467792511 0.045465849339962006 0.03822307661175728
1 0.4545317590236664 0.42250221967697144 0.034218501299619675 0.030240202322602272
1 0.47675690054893494 0.6862033605575562 0.850117564201355 0.34870219230651855
1 0.5458789467811584 0.41333484649658203 0.030116939917206764 0.014109182171523571
1 0.6718747615814209 0.43657630681991577 0.06360969692468643 0.044969845563173294
