1 0.6994153261184692 0.43328142166137695 0.053285934031009674 0.04323401302099228
1 0.024086348712444305 0.4692049026489258 0.049604229629039764 0.1538105309009552
1 0.9634870290756226 0.45651131868362427 0.07497701793909073 0.14172101020812988
1 0.22377470135688782 0.44485870003700256 0.08498688042163849 0.08054742962121964
1 0.09876307100057602 0.46663159132003784 0.1117914691567421 0.10945101082324982
1 0.24102783203125 0.42232638597488403 0.05139491707086563 0.034210920333862305
1 0.8271629214286804 0.4572879374027252 0.10531987994909286 0.07305383682250977
1 0.21685409545898438 0.4400366246700287 0.09562566131353378 0.08293628692626953
1 0.5060533285140991 0.5494460463523865 0.5959716439247131 0.3998784124851227
1 0.9140543937683105 0.4508351683616638 0.08278236538171768 0.1117483377456665
