2 0.8454715609550476 0.6053701639175415 0.034390926361083984 0.06829724460840225
2 0.498157799243927 0.6278976202011108 0.035791922360658646 0.11021838337182999
2 0.8143537640571594 0.6974226832389832 0.10544119030237198 0.2587507367134094
2 0.4786163866519928 0.6221764087677002 0.019617939367890358 0.08165769279003143
2 0.3681095838546753 0.6329289674758911 0.029446173459291458 0.11102261394262314
2 0.2576991617679596 0.7127029895782471 0.13391536474227905 0.34003114700317383
2 0.35846829414367676 0.6326098442077637 0.045717716217041016 0.12054233253002167
2 0.4011532664299011 0.6532341241836548 0.060559988021850586 0.15893340110778809
2 0.5657705068588257 0.5888677835464478 0.015244817361235619 0.020589590072631836
2 0.6045793294906616 0.6314435005187988 0.03649125248193741 0.12494287639856339
2 0.5410948991775513 0.6812193989753723 0.09721336513757706 0.24555492401123047
2 0.4528031349182129 0.627648651599884 0.04215826839208603 0.10654568672180176
2 0.8872535824775696 0.6029067635536194 0.03928499296307564 0.06652498245239258
2 0.6351596117019653 0.6307169795036316 0.029877901077270508 0.10445346683263779
