1 0.7833070755004883 0.5141946077346802 0.0552457794547081 0.04740095138549805
1 0.32647085189819336 0.5001214146614075 0.04031715542078018 0.036603353917598724
1 0.4240378439426422 0.562981903553009 0.29168200492858887 0.16909685730934143
1 0.9040416479110718 0.5272502899169922 0.1518985778093338 0.10777358710765839
1 0.8267152905464172 0.5187569856643677 0.035297393798828125 0.06167469173669815
1 0.7516089677810669 0.5119249224662781 0.020907163619995117 0.031714439392089844
1 0.24721045792102814 0.5182645320892334 0.13511984050273895 0.08674430847167969
1 0.7405393719673157 0.506111741065979 0.027568960562348366 0.04020881652832031
1 0.6939319968223572 0.5041517019271851 0.04055585712194443 0.030234431847929955
1 0.5888717770576477 0.5002105236053467 0.018965864554047585 0.018796062096953392
1 0.6365381479263306 0.5045945644378662 0.06450619548559189 0.047836970537900925
1 0.6843503713607788 0.5021823048591614 0.02684626542031765 0.026842404156923294
1 0.7334837317466736 0.5044981241226196 0.03182363510131836 0.0413421168923378
