1 0.5580698251724243 0.6891990303993225 0.02993473969399929 0.02583169937133789
1 0.5920999646186829 0.7003209590911865 0.019606733694672585 0.028539370745420456
1 0.6212210059165955 0.7030504941940308 0.051049232482910156 0.03736567497253418
1 0.3450039327144623 0.6989868879318237 0.12314596027135849 0.029854536056518555
1 0.47143763303756714 0.6842566728591919 0.02536158636212349 0.02018427848815918
1 0.7411391735076904 0.7133303880691528 0.11183176189661026 0.06284775584936142
1 0.42920583486557007 0.683214545249939 0.020874787122011185 0.021642208099365234
1 0.31729692220687866 0.7789568305015564 0.3067970871925354 0.16295823454856873
1 0.5495299100875854 0.6904013156890869 0.016954421997070312 0.02245302125811577
1 0.5177778005599976 0.6926649212837219 0.041718244552612305 0.03899431228637695
1 0.4948311746120453 0.6825469136238098 0.016074037179350853 0.017559289932250977
1 0.5656068325042725 0.6929454803466797 0.024740885943174362 0.025977039709687233
