1 0.5911693572998047 0.40800291299819946 0.018122578039765358 0.01658601686358452
1 0.7639333009719849 0.6076926589012146 0.18850088119506836 0.15076932311058044
1 0.5395430326461792 0.4942197799682617 0.05974879115819931 0.05327486991882324
1 0.26719412207603455 0.6559210419654846 0.3216879069805145 0.2268071174621582
1 0.691478967666626 0.4749411642551422 0.052893638610839844 0.047722578048706055
1 0.6220231652259827 0.4110732078552246 0.025187015533447266 0.017487715929746628
1 0.5885435342788696 0.4310216009616852 0.014378214254975319 0.01624450646340847
1 0.6331496238708496 0.47146233916282654 0.05568122863769531 0.04042010381817818
1 0.5785086750984192 0.45177435874938965 0.03413200378417969 0.024565601721405983
1 0.5343613624572754 0.4517543911933899 0.047797299921512604 0.022363901138305664
1 0.5322397351264954 0.4766164720058441 0.05712318420410156 0.041018009185791016
1 0.5083910822868347 0.5574701428413391 0.12755584716796875 0.10046329349279404
