1 0.5762460231781006 0.7369206547737122 0.024515246972441673 0.03354658931493759
1 0.6609901785850525 0.7557977437973022 0.11078929901123047 0.08712315559387207
1 0.4306301474571228 0.7471169829368591 0.07917757332324982 0.07003297656774521
1 0.5613548159599304 0.7340518236160278 0.027165556326508522 0.031464241445064545
1 0.8644072413444519 0.7823582887649536 0.18312588334083557 0.12762069702148438
1 0.5283070802688599 0.7321637272834778 0.03961501270532608 0.031656838953495026
1 0.03933492675423622 0.8160929679870605 0.07777572423219681 0.1262008249759674
1 0.4766257405281067 0.7301811575889587 0.031670331954956055 0.032033443450927734
1 0.387692928314209 0.7422837615013123 0.018476009368896484 0.02945232391357422
1 0.4975961744785309 0.7267557978630066 0.02109684981405735 0.02329578436911106
1 0.5982547402381897 0.7417823076248169 0.02980985678732395 0.04349851608276367
