1 0.07040230929851532 0.43027862906455994 0.06168828159570694 0.029179859906435013
1 0.7475382089614868 0.42807406187057495 0.04819321632385254 0.03812980651855469
1 0.8158437609672546 0.42851418256759644 0.042505741119384766 0.021109770983457565
1 0.020137526094913483 0.4294719696044922 0.043688319623470306 0.03309044986963272
1 0.3302361071109772 0.5633631944656372 0.5807912945747375 0.3281609117984772
1 0.7571547627449036 0.425307035446167 0.02883124351501465 0.0305296890437603
1 0.12497037649154663 0.42816486954689026 0.06581484526395798 0.028989648446440697
1 0.18913955986499786 0.4272756576538086 0.042540740221738815 0.024300813674926758
1 0.0974908322095871 0.4292129576206207 0.11654126644134521 0.031314898282289505
1 0.7370973825454712 0.430426687002182 0.03356575965881348 0.03898964077234268
1 0.864335834980011 0.42381468415260315 0.03187685087323189 0.018955135717988014
1 0.6314074397087097 0.46756094694137573 0.14441490173339844 0.1031871810555458
1 0.783607006072998 0.427926242351532 0.02542266808450222 0.02379927597939968
1 0.7057905793190002 0.43602055311203003 0.05441751331090927 0.04118075221776962
