1 0.5349076986312866 0.44774308800697327 0.04561104625463486 0.024361228570342064
1 0.7583061456680298 0.6042842864990234 0.1766747534275055 0.14089623093605042
1 0.5285248756408691 0.43381786346435547 0.027375316247344017 0.013657140545547009
1 0.5090413093566895 0.555597722530365 0.12516117095947266 0.09551229327917099
1 0.2771575152873993 0.6642404794692993 0.2903379797935486 0.20071792602539062
1 0.2830030024051666 0.5080275535583496 0.09298525005578995 0.05711688846349716
1 0.6036736369132996 0.4470098614692688 0.036867715418338776 0.03207068517804146
1 0.43520650267601013 0.4561768174171448 0.048970840871334076 0.04269981384277344
1 0.5352341532707214 0.4852682650089264 0.067238949239254 0.056059740483760834
1 0.540972113609314 0.44235143065452576 0.048601485788822174 0.03444705158472061
1 0.6917964816093445 0.47560930252075195 0.05263175815343857 0.046134330332279205
