1 0.49133968353271484 0.6210195422172546 0.017609406262636185 0.0207990650087595
1 0.4631909430027008 0.6117776036262512 0.02640233002603054 0.022975778207182884
1 0.5586135983467102 0.6671462059020996 0.12492255866527557 0.10382318496704102
1 0.36716362833976746 0.9779956936836243 0.7462114691734314 0.045513249933719635
1 0.4040180742740631 0.6234194040298462 0.050526879727840424 0.04857611656188965
1 0.4982919692993164 0.6217679381370544 0.03086381033062935 0.023514270782470703
1 0.24552421271800995 0.6862224340438843 0.2653891146183014 0.19597181677818298
1 0.4359951913356781 0.6147915124893188 0.013287687674164772 0.01844477653503418
1 0.47830477356910706 0.6224509477615356 0.0127707002684474 0.016949892044067383
1 0.5029633641242981 0.6310802698135376 0.03708381578326225 0.036422111093997955
