1 0.7423298954963684 0.5979453325271606 0.23972468078136444 0.15490126609802246
1 0.5809997320175171 0.4691638946533203 0.025674009695649147 0.027059316635131836
1 0.5540531277656555 0.48312607407569885 0.034343719482421875 0.03892355039715767
1 0.2896895408630371 0.6258324384689331 0.286490797996521 0.20264306664466858
1 0.43799686431884766 0.44161972403526306 0.030578231438994408 0.025153255090117455
1 0.5203993320465088 0.471740186214447 0.0358918197453022 0.02921896055340767
1 0.6181352734565735 0.48103857040405273 0.05391731113195419 0.0384644977748394
1 0.6323258876800537 0.503153920173645 0.0735984817147255 0.047096967697143555
1 0.550742506980896 0.4527209401130676 0.04217181354761124 0.027303744107484818
1 0.43154191970825195 0.4860166609287262 0.0743309035897255 0.07651491463184357
