1 0.55697101354599 0.6290665864944458 0.015040302649140358 0.016145849600434303
1 0.4897109866142273 0.6284542679786682 0.02337470091879368 0.03272724151611328
1 0.511979877948761 0.6295815706253052 0.03232378885149956 0.03185715526342392
1 0.338427871465683 0.96772301197052 0.6807998418807983 0.06431446224451065
1 0.47217702865600586 0.6341334581375122 0.045029498636722565 0.0339725986123085
1 0.7746356725692749 0.6936845779418945 0.27947402000427246 0.2477300614118576
1 0.2553541660308838 0.6734928488731384 0.34456756711006165 0.3000069558620453
1 0.4462828040122986 0.6388803720474243 0.01116476021707058 0.02030816115438938
1 0.5803400278091431 0.6371277570724487 0.04197058826684952 0.03361497074365616
1 0.6386309862136841 0.6486693620681763 0.0646422877907753 0.07304921001195908
