1 0.8842926025390625 0.4279724061489105 0.04437666013836861 0.05833106115460396
1 0.847964882850647 0.4228801727294922 0.021434402093291283 0.023542214184999466
1 0.8174225091934204 0.419145405292511 0.016513442620635033 0.012009143829345703
1 0.7785931825637817 0.4244908392429352 0.03411269187927246 0.027101898565888405
1 0.6558489799499512 0.4276196360588074 0.08024215698242188 0.03466000407934189
1 0.7108275294303894 0.42446422576904297 0.056176185607910156 0.03869614750146866
1 0.9364255666732788 0.45152702927589417 0.13105860352516174 0.09602031856775284
1 0.6558598875999451 0.4333063066005707 0.08179578930139542 0.025411557406187057
1 0.07944284379482269 0.43364349007606506 0.15978525578975677 0.13131649792194366
1 0.6693941354751587 0.4321756362915039 0.05436205863952637 0.020981978625059128
1 0.38591939210891724 0.5661758780479431 0.64690101146698 0.31853675842285156
1 0.6290318965911865 0.4216277003288269 0.06437120586633682 0.02741389349102974
1 0.7494617700576782 0.4241013526916504 0.023612499237060547 0.02390589751303196
1 0.2801893651485443 0.4311795234680176 0.24387557804584503 0.10066275298595428
