4 0.8450544476509094 0.6197252869606018 0.13766822218894958 0.31014013290405273
4 0.8448349237442017 0.6630368232727051 0.1374683827161789 0.2223655730485916
4 0.599298357963562 0.6728176474571228 0.12004361301660538 0.1976609230041504
4 0.12248494476079941 0.681719958782196 0.1299869269132614 0.20001554489135742
4 0.3536413311958313 0.6275252103805542 0.15332920849323273 0.29773059487342834
4 0.35969823598861694 0.6773329973220825 0.13768240809440613 0.19609856605529785
4 0.23759666085243225 0.6799694895744324 0.11569754034280777 0.19349178671836853
4 0.7213854789733887 0.6668246984481812 0.11743984371423721 0.22090506553649902
4 0.598920464515686 0.6227765083312988 0.12004923820495605 0.2998082637786865
4 0.4841884672641754 0.624559223651886 0.11976189911365509 0.3013383746147156
4 0.4838124215602875 0.6758554577827454 0.11756320297718048 0.19687533378601074
4 0.7211553454399109 0.6120847463607788 0.11801576614379883 0.33132776618003845
