1 0.936680793762207 0.4109809994697571 0.1314288079738617 0.04568178579211235
1 0.7825930714607239 0.5209274888038635 0.3075381815433502 0.20261354744434357
1 0.631405770778656 0.4278342127799988 0.04710721969604492 0.03792004659771919
1 0.2683761715888977 0.4119166433811188 0.050868771970272064 0.021290015429258347
1 0.11388597637414932 0.42580994963645935 0.04949002340435982 0.03014693222939968
1 0.9360313415527344 0.4662454128265381 0.13377074897289276 0.11169872432947159
1 0.19178085029125214 0.5226643681526184 0.3111359179019928 0.20754432678222656
1 0.3770163059234619 0.4322830140590668 0.055678464472293854 0.04685063287615776
1 0.19817763566970825 0.4088941514492035 0.07625386863946915 0.021892499178647995
1 0.4865131378173828 0.5275629758834839 0.31422820687294006 0.24166040122509003
1 0.5942649841308594 0.4288717210292816 0.02955455705523491 0.027544165030121803
1 0.8617376089096069 0.43544140458106995 0.04990377277135849 0.04228377342224121
1 0.48627299070358276 0.787581741809845 0.2942698001861572 0.1257745325565338
