1 0.6739388704299927 0.43642503023147583 0.04851784557104111 0.04988140985369682
1 0.3669372498989105 0.5527652502059937 0.4598119854927063 0.29030871391296387
1 0.629557728767395 0.43301859498023987 0.04368176311254501 0.02804417535662651
1 0.2824097275733948 0.4191262125968933 0.038300205022096634 0.02621011808514595
1 0.9248045086860657 0.46037960052490234 0.16028623282909393 0.12525442242622375
1 0.5558884739875793 0.4320007264614105 0.01515340805053711 0.01655402220785618
1 0.7069372534751892 0.44142788648605347 0.06726350635290146 0.05102229118347168
1 0.07197417318820953 0.4538210928440094 0.14685329794883728 0.10357823222875595
1 0.6002768278121948 0.43269777297973633 0.01441350020468235 0.01740250550210476
1 0.5952538847923279 0.43227195739746094 0.02545309066772461 0.020964860916137695
1 0.2169504165649414 0.44756922125816345 0.10874508321285248 0.08558378368616104
1 0.820199191570282 0.4528047442436218 0.09928026050329208 0.06977200508117676
