4 0.7830027341842651 0.5558161735534668 0.1041526347398758 0.1819990575313568
4 0.9440061450004578 0.565009355545044 0.03545188903808594 0.09636364132165909
4 0.9163339734077454 0.5654364824295044 0.04775648191571236 0.11438822746276855
4 0.9338825345039368 0.5644529461860657 0.04458608478307724 0.100153349339962
4 0.9943944811820984 0.5555764436721802 0.015722179785370827 0.04821429401636124
4 0.24894288182258606 0.4873325228691101 0.5019444227218628 0.5492792725563049
4 0.8887786865234375 0.5624438524246216 0.047060299664735794 0.12919549643993378
4 0.9923044443130493 0.5640997886657715 0.017660140991210938 0.06355686485767365
4 0.7109829783439636 0.5469096899032593 0.11616554111242294 0.22420620918273926
4 0.960827648639679 0.5662735104560852 0.03165559843182564 0.08544502407312393
4 0.8458385467529297 0.5613898038864136 0.07754401862621307 0.14561566710472107
4 0.5685945749282837 0.5484477877616882 0.25692468881607056 0.2874561846256256
4 0.24702470004558563 0.8895419836044312 0.4985855519771576 0.21519723534584045
4 0.9825860857963562 0.5653336048126221 0.028200436383485794 0.06838979572057724
