4 0.9311056137084961 0.5744363069534302 0.0404779426753521 0.09779610484838486
4 0.8570119738578796 0.570045530796051 0.06490650027990341 0.15352478623390198
4 0.005449510179460049 0.5280300974845886 0.011972724460065365 0.46616920828819275
4 0.9546566009521484 0.5745208859443665 0.0336729995906353 0.0844636932015419
4 0.5992259979248047 0.5349375605583191 0.2033969908952713 0.3850271701812744
4 0.256150484085083 0.4500759243965149 0.5016952753067017 0.6890925168991089
4 0.969272792339325 0.5789546966552734 0.01924762688577175 0.07215595245361328
4 0.7621240019798279 0.5547285079956055 0.13186292350292206 0.23056069016456604
4 0.9886285662651062 0.5800483226776123 0.023920726031064987 0.0612335205078125
4 0.9012174606323242 0.5732555985450745 0.03064889833331108 0.11093511432409286
