1 0.5636292695999146 0.8336127996444702 0.018440866842865944 0.011552715674042702
1 0.5567598342895508 0.8340741991996765 0.03050823137164116 0.011632442474365234
1 0.5510076284408569 0.5810791850090027 0.17591223120689392 0.05023369938135147
1 0.7301828265190125 0.8268789052963257 0.017212295904755592 0.01374664343893528
1 0.5500823259353638 0.8336302042007446 0.01602635346353054 0.010873031802475452
1 0.29400143027305603 0.5883448719978333 0.1694885492324829 0.04524216800928116
1 0.8050963282585144 0.5757079124450684 0.18551144003868103 0.05385952070355415
1 0.6083453893661499 0.829243540763855 0.01906275749206543 0.012156104668974876
1 0.7149592638015747 0.8289358019828796 0.020877504721283913 0.014506816864013672
1 0.6918444037437439 0.8275969624519348 0.026395702734589577 0.016763877123594284
1 0.5580711364746094 0.8335685729980469 0.029230976477265358 0.01213912945240736
1 0.6247190237045288 0.8312681317329407 0.018700361251831055 0.010202502831816673
