1 0.44537225365638733 0.5497649908065796 0.12798289954662323 0.09991870075464249
1 0.7422981858253479 0.6113007068634033 0.15429314970970154 0.12062644958496094
1 0.5411633253097534 0.45439356565475464 0.07039046287536621 0.06968899071216583
1 0.2878094017505646 0.6738171577453613 0.26467424631118774 0.20776577293872833
1 0.5481003522872925 0.36683350801467896 0.013861322775483131 0.01704847812652588
1 0.5249307751655579 0.3883044719696045 0.012798309326171875 0.021294068545103073
1 0.5980343818664551 0.3789807856082916 0.027331162244081497 0.01853341981768608
1 0.5892150402069092 0.3777226507663727 0.010286426171660423 0.016372274607419968
1 0.6369277834892273 0.46578988432884216 0.06353054195642471 0.05392871052026749
1 0.6137697100639343 0.40896502137184143 0.030109023675322533 0.02391533926129341
1 0.43369922041893005 0.4538908898830414 0.055257368832826614 0.04568161815404892
