1 0.665278434753418 0.4996218681335449 0.1314464509487152 0.07178612053394318
1 0.028400057926774025 0.4832918643951416 0.05868124961853027 0.045907020568847656
1 0.7370436787605286 0.5065144300460815 0.1723300963640213 0.08325491100549698
1 0.9302102327346802 0.5404168963432312 0.15089206397533417 0.13381433486938477
1 0.10439078509807587 0.5327156782150269 0.21150660514831543 0.1376991719007492
1 0.2828602194786072 0.4841892719268799 0.07931740581989288 0.04499635845422745
1 0.283210426568985 0.4931052327156067 0.08220543712377548 0.06527924537658691
1 0.34632521867752075 0.49701881408691406 0.07910807430744171 0.06608748435974121
1 0.8051067590713501 0.5195434093475342 0.2617971897125244 0.11905546486377716
1 0.9635004997253418 0.5703248977661133 0.06377677619457245 0.09820260852575302
1 0.9719051122665405 0.575234055519104 0.06293697655200958 0.11163568496704102
1 0.5059484243392944 0.7332562208175659 0.9068522453308105 0.4145428240299225
1 0.6231149435043335 0.4916895031929016 0.09312167018651962 0.06132092326879501
1 0.6936763525009155 0.5085471272468567 0.08642220497131348 0.07547111809253693
1 0.2561177611351013 0.5119795203208923 0.12145483493804932 0.09637995064258575
1 0.8927232623100281 0.5289591550827026 0.21726174652576447 0.1331806182861328
