1 0.3303055167198181 0.8305807113647461 0.21855664253234863 0.09788747131824493
1 0.8105001449584961 0.7848939895629883 0.043445684015750885 0.022156620398163795
1 0.9019950032234192 0.7776190042495728 0.07041454315185547 0.02394413948059082
1 0.26799827814102173 0.7970378994941711 0.04965193197131157 0.031196165829896927
1 0.09141429513692856 0.7942125797271729 0.047852326184511185 0.022218991070985794
1 0.1742451786994934 0.7896373271942139 0.027898002415895462 0.017826080322265625
1 0.9187546968460083 0.7780718803405762 0.039278410375118256 0.02322244644165039
1 0.8793255090713501 0.7752504348754883 0.03210105746984482 0.015950297936797142
1 0.43733319640159607 0.7919186353683472 0.06720485538244247 0.03331194072961807
1 0.9512029886245728 0.7730130553245544 0.025882339105010033 0.023039722815155983
1 0.2109723836183548 0.7955586314201355 0.07062476873397827 0.0253419391810894
1 0.4290638566017151 0.7911909818649292 0.04327535629272461 0.033522844314575195
1 0.018275778740644455 0.7929920554161072 0.021363068372011185 0.02103242836892605
1 0.6770035624504089 0.7726926803588867 0.02570929564535618 0.013457298278808594
1 0.7653225064277649 0.7840728759765625 0.03429698944091797 0.024883460253477097
1 0.05088747292757034 0.794899582862854 0.030381521210074425 0.01996793784201145
1 0.8435368537902832 0.7723022699356079 0.026389311999082565 0.014115666970610619
1 0.9920223355293274 0.7745835185050964 0.019951915368437767 0.01497497595846653
1 0.9394817352294922 0.7730239629745483 0.046602629125118256 0.024796009063720703
1 0.8195594549179077 0.7859286069869995 0.026304244995117188 0.020263195037841797
1 0.6899114847183228 0.7880915999412537 0.03496956825256348 0.024521922692656517
1 0.5178468823432922 0.7901663184165955 0.06405258178710938 0.03387155383825302
1 0.7369667291641235 0.7874290347099304 0.04342160373926163 0.024341965094208717
1 0.8343597650527954 0.7728890776634216 0.041596125811338425 0.016794299706816673
