1 0.4659295976161957 0.6668569445610046 0.02063765563070774 0.013541365042328835
1 0.3295348286628723 0.693988025188446 0.05101156234741211 0.03880763053894043
1 0.39408424496650696 0.6717973351478577 0.023676156997680664 0.025884628295898438
1 0.8221372365951538 0.7288966774940491 0.2489682137966156 0.07827568054199219
1 0.37755244970321655 0.6725276708602905 0.01652400568127632 0.02225971221923828
1 0.35466086864471436 0.6844986081123352 0.027039576321840286 0.02854156494140625
1 0.24574927985668182 0.7517753839492798 0.14550550282001495 0.11109628528356552
1 0.3965345025062561 0.6665266156196594 0.02091073989868164 0.020093346014618874
1 0.3618389666080475 0.6795977354049683 0.03211474418640137 0.027208805084228516
1 0.3658490478992462 0.6767009496688843 0.029613923281431198 0.025098323822021484
1 0.31016066670417786 0.7090256214141846 0.05036492273211479 0.047725677490234375
1 0.16608846187591553 0.7285282611846924 0.10014928877353668 0.08535051345825195
1 0.5262019038200378 0.6710628271102905 0.023665571585297585 0.009216928854584694
1 0.5386579632759094 0.7022843360900879 0.07734856754541397 0.05814724043011665
1 0.4245695173740387 0.6699469685554504 0.02592644654214382 0.020563602447509766
1 0.44720762968063354 0.6668134927749634 0.010764693841338158 0.007971525192260742
1 0.3557755947113037 0.6821470856666565 0.028251076117157936 0.02775106392800808
1 0.36891356110572815 0.6720155477523804 0.027750253677368164 0.023894643411040306
