1 0.9535077214241028 0.20644502341747284 0.10097523033618927 0.1279994398355484
1 0.7247263193130493 0.39348679780960083 0.06197085231542587 0.06551845371723175
1 0.5028215646743774 0.4277244508266449 0.038584090769290924 0.0546385757625103
1 0.5826829671859741 0.4559045732021332 0.027353763580322266 0.023790884763002396
1 0.9312120676040649 0.6676216125488281 0.14869871735572815 0.15824469923973083
1 0.6563717126846313 0.543469250202179 0.0778406634926796 0.06816139072179794
1 0.5463732481002808 0.45738664269447327 0.0228560920804739 0.019846821203827858
1 0.8681276440620422 0.5710607767105103 0.2769191861152649 0.22826799750328064
1 0.684256374835968 0.4321787357330322 0.04418325424194336 0.050942230969667435
1 0.39278674125671387 0.28084796667099 0.0966029167175293 0.11520354449748993
1 0.48010748624801636 0.3932632803916931 0.033034563064575195 0.059786248952150345
1 0.21008911728858948 0.09887216240167618 0.08427691459655762 0.1208825558423996
1 0.17191433906555176 0.5890644788742065 0.34415778517723083 0.47913283109664917
1 0.37965041399002075 0.5391050577163696 0.22031283378601074 0.18824553489685059
1 0.2537936866283417 0.5448981523513794 0.3883613348007202 0.30164358019828796
1 0.46319809556007385 0.3701635003089905 0.02855219878256321 0.06483616679906845
1 0.7829042673110962 0.36255258321762085 0.07018446922302246 0.05900120735168457
1 0.43680340051651 0.34958142042160034 0.060889244079589844 0.08068525791168213
1 0.29405733942985535 0.1874699592590332 0.1365094631910324 0.18183556199073792
1 0.8627424240112305 0.2656176686286926 0.10074110329151154 0.15263493359088898
1 0.61687833070755 0.45661744475364685 0.019229650497436523 0.01923518255352974
1 0.7103476524353027 0.5475727319717407 0.09765014797449112 0.0985565185546875
1 0.6415470838546753 0.45718058943748474 0.019232606515288353 0.01761150360107422
1 0.7869160771369934 0.5515424609184265 0.1827712506055832 0.15079092979431152
1 0.6743981242179871 0.5426853895187378 0.11090411990880966 0.08357381820678711
1 0.3985253572463989 0.2640615701675415 0.0817025676369667 0.08134398609399796
1 0.4356986880302429 0.5522235035896301 0.12981781363487244 0.15574774146080017
1 0.4999334216117859 0.5416939854621887 0.1193246841430664 0.09226131439208984
1 0.130263552069664 0.039430756121873856 0.18186160922050476 0.08163275569677353
1 0.7434734106063843 0.548272967338562 0.11654925346374512 0.11233792454004288
1 0.7859309911727905 0.3461124897003174 0.07753448188304901 0.08964848518371582
