1 0.755010187625885 0.43287476897239685 0.030241012573242188 0.035376690328121185
1 0.6458666920661926 0.43234747648239136 0.069008968770504 0.05596518516540527
1 0.9184076189994812 0.46126216650009155 0.1669432669878006 0.13970279693603516
1 0.06959690898656845 0.4952578544616699 0.13964076340198517 0.22103503346443176
1 0.7853231430053711 0.43345922231674194 0.024042988196015358 0.030086612328886986
1 0.7119070291519165 0.43696022033691406 0.06271171569824219 0.0516597256064415
1 0.19749343395233154 0.4198521077632904 0.08248815685510635 0.04250643402338028
1 0.128913015127182 0.4329771101474762 0.05674115568399429 0.04243779182434082
1 0.40071234107017517 0.5542734861373901 0.7417035102844238 0.35823071002960205
1 0.8225592374801636 0.448077917098999 0.06831526756286621 0.07061967998743057
