1 0.11727277934551239 0.43229395151138306 0.04780755192041397 0.03739423677325249
1 0.5011152625083923 0.4302043914794922 0.05711831897497177 0.02345294877886772
1 0.7556369304656982 0.5771883130073547 0.271512508392334 0.22185268998146057
1 0.5390319228172302 0.4492477476596832 0.0361638069152832 0.03477606922388077
1 0.40501824021339417 0.45487919449806213 0.04747474193572998 0.041904401034116745
1 0.28799039125442505 0.4194115698337555 0.021891474723815918 0.02423381805419922
1 0.45559439063072205 0.4261460304260254 0.0351346954703331 0.03644619137048721
1 0.2308376133441925 0.6096832752227783 0.4011729657649994 0.30579814314842224
1 0.5881312489509583 0.42805999517440796 0.015149354934692383 0.02056741714477539
1 0.6071240901947021 0.4484543800354004 0.06632433086633682 0.0484711155295372
1 0.24250774085521698 0.42602482438087463 0.01872408390045166 0.03221187740564346
1 0.6142439246177673 0.4386611878871918 0.05133342742919922 0.027809668332338333
1 0.5798343420028687 0.4535956382751465 0.023174762725830078 0.025985289365053177
1 0.8297654986381531 0.43977150321006775 0.036269377917051315 0.025837231427431107
1 0.590324342250824 0.41274136304855347 0.023845672607421875 0.023230552673339844
1 0.48495015501976013 0.458735853433609 0.08523478358983994 0.04155902937054634
1 0.5128113031387329 0.5402719974517822 0.16986170411109924 0.14410467445850372
1 0.6237949132919312 0.48891496658325195 0.08866152912378311 0.07780470699071884
1 0.5443617701530457 0.42036065459251404 0.037140846252441406 0.038620900362730026
1 0.7047852277755737 0.4400823712348938 0.031124353408813477 0.024623442441225052
1 0.6858822703361511 0.4635089039802551 0.04048490524291992 0.036260463297367096
