1 0.21828524768352509 0.4579114019870758 0.11252150684595108 0.12440705299377441
1 0.31158384680747986 0.4134550094604492 0.02007424831390381 0.03211512416601181
1 0.9675976037979126 0.45465773344039917 0.07631292194128036 0.1351972073316574
1 0.10071198642253876 0.4784970283508301 0.20408320426940918 0.18566074967384338
1 0.27038678526878357 0.4620918333530426 0.0782833844423294 0.11754526942968369
1 0.8355292081832886 0.4452984929084778 0.09115009009838104 0.06392703205347061
1 0.2699136435985565 0.42320775985717773 0.07587957382202148 0.041635654866695404
1 0.5135757923126221 0.5094121694564819 0.5289367437362671 0.3761216700077057
1 0.7894749641418457 0.4333859086036682 0.030069923028349876 0.04527902603149414
1 0.9193506240844727 0.42798328399658203 0.06374254077672958 0.06609492003917694
