1 0.8479341268539429 0.4031747877597809 0.03175611421465874 0.05461385101079941
1 0.5928820371627808 0.42334309220314026 0.2395220696926117 0.13060589134693146
1 0.7771472334861755 0.4013395309448242 0.02013692818582058 0.03551850467920303
1 0.5183733105659485 0.4257434904575348 0.36471259593963623 0.15910473465919495
1 0.7611966729164124 0.40417009592056274 0.03788280487060547 0.059209369122982025
1 0.33239832520484924 0.4676574766635895 0.6645139455795288 0.2928463816642761
1 0.9475876688957214 0.42942896485328674 0.11206035315990448 0.15507152676582336
1 0.2580728828907013 0.5562254786491394 0.5179946422576904 0.4276401102542877
1 0.7946636080741882 0.39856934547424316 0.023707246407866478 0.01740741729736328
1 0.585789680480957 0.38216614723205566 0.09404830634593964 0.03659963607788086
1 0.8213268518447876 0.399213969707489 0.022692393511533737 0.031356215476989746
1 0.6781289577484131 0.41783347725868225 0.11378192901611328 0.09296014159917831
1 0.8889740109443665 0.4236833453178406 0.03352613374590874 0.07846426963806152
1 0.8867712020874023 0.40314584970474243 0.0734841376543045 0.08977615833282471
1 0.6304559111595154 0.4096404016017914 0.17978525161743164 0.09172835201025009
1 0.7327619791030884 0.4146501123905182 0.05669722706079483 0.07792358100414276
