1 0.786833643913269 0.42429590225219727 0.0175002571195364 0.03458895534276962
1 0.5452073812484741 0.41466349363327026 0.03214897960424423 0.01922612264752388
1 0.5013075470924377 0.4185066223144531 0.02080535888671875 0.022640276700258255
1 0.6733916401863098 0.5496102571487427 0.4502498209476471 0.25303730368614197
1 0.7136833071708679 0.4159603714942932 0.04797730594873428 0.014506340026855469
1 0.5183188915252686 0.417447954416275 0.02214517630636692 0.019725847989320755
1 0.3815363049507141 0.41628772020339966 0.044940829277038574 0.03148780018091202
1 0.9543212652206421 0.45429545640945435 0.10108862072229385 0.13033099472522736
1 0.6074321866035461 0.4137573838233948 0.02078070677816868 0.018355464562773705
1 0.3040127158164978 0.5913456678390503 0.42434874176979065 0.3358894884586334
1 0.4240724444389343 0.4278644621372223 0.04736008495092392 0.04106307029724121
1 0.2622547447681427 0.4172297418117523 0.06573891639709473 0.016723299399018288
1 0.4762912392616272 0.4235641360282898 0.019359588623046875 0.026810359209775925
1 0.5749877691268921 0.415894091129303 0.02545180357992649 0.014039325527846813
1 0.6330049633979797 0.41432827711105347 0.04462585598230362 0.019748736172914505
1 0.08948658406734467 0.4699682295322418 0.15056894719600677 0.10726561397314072
1 0.486081063747406 0.4201818108558655 0.019226837903261185 0.02332620695233345
1 0.45230841636657715 0.4244667887687683 0.03327751159667969 0.03953824192285538
1 0.6737306118011475 0.4180126190185547 0.03187303617596626 0.014831924811005592
1 0.7201507091522217 0.4293258786201477 0.05492877960205078 0.028359413146972656
