1 0.6048089265823364 0.4645504951477051 0.016542768105864525 0.020087767392396927
1 0.5206158757209778 0.46779075264930725 0.03628182411193848 0.03565521165728569
1 0.6911104917526245 0.4723389744758606 0.0642460361123085 0.053755950182676315
1 0.27519482374191284 0.8356817960739136 0.49474063515663147 0.3019808232784271
1 0.3448089361190796 0.4671463966369629 0.041838884353637695 0.034363605082035065
1 0.8498071432113647 0.5666176080703735 0.26951107382774353 0.15746721625328064
1 0.6325531005859375 0.4636138081550598 0.047963619232177734 0.038102149963378906
1 0.27617397904396057 0.6238166093826294 0.4967111647129059 0.24132266640663147
1 0.4110420346260071 0.46063631772994995 0.05133774131536484 0.04119124263525009
1 0.21471281349658966 0.48432645201683044 0.06470184028148651 0.040697671473026276
