1 0.6764880418777466 0.4228545129299164 0.04603304713964462 0.026795338839292526
1 0.9387558102607727 0.4586143493652344 0.12533751130104065 0.1325538605451584
1 0.08338284492492676 0.47943058609962463 0.16610005497932434 0.18552660942077637
1 0.27263230085372925 0.4242655336856842 0.07050907611846924 0.03877077251672745
1 0.14859645068645477 0.4488031268119812 0.1099211573600769 0.07279543578624725
1 0.720054030418396 0.43318596482276917 0.0797826275229454 0.04383816570043564
1 0.10407619178295135 0.43608179688453674 0.1954820603132248 0.10207943618297577
1 0.4756556451320648 0.5880658030509949 0.8088302612304688 0.36599403619766235
1 0.3174130618572235 0.41540318727493286 0.06683917343616486 0.020377397537231445
1 0.6359602212905884 0.4147900640964508 0.04486498981714249 0.015421819873154163
1 0.7874704003334045 0.4295254647731781 0.024191761389374733 0.04616541787981987
1 0.179880291223526 0.43386921286582947 0.17850036919116974 0.08756983280181885
1 0.836556077003479 0.44807854294776917 0.09392265975475311 0.0743132084608078
