1 0.8939884305000305 0.09808184206485748 0.21525397896766663 0.20111604034900665
1 0.12804968655109406 0.009415256790816784 0.11015576124191284 0.026895761489868164
1 0.8232777714729309 0.0127287358045578 0.03658733516931534 0.025983726605772972
1 0.8005159497261047 0.036421243101358414 0.08619298785924911 0.07166595011949539
1 0.3398037552833557 0.07466132193803787 0.22481238842010498 0.1334136575460434
1 0.5401341319084167 0.556782066822052 0.9299173355102539 0.8844085931777954
1 0.20642416179180145 0.019070547074079514 0.05165465921163559 0.020267514511942863
1 0.779399037361145 0.03625819459557533 0.07930326461791992 0.07433119416236877
1 0.6064493060112 0.06191490963101387 0.3742145597934723 0.12918047606945038
1 0.17593039572238922 0.25986355543136597 0.3550189137458801 0.478926420211792
