1 0.5454570055007935 0.4135359823703766 0.03567967563867569 0.028266524896025658
1 0.9414969682693481 0.45691758394241333 0.12423133850097656 0.13322672247886658
1 0.4562486708164215 0.4129389226436615 0.028824854642152786 0.018301868811249733
1 0.51958167552948 0.4158514142036438 0.022840356454253197 0.022823333740234375
1 0.2356935292482376 0.44759121537208557 0.13265299797058105 0.10672583431005478
1 0.4032799303531647 0.4148997664451599 0.08304741233587265 0.02218608930706978
1 0.7290711402893066 0.425414502620697 0.07520446926355362 0.056743551045656204
1 0.589207112789154 0.4105715751647949 0.014377688989043236 0.016419792547822
1 0.0702502503991127 0.4607040286064148 0.14354410767555237 0.11170840263366699
1 0.6742181181907654 0.41511422395706177 0.02097501792013645 0.015672683715820312
1 0.39586955308914185 0.5610990524291992 0.5179411172866821 0.27439355850219727
1 0.4912795424461365 0.41436129808425903 0.04416322708129883 0.022930573672056198
1 0.635316014289856 0.4110664427280426 0.03594651073217392 0.02278306521475315
