1 0.06318654865026474 0.5179587602615356 0.06382884085178375 0.03246483951807022
1 0.9105293154716492 0.5253101587295532 0.047910116612911224 0.030208254233002663
1 0.04025077074766159 0.5306938886642456 0.0360761359333992 0.026850461959838867
1 0.19202157855033875 0.5159292221069336 0.037499379366636276 0.026921462267637253
1 0.11891603469848633 0.5157175064086914 0.054202668368816376 0.028308391571044922
1 0.23504337668418884 0.5174376964569092 0.02577969990670681 0.02625560760498047
1 0.21062898635864258 0.5166114568710327 0.07419886440038681 0.028228426352143288
1 0.05799105763435364 0.5233920812606812 0.06807887554168701 0.03806495666503906
1 0.4763851761817932 0.638307511806488 0.7079240083694458 0.40509137511253357
1 0.980059802532196 0.5143299102783203 0.040859222412109375 0.03024897538125515
