1 0.5844349265098572 0.4546244144439697 0.04436016082763672 0.046068765223026276
1 0.7542458176612854 0.5681056976318359 0.4241381585597992 0.22925738990306854
1 0.2696213126182556 0.6220036149024963 0.4877706468105316 0.36943596601486206
1 0.43477463722229004 0.4360705316066742 0.0334346778690815 0.022826243191957474
1 0.17548641562461853 0.4574444890022278 0.023667633533477783 0.0210708137601614
1 0.6263717412948608 0.45749664306640625 0.06980347633361816 0.053890325129032135
1 0.25454723834991455 0.43327394127845764 0.08110804855823517 0.01793851889669895
1 0.4548184275627136 0.4371717870235443 0.015149069018661976 0.015681171789765358
1 0.08223596960306168 0.4909224510192871 0.1649196594953537 0.18766459822654724
1 0.4975392818450928 0.44957858324050903 0.08671388775110245 0.0629660114645958
1 0.5490812063217163 0.4481232762336731 0.03251995891332626 0.03134665638208389
1 0.6957482099533081 0.4592389166355133 0.07474446296691895 0.05223717540502548
