1 0.7138071060180664 0.5672038197517395 0.04402913898229599 0.020549917593598366
1 0.603144645690918 0.5987270474433899 0.025494957342743874 0.028044462203979492
1 0.6145709156990051 0.596909761428833 0.030414819717407227 0.03184537962079048
1 0.6377435922622681 0.598721981048584 0.02900528907775879 0.03675069659948349
1 0.7930167317390442 0.6086447238922119 0.08627667278051376 0.0748981460928917
1 0.6621261835098267 0.6004382371902466 0.038686417043209076 0.04033055156469345
1 0.9694069027900696 0.6149791479110718 0.06872453540563583 0.08396945148706436
1 0.27595430612564087 0.6050083041191101 0.08863203227519989 0.05585169792175293
1 0.4007491171360016 0.5984089374542236 0.021033907309174538 0.02669086493551731
1 0.32718759775161743 0.6004505157470703 0.03726513311266899 0.04621391370892525
1 0.8705086708068848 0.612267017364502 0.12883739173412323 0.08129453659057617
1 0.6532400846481323 0.5995957255363464 0.03807701915502548 0.0398104190826416
1 0.6947798728942871 0.6011408567428589 0.0471196174621582 0.04972434043884277
1 0.5955780148506165 0.5979746580123901 0.015436410903930664 0.020252561196684837
1 0.5003615617752075 0.6680095195770264 0.28570008277893066 0.1910361349582672
1 0.7359256744384766 0.6037828922271729 0.06454267352819443 0.06029520183801651
1 0.3666144013404846 0.5971686244010925 0.048154424875974655 0.03858685493469238
