1 0.9387979507446289 0.5251721143722534 0.09998998790979385 0.03429665416479111
1 0.7898818850517273 0.5307798385620117 0.03307151794433594 0.03302488476037979
1 0.2312224805355072 0.5362056493759155 0.055199313908815384 0.044614315032958984
1 0.9222227334976196 0.5606473684310913 0.11259698867797852 0.08066210895776749
1 0.03909777104854584 0.5460258722305298 0.08055692166090012 0.07350382953882217
1 0.9877041578292847 0.5576177835464478 0.026483535766601562 0.060949087142944336
1 0.26734721660614014 0.5257956981658936 0.024888325482606888 0.018395328894257545
1 0.1757478415966034 0.541839063167572 0.07798749208450317 0.05224418640136719
1 0.8507370948791504 0.5442936420440674 0.07649078220129013 0.06396617740392685
1 0.9617972373962402 0.5251176953315735 0.05381469801068306 0.03444061428308487
1 0.42039746046066284 0.6552311778068542 0.5465201735496521 0.31304532289505005
