1 0.25800591707229614 0.49997439980506897 0.05198333412408829 0.05332775041460991
1 0.44642820954322815 0.5200644135475159 0.39414867758750916 0.2610424757003784
1 0.6845189332962036 0.4715261459350586 0.05804333835840225 0.05262179300189018
1 0.012885527685284615 0.5267037153244019 0.027518484741449356 0.08634696155786514
1 0.9650481939315796 0.48744019865989685 0.07624740898609161 0.077410027384758
1 0.6336018443107605 0.5067691206932068 0.054224491119384766 0.062409497797489166
1 0.888738751411438 0.48874253034591675 0.0819406509399414 0.05719909816980362
1 0.8156870603561401 0.48015671968460083 0.07092227786779404 0.03324909135699272
1 0.214072585105896 0.49064379930496216 0.06057105213403702 0.051744796335697174
1 0.7230774164199829 0.4763147234916687 0.03746771812438965 0.031198550015687943
1 0.23381094634532928 0.49655523896217346 0.09866341203451157 0.06342949718236923
