1 0.042319681495428085 0.5450414419174194 0.09065155684947968 0.06998524814844131
1 0.9685781598091125 0.5179284811019897 0.0399380698800087 0.018929719924926758
1 0.7793664336204529 0.581656813621521 0.23178644478321075 0.1804148256778717
1 0.9311496019363403 0.5584946870803833 0.14463749527931213 0.09526791423559189
1 0.2630772292613983 0.8490705490112305 0.3259517252445221 0.2568368911743164
1 0.9707731008529663 0.5347379446029663 0.05901374667882919 0.03084111213684082
1 0.39820390939712524 0.5316880941390991 0.027994513511657715 0.02728858031332493
1 0.4443008303642273 0.5304261445999146 0.03310026973485947 0.02957787550985813
1 0.9740522503852844 0.5307473540306091 0.05982255935668945 0.039000608026981354
1 0.2258487045764923 0.6170144081115723 0.39956629276275635 0.27631625533103943
1 0.5256401300430298 0.5658904314041138 0.19115447998046875 0.14921212196350098
1 0.8986097574234009 0.5251816511154175 0.08377103507518768 0.02984442748129368
