1 0.07119487226009369 0.46982669830322266 0.14430645108222961 0.1042805165052414
1 0.8321687579154968 0.458125501871109 0.06609831005334854 0.05126690864562988
1 0.6382054090499878 0.44892892241477966 0.03608107566833496 0.021307706832885742
1 0.01110919751226902 0.5249887704849243 0.02400602027773857 0.08801698684692383
1 0.5488284230232239 0.4409275949001312 0.04170837253332138 0.011824846267700195
1 0.2685338854789734 0.48091959953308105 0.12392294406890869 0.1141420379281044
1 0.4167856276035309 0.6278996467590332 0.750706672668457 0.36226195096969604
1 0.45437517762184143 0.4317689836025238 0.14968526363372803 0.0380895622074604
1 0.9527580142021179 0.45608535408973694 0.098554328083992 0.1335284262895584
1 0.68067467212677 0.46488791704177856 0.04967856407165527 0.048485707491636276
1 0.5937456488609314 0.44429412484169006 0.03322124481201172 0.011556434445083141
