1 0.6339014768600464 0.7716686129570007 0.048782967031002045 0.03463339805603027
1 0.6647536754608154 0.7755325436592102 0.05017843097448349 0.03789029270410538
1 0.7705928683280945 0.7880866527557373 0.09945297241210938 0.05927247926592827
1 0.3150760233402252 0.8118917346000671 0.341447651386261 0.11288299411535263
1 0.899532675743103 0.7973107099533081 0.2108374536037445 0.09684944152832031
1 0.823351263999939 0.7923387289047241 0.14201994240283966 0.074701689183712
1 0.09921692311763763 0.8045770525932312 0.17069433629512787 0.0912255272269249
1 0.44522809982299805 0.7646178007125854 0.0671042948961258 0.029761647805571556
1 0.42208346724510193 0.7865436673164368 0.15878930687904358 0.0655527114868164
1 0.5462967157363892 0.7604223489761353 0.027901316061615944 0.02222919464111328
1 0.6927907466888428 0.7778288125991821 0.06785497814416885 0.04530491679906845
1 0.5273604393005371 0.7564104795455933 0.022480392828583717 0.01595282554626465
1 0.6498286128044128 0.7746878862380981 0.03673219680786133 0.03547415882349014
1 0.5775527358055115 0.7649202942848206 0.030676746740937233 0.02594766579568386
1 0.5611410737037659 0.7634224891662598 0.020323658362030983 0.02211761474609375
1 0.5902886390686035 0.766490638256073 0.02519207075238228 0.028554916381835938
1 0.6120535731315613 0.7667449712753296 0.03788876533508301 0.03314843028783798
1 0.7279168367385864 0.7847998142242432 0.07603230327367783 0.05394143983721733
1 0.5099411606788635 0.7543050050735474 0.015651607885956764 0.0143143180757761
