1 0.5491963624954224 0.4911859631538391 0.027044152840971947 0.030492639169096947
1 0.5705324411392212 0.49844056367874146 0.024393320083618164 0.03549475595355034
1 0.49648696184158325 0.4887178838253021 0.04293236881494522 0.022246742621064186
1 0.7706598043441772 0.5656850934028625 0.3401198387145996 0.15117673575878143
1 0.37989139556884766 0.49520143866539 0.03242092207074165 0.02506866492331028
1 0.2736186385154724 0.8475654721260071 0.44670742750167847 0.2240157574415207
1 0.19612473249435425 0.5012956857681274 0.04221336916089058 0.04360637813806534
1 0.3288230299949646 0.4952925741672516 0.05513494089245796 0.027480173856019974
1 0.3712818920612335 0.49503350257873535 0.04851203039288521 0.02449617348611355
1 0.1961641013622284 0.49403905868530273 0.04082677513360977 0.029796075075864792
1 0.5058169364929199 0.4879181981086731 0.02473320998251438 0.020641708746552467
1 0.2590290904045105 0.4944841265678406 0.03979897499084473 0.036336373537778854
1 0.2880992889404297 0.6246954798698425 0.4917888641357422 0.23133453726768494
1 0.5945495367050171 0.49897557497024536 0.036180831491947174 0.03812580183148384
1 0.42511606216430664 0.4948481619358063 0.03821830824017525 0.026592444628477097
1 0.6328312754631042 0.5022059679031372 0.07794928550720215 0.044978998601436615
