1 0.9415527582168579 0.4517669677734375 0.12434043735265732 0.1191105842590332
1 0.024410072714090347 0.4936649799346924 0.05021267384290695 0.16653528809547424
1 0.14951305091381073 0.44641074538230896 0.036803148686885834 0.04136824607849121
1 0.9596738815307617 0.46615487337112427 0.08626346290111542 0.1067107692360878
1 0.2750488221645355 0.43456536531448364 0.042378831654787064 0.0636226162314415
1 0.127099871635437 0.43825769424438477 0.04467485100030899 0.05484747886657715
1 0.07120884954929352 0.4635794758796692 0.13966505229473114 0.12294783443212509
1 0.7370909452438354 0.43640661239624023 0.06162276118993759 0.049262333661317825
1 0.49894675612449646 0.6068748235702515 0.6090489029884338 0.4874919354915619
1 0.2170490026473999 0.44277501106262207 0.09557579457759857 0.07868118584156036
1 0.8275984525680542 0.4576790928840637 0.09749393165111542 0.07096672058105469
