6 0.6215579509735107 0.6545131802558899 0.027435874566435814 0.05363178253173828
6 0.3460950553417206 0.6716759204864502 0.16873422265052795 0.2914942800998688
6 0.5267587900161743 0.6609460115432739 0.026793336495757103 0.0800100788474083
6 0.8491856455802917 0.6813181042671204 0.17024573683738708 0.3122529983520508
6 0.6670414209365845 0.6608420014381409 0.028196334838867188 0.09472169727087021
6 0.9589330554008484 0.6942373514175415 0.09143209457397461 0.4507693648338318
6 0.14016255736351013 0.7033413648605347 0.28277167677879333 0.5896837115287781
6 0.6852313876152039 0.6605212092399597 0.0399785041809082 0.12244749069213867
6 0.6529130339622498 0.6603695154190063 0.030631065368652344 0.07916579395532608
6 0.5450937747955322 0.6574080586433411 0.024987507611513138 0.06363067775964737
6 0.47710341215133667 0.6634389162063599 0.09600081294775009 0.11472201347351074
6 0.7366459965705872 0.6676985621452332 0.07890114933252335 0.17350539565086365
