1 0.9254034161567688 0.44169408082962036 0.1576479971408844 0.10259699821472168
1 0.7000247240066528 0.41854315996170044 0.05273041874170303 0.040746450424194336
1 0.07940002530813217 0.43685561418533325 0.15986211597919464 0.0800996795296669
1 0.6761128306388855 0.4168291985988617 0.05100393295288086 0.034256599843502045
1 0.3803865313529968 0.4158960282802582 0.05616123601794243 0.033386994153261185
1 0.43823185563087463 0.41233211755752563 0.05499010160565376 0.023531246930360794
1 0.9397724866867065 0.44988173246383667 0.1317524015903473 0.10217895358800888
1 0.7164057493209839 0.42066916823387146 0.039244890213012695 0.045426417142152786
1 0.005063862539827824 0.5216233134269714 0.010042831301689148 0.030181169509887695
1 0.08339537680149078 0.4383229613304138 0.16936525702476501 0.09248161315917969
1 0.074330173432827 0.4643285870552063 0.1482965648174286 0.11462464183568954
1 0.2671962380409241 0.4291038513183594 0.09924180805683136 0.059503793716430664
1 0.6382620930671692 0.4137931764125824 0.06694173812866211 0.0268736369907856
1 0.1588795930147171 0.43895769119262695 0.13385586440563202 0.0898420587182045
1 0.31872546672821045 0.42367690801620483 0.0691409558057785 0.043588828295469284
1 0.23996610939502716 0.4386054575443268 0.05507669597864151 0.0685887336730957
1 0.951172947883606 0.4872271418571472 0.09993553161621094 0.08086375892162323
1 0.771452784538269 0.42153865098953247 0.09797926247119904 0.06532187759876251
1 0.3619764745235443 0.4169500470161438 0.06978435814380646 0.03587989881634712
1 0.4796019196510315 0.6104055643081665 0.8247374296188354 0.31838926672935486
1 0.4111560881137848 0.41452082991600037 0.04651389271020889 0.030315876007080078
1 0.8318996429443359 0.4237634241580963 0.11346711963415146 0.06081058830022812
1 0.8552038073539734 0.44206491112709045 0.15523815155029297 0.09354867786169052
