6 0.32537132501602173 0.7020562887191772 0.36742639541625977 0.24242563545703888
6 0.5804365277290344 0.7124172449111938 0.04725990444421768 0.05328679084777832
6 0.7256494760513306 0.7174116969108582 0.13179397583007812 0.06915974617004395
6 0.5361956357955933 0.7149521112442017 0.04259371757507324 0.04722476005554199
6 0.5599430203437805 0.7126191854476929 0.08647976070642471 0.053518056869506836
6 0.01545296423137188 0.7170273661613464 0.03164925426244736 0.12516522407531738
6 0.908647358417511 0.7111114859580994 0.1359597146511078 0.11631784588098526
6 0.10098560899496078 0.7119181752204895 0.11024367809295654 0.12390842288732529
6 0.6674069166183472 0.7145140767097473 0.09245872497558594 0.06596793979406357
6 0.6113784313201904 0.7144336104393005 0.09995698928833008 0.06279611587524414
6 0.8286266326904297 0.7165642380714417 0.14991387724876404 0.10034561157226562
