6 0.6607155799865723 0.5805778503417969 0.08949937671422958 0.09049472957849503
6 0.307208776473999 0.5759072303771973 0.2546229958534241 0.1923162043094635
6 0.857945442199707 0.5705458521842957 0.2856598496437073 0.30467334389686584
6 0.6245443224906921 0.5786353349685669 0.06489777565002441 0.06683492660522461
6 0.15584824979305267 0.5774857997894287 0.31305402517318726 0.39129772782325745
6 0.4068759083747864 0.5757938623428345 0.09574246406555176 0.11506199836730957
6 0.6798717379570007 0.5785824060440063 0.09914741665124893 0.09652400016784668
6 0.6485187411308289 0.5807889699935913 0.06480717658996582 0.0802919864654541
6 0.44282883405685425 0.5740220546722412 0.07663588225841522 0.07595815509557724
6 0.7416846752166748 0.5715235471725464 0.1692589819431305 0.15313705801963806
