1 0.9191799163818359 0.48357877135276794 0.03622923046350479 0.0538790225982666
1 0.4707803726196289 0.45639219880104065 0.04323906823992729 0.03720736503601074
1 0.6814543008804321 0.5658198595046997 0.42858701944351196 0.2867062985897064
1 0.29548031091690063 0.5782727003097534 0.47987088561058044 0.35935768485069275
1 0.9683636426925659 0.48805761337280273 0.03932933881878853 0.06823916733264923
1 0.016175128519535065 0.45905813574790955 0.022076740860939026 0.026918601244688034
1 0.9864738583564758 0.4875461459159851 0.02920675277709961 0.07977233082056046
1 0.9572885632514954 0.4872986376285553 0.055422116070985794 0.06984587013721466
1 0.0781191736459732 0.49444061517715454 0.15767866373062134 0.16178198158740997
1 0.9004653096199036 0.4860510230064392 0.034676551818847656 0.05709648132324219
