1 0.6712167859077454 0.4293784201145172 0.032805442810058594 0.039290666580200195
1 0.22162747383117676 0.4501764178276062 0.08773636817932129 0.06037163734436035
1 0.396768182516098 0.5227710008621216 0.5167989730834961 0.31747034192085266
1 0.6330510377883911 0.4288967251777649 0.04571948200464249 0.03641242906451225
1 0.9419866800308228 0.4627957344055176 0.1245812401175499 0.1216123104095459
1 0.5958060026168823 0.43285244703292847 0.025058412924408913 0.023808002471923828
1 0.7063763737678528 0.4400884211063385 0.06285452842712402 0.04726381227374077
1 0.09190787374973297 0.467252254486084 0.18697325885295868 0.10766639560461044
1 0.7499972581863403 0.4348307251930237 0.037590980529785156 0.03713197633624077
1 0.8282372355461121 0.4534297585487366 0.106531523168087 0.06631851196289062
