6 0.4588243365287781 0.5406975746154785 0.07309947162866592 0.11394019424915314
6 0.6274384260177612 0.5458919405937195 0.059953831136226654 0.12318596988916397
6 0.7008789777755737 0.5501490235328674 0.10364975780248642 0.19052305817604065
6 0.34770578145980835 0.5535058975219727 0.13683724403381348 0.18899503350257874
6 0.8725447654724121 0.5907408595085144 0.27909260988235474 0.3930811882019043
6 0.13084721565246582 0.5927388072013855 0.26493024826049805 0.39670300483703613
6 0.4041591286659241 0.5475689768791199 0.07628300040960312 0.14660783112049103
6 0.2547648549079895 0.5635731816291809 0.1935729831457138 0.27981996536254883
6 0.6225450038909912 0.5436142683029175 0.05485477298498154 0.11495423316955566
6 0.43663692474365234 0.5426591038703918 0.06497397273778915 0.12129759788513184
6 0.7558516263961792 0.5553169846534729 0.14671778678894043 0.23033857345581055
6 0.4514259397983551 0.5418643355369568 0.08718375861644745 0.1176358237862587
6 0.6600375771522522 0.5513368844985962 0.07955074310302734 0.1484883725643158
