6 0.8774971961975098 0.5418922305107117 0.05734195560216904 0.09953737258911133
6 0.8609350919723511 0.5422816276550293 0.06303539127111435 0.10605545341968536
6 0.8339139819145203 0.5420801639556885 0.0893167033791542 0.12337817996740341
6 0.9022268056869507 0.5437521934509277 0.03437776491045952 0.0843442901968956
6 0.8872535824775696 0.5432024002075195 0.044326018542051315 0.09467067569494247
6 0.2692984938621521 0.5873962640762329 0.5400246381759644 0.43713274598121643
6 0.6610811948776245 0.5528832674026489 0.1337479054927826 0.21606096625328064
6 0.7844372987747192 0.5473594665527344 0.1043185219168663 0.15214967727661133
6 0.721855878829956 0.5442219972610474 0.11163463443517685 0.1792885810136795
6 0.5545944571495056 0.5540011525154114 0.22642898559570312 0.281790167093277
6 0.9275598526000977 0.5465413331985474 0.036783695220947266 0.06796231120824814
