6 0.8002229928970337 0.5727280378341675 0.07486891746520996 0.15493512153625488
6 0.9193674325942993 0.5613516569137573 0.055319689214229584 0.09042706340551376
6 0.886935830116272 0.5675780773162842 0.05037498474121094 0.10503987967967987
6 0.9943128824234009 0.5580289959907532 0.013965606689453125 0.05628909915685654
6 0.2506638169288635 0.5361778736114502 0.5058323740959167 0.47883671522140503
6 0.8171029090881348 0.5649636387825012 0.09972801059484482 0.14351153373718262
6 0.6968318223953247 0.5634252429008484 0.15329790115356445 0.22903060913085938
6 0.9554075002670288 0.5622543096542358 0.028633499518036842 0.07935142517089844
6 0.5753214955329895 0.5598583817481995 0.2039952278137207 0.2924098074436188
6 0.9795275926589966 0.5607355833053589 0.0260175708681345 0.06312036514282227
6 0.8747936487197876 0.572340190410614 0.030792236328125 0.10692095756530762
