6 0.8207038044929504 0.539637565612793 0.09901542961597443 0.16526202857494354
6 0.9111536145210266 0.5392083525657654 0.04120130464434624 0.09908246994018555
6 0.3755001425743103 0.4594842791557312 0.6380378007888794 0.5084787607192993
6 0.0043981061317026615 0.7188135981559753 0.010546821169555187 0.05423331260681152
6 0.9481066465377808 0.5400052070617676 0.03399715572595596 0.08679847419261932
6 0.8963326215744019 0.5360352396965027 0.044562339782714844 0.10938143730163574
6 0.25099971890449524 0.5588511824607849 0.5033935904502869 0.5373631715774536
6 0.7627313733100891 0.5295848250389099 0.09975294768810272 0.19744110107421875
6 0.9671889543533325 0.5429897904396057 0.028554344549775124 0.06718921661376953
6 0.9920228719711304 0.5450828671455383 0.01914224587380886 0.05782580375671387
6 0.6916829347610474 0.5299733281135559 0.12522855401039124 0.23417110741138458
6 0.9222142100334167 0.5347148776054382 0.04677009582519531 0.10157370567321777
6 0.8695566058158875 0.5319802761077881 0.0735568031668663 0.1344083845615387
6 0.5589489936828613 0.5410861968994141 0.27270811796188354 0.3424493968486786
6 0.9892286062240601 0.5445135831832886 0.0228729248046875 0.05995345115661621
