6 0.560001015663147 0.6237636208534241 0.017138957977294922 0.04328642040491104
6 0.507770836353302 0.6192352175712585 0.02522416040301323 0.06856441497802734
6 0.32840076088905334 0.6626583337783813 0.1919698715209961 0.26779112219810486
6 0.886876106262207 0.6604616045951843 0.2323927879333496 0.2548118531703949
6 0.12372175604104996 0.6916758418083191 0.24864399433135986 0.592411994934082
6 0.4972660541534424 0.6234503984451294 0.02202444151043892 0.07246613502502441
6 0.4606247842311859 0.6284189820289612 0.07007469981908798 0.09698057174682617
6 0.5794536471366882 0.6235169172286987 0.038700103759765625 0.052420616149902344
6 0.7321087718009949 0.6442497968673706 0.09075627475976944 0.14106717705726624
6 0.6349688768386841 0.6287935972213745 0.06738948822021484 0.09373998641967773
6 0.5226362943649292 0.6229966878890991 0.015395641326904297 0.04564271122217178
6 0.6804710626602173 0.6349858045578003 0.03734135627746582 0.11262450367212296
