1 0.22260376811027527 0.4736604690551758 0.045972906053066254 0.017629384994506836
1 0.7904609441757202 0.5705327987670898 0.26675543189048767 0.2147478610277176
1 0.29200878739356995 0.504822850227356 0.0339844711124897 0.043615005910396576
1 0.3027580976486206 0.4961625933647156 0.046949245035648346 0.04640369489789009
1 0.32473471760749817 0.4974254071712494 0.020995140075683594 0.033063411712646484
1 0.1661873608827591 0.5828328132629395 0.28637346625328064 0.20991858839988708
1 0.26223984360694885 0.4893909990787506 0.03228199481964111 0.02855863608419895
1 0.48772650957107544 0.5828959941864014 0.2719697058200836 0.20901575684547424
1 0.37674155831336975 0.5180938839912415 0.09194834530353546 0.10350947082042694
1 0.5277007818222046 0.46665939688682556 0.06672315299510956 0.03088521957397461
1 0.6159201264381409 0.502621054649353 0.08409414440393448 0.06864480674266815
