1 0.14201222360134125 0.4725768566131592 0.06547863781452179 0.020844554528594017
1 0.2999822497367859 0.4894029498100281 0.04018862172961235 0.03227195888757706
1 0.8057886362075806 0.5771604180335999 0.2834450602531433 0.21245670318603516
1 0.16460078954696655 0.5861296653747559 0.2883630394935608 0.2106308490037918
1 0.26208484172821045 0.48932427167892456 0.031068135052919388 0.02992396429181099
1 0.2222699224948883 0.47458720207214355 0.04710797220468521 0.020604800432920456
1 0.48921409249305725 0.5831081867218018 0.2694703936576843 0.20873460173606873
1 0.37689679861068726 0.5171062350273132 0.09124772250652313 0.10276035964488983
1 0.5261639952659607 0.46571674942970276 0.06281042098999023 0.02958197519183159
1 0.6174913048744202 0.5025051236152649 0.08359517902135849 0.07002067565917969
