1 0.6770051121711731 0.4474869668483734 0.04570064693689346 0.06808419525623322
1 0.6898521184921265 0.44664597511291504 0.03141369670629501 0.06193513795733452
1 0.31474635004997253 0.8423830270767212 0.5217125415802002 0.2982602119445801
1 0.8319606781005859 0.45255041122436523 0.10689973831176758 0.07010140269994736
1 0.9527010917663574 0.462838739156723 0.10398731380701065 0.11861510574817657
1 0.5783255696296692 0.49350136518478394 0.12488307803869247 0.18592171370983124
1 0.3147180676460266 0.5594614744186401 0.5240296125411987 0.34964796900749207
1 0.6408382654190063 0.4716084599494934 0.08462920039892197 0.12712916731834412
1 0.7076159715652466 0.4383574426174164 0.03460812568664551 0.032572172582149506
1 0.7483623623847961 0.442546546459198 0.0288088321685791 0.025812530890107155
