1 0.6145609617233276 0.6658567190170288 0.13016986846923828 0.09622955322265625
1 0.3735044002532959 0.6319516897201538 0.02000446245074272 0.025901461020112038
1 0.42885828018188477 0.6191583871841431 0.01374597568064928 0.012374067679047585
1 0.23981873691082 0.7155106663703918 0.24622388184070587 0.1705276072025299
1 0.49778327345848083 0.6291929483413696 0.020909834653139114 0.026045799255371094
1 0.36140650510787964 0.6280981302261353 0.04026491567492485 0.03371176868677139
1 0.3384186029434204 0.6332142949104309 0.04378027841448784 0.03157973289489746
1 0.5253469944000244 0.6369897127151489 0.05523882061243057 0.044267892837524414
1 0.4762651324272156 0.6233848333358765 0.012756824493408203 0.01685967482626438
1 0.49348363280296326 0.6273970007896423 0.022447967901825905 0.029558276757597923
1 0.3632027804851532 0.6318528056144714 0.026945162564516068 0.030020570382475853
