5 0.8786417245864868 0.5020994544029236 0.10461225360631943 0.036685846745967865
5 0.1839105486869812 0.45987558364868164 0.0828746110200882 0.032989501953125
5 0.14648425579071045 0.42543283104896545 0.10347010940313339 0.023114299401640892
5 0.49590635299682617 0.47883710265159607 0.08541455119848251 0.07869067043066025
5 0.8548920750617981 0.7520676851272583 0.1778867244720459 0.18528561294078827
5 0.7150217294692993 0.4567496180534363 0.056099750101566315 0.0570375919342041
5 0.877039909362793 0.5368202924728394 0.1389869749546051 0.09705176204442978
5 0.31349676847457886 0.5123076438903809 0.09045203030109406 0.06246070936322212
5 0.6664990186691284 0.45721641182899475 0.0589507594704628 0.06178484112024307
5 0.02319563925266266 0.5448933839797974 0.04837445542216301 0.07853531837463379
5 0.23488564789295197 0.4201553463935852 0.07158143818378448 0.025543879717588425
5 0.3846650719642639 0.6467573046684265 0.24638685584068298 0.18158188462257385
5 0.4154103696346283 0.4343816339969635 0.08359543979167938 0.023267745971679688
5 0.08959230780601501 0.46596843004226685 0.06093863397836685 0.06267547607421875
5 0.16524751484394073 0.46216630935668945 0.09588328748941422 0.07394204288721085
5 0.9727710485458374 0.5427525639533997 0.05568075180053711 0.0886293426156044
5 0.2913500666618347 0.6733702421188354 0.23170237243175507 0.17922663688659668
5 0.8559659123420715 0.551425576210022 0.0708690658211708 0.09213471412658691
5 0.10361597687005997 0.7481304407119751 0.20837369561195374 0.22868338227272034
5 0.2633235454559326 0.4690849184989929 0.09971725940704346 0.07024779170751572
5 0.30030834674835205 0.4509662091732025 0.0684080570936203 0.05931367725133896
5 0.1814517080783844 0.7050899267196655 0.28518056869506836 0.20318575203418732
5 0.5195853114128113 0.46604663133621216 0.08713803440332413 0.07684554904699326
5 0.062229402363300323 0.46039971709251404 0.10791736841201782 0.0751567855477333
5 0.9378635287284851 0.5041790008544922 0.12707452476024628 0.056267738342285156
5 0.19755467772483826 0.5141289234161377 0.1737922877073288 0.09082069247961044
5 0.7741619944572449 0.5531365871429443 0.13608379662036896 0.1181618720293045
5 0.2595190405845642 0.6121594309806824 0.16761648654937744 0.05562090873718262
5 0.6584938764572144 0.41887664794921875 0.08951316028833389 0.02082195319235325
5 0.3310000002384186 0.4361710548400879 0.043930936604738235 0.030698632821440697
5 0.34972912073135376 0.6843445301055908 0.11789288371801376 0.1554417610168457
5 0.039008885622024536 0.4821566045284271 0.0785655602812767 0.06440439075231552
5 0.015460054390132427 0.44443097710609436 0.0314774364233017 0.030032634735107422
5 0.9156109094619751 0.5027597546577454 0.08457660675048828 0.04970350116491318
5 0.9855338335037231 0.6914879083633423 0.02815094031393528 0.10473966598510742
5 0.30925142765045166 0.41808634996414185 0.08910627663135529 0.024010468274354935
5 0.6152379512786865 0.5925599336624146 0.1666165292263031 0.12330937385559082
5 0.9529725909233093 0.5328017473220825 0.10005006939172745 0.10819077491760254
5 0.8498233556747437 0.5614032745361328 0.03444872051477432 0.08229341357946396
5 0.5658687949180603 0.6128982305526733 0.16625460982322693 0.14156794548034668
5 0.692524790763855 0.5829824805259705 0.12996229529380798 0.11390791088342667
5 0.4003763198852539 0.4798204302787781 0.14547881484031677 0.08840326964855194
5 0.4810902178287506 0.6263107061386108 0.18340542912483215 0.14271339774131775
5 0.6952166557312012 0.4311677813529968 0.038330078125 0.02519526518881321
5 0.050945281982421875 0.4360577166080475 0.08608125895261765 0.03141774982213974
5 0.6038100719451904 0.4580175280570984 0.10073909908533096 0.07644510269165039
5 0.7700203657150269 0.5814922451972961 0.06508813053369522 0.0817711353302002
5 0.14121313393115997 0.6366214752197266 0.20157460868358612 0.06823301315307617
5 0.8093732595443726 0.5478309392929077 0.10964612662792206 0.11119475215673447
