3 0.051439691334962845 0.6828668713569641 0.02704440988600254 0.06185474246740341
3 0.6232807040214539 0.6885588765144348 0.016842365264892578 0.048827312886714935
3 0.8678750991821289 0.6938269138336182 0.02552947960793972 0.0617280974984169
3 0.028994213789701462 0.6949806213378906 0.017918625846505165 0.0691717118024826
3 0.8905706405639648 0.7114547491073608 0.042707063257694244 0.10312619060277939
3 0.01778484508395195 0.7031790018081665 0.02722707949578762 0.07892356067895889
3 0.41708865761756897 0.6981802582740784 0.13560850918293 0.3996821343898773
3 0.27783679962158203 0.684066891670227 0.1368434876203537 0.40847158432006836
3 0.8213266134262085 0.6943315267562866 0.020443439483642578 0.05395674705505371
3 0.7122129201889038 0.6927147507667542 0.009511804208159447 0.037807464599609375
3 0.002310769632458687 0.6696505546569824 0.006240274757146835 0.024837398901581764
3 0.8511916399002075 0.696528971195221 0.01580047607421875 0.0544034019112587
3 0.66826331615448 0.6918324828147888 0.02564406394958496 0.06818685680627823
3 0.5467383861541748 0.6867994070053101 0.13800974190235138 0.4182043969631195
3 0.6796526908874512 0.6938900947570801 0.011085701175034046 0.04065427929162979
3 0.6998665928840637 0.6929931640625 0.012976408004760742 0.03530559688806534
3 0.8363933563232422 0.6969558000564575 0.013370418921113014 0.05122341960668564
