1 0.8250308036804199 0.5531017184257507 0.3548727035522461 0.8131313323974609
1 0.5432037115097046 0.4616320729255676 0.07004070281982422 0.20484843850135803
1 0.46135368943214417 0.4482475221157074 0.03950195387005806 0.10246822983026505
1 0.3793153166770935 0.5193503499031067 0.1037791520357132 0.2501235902309418
1 0.1994633972644806 0.5551995038986206 0.40307745337486267 0.848474383354187
1 0.4344579577445984 0.464531809091568 0.04372368007898331 0.14959600567817688
1 0.6656674146652222 0.4754940867424011 0.23698583245277405 0.41918888688087463
1 0.4172699451446533 0.4705241322517395 0.06478078663349152 0.18204741179943085
1 0.570111870765686 0.4726148545742035 0.07288956642150879 0.23702654242515564
1 0.48959875106811523 0.44225993752479553 0.050441838800907135 0.06026000902056694
