3 0.7965935468673706 0.4752217233181 0.026132917031645775 0.03560357168316841
3 0.6392519474029541 0.5040935277938843 0.0350956916809082 0.1239689365029335
3 0.9322382211685181 0.49900636076927185 0.05205221101641655 0.1344957798719406
3 0.1403081864118576 0.4774097502231598 0.019221007823944092 0.0862128734588623
3 0.03320073336362839 0.5235669016838074 0.06960174441337585 0.2341371476650238
3 0.12113318592309952 0.484896719455719 0.027661453932523727 0.08807973563671112
3 0.0989636778831482 0.4783139228820801 0.023444199934601784 0.05471177026629448
3 0.6691323518753052 0.48761463165283203 0.015862703323364258 0.046881865710020065
3 0.6898959875106812 0.48753175139427185 0.02717719040811062 0.08279471099376678
3 0.9905437231063843 0.4864187240600586 0.022048283368349075 0.11180977523326874
3 0.5133088827133179 0.628817617893219 0.2681474983692169 0.6466506123542786
3 0.7567270994186401 0.49039751291275024 0.028970861807465553 0.07795266807079315
3 0.8676722645759583 0.48774823546409607 0.020047951489686966 0.045105982571840286
