3 0.7129992246627808 0.6392859220504761 0.014705514535307884 0.03912387043237686
3 0.1562827229499817 0.6415557861328125 0.01585710048675537 0.060544490814208984
3 0.6682584285736084 0.6364679336547852 0.014699364081025124 0.03173647075891495
3 0.2753440737724304 0.6407775282859802 0.01750476285815239 0.061985015869140625
3 0.17703720927238464 0.6427336931228638 0.029339706525206566 0.06068434566259384
3 0.8527706861495972 0.6535630822181702 0.04572868347167969 0.11093568801879883
3 0.8212164640426636 0.6516985893249512 0.026889611035585403 0.08837928622961044
3 0.3472535312175751 0.6355228424072266 0.017473172396421432 0.033053208142519
3 0.1035236343741417 0.624413013458252 0.025712192058563232 0.04447126388549805
3 0.985697865486145 0.6700428128242493 0.030475426465272903 0.09855484962463379
3 0.2886870503425598 0.6400474309921265 0.017276931554079056 0.05552420765161514
3 0.32165390253067017 0.6392477750778198 0.019035745412111282 0.035787343978881836
3 0.30310994386672974 0.644434928894043 0.016375422477722168 0.048969171941280365
3 0.2256198227405548 0.6456869840621948 0.04087863117456436 0.0952911376953125
3 0.7914595007896423 0.6493198871612549 0.031991101801395416 0.08051290363073349
3 0.8923551440238953 0.650185763835907 0.0329585075378418 0.09129214286804199
3 0.5304853916168213 0.6851898431777954 0.13797827064990997 0.4055216312408447
