3 0.6052903532981873 0.6524864435195923 0.02966604195535183 0.11096396297216415
3 0.7683111429214478 0.6511294841766357 0.02730107307434082 0.10821904987096786
3 0.7888814806938171 0.6555410623550415 0.032126285135746 0.10877642780542374
3 0.10751662403345108 0.6213512420654297 0.027913343161344528 0.0682009682059288
3 0.2275049239397049 0.621173620223999 0.04501161724328995 0.08945808559656143
3 0.4065725803375244 0.5708065032958984 0.299519807100296 0.8598234057426453
3 0.5670773983001709 0.644219160079956 0.04122438281774521 0.12894316017627716
3 0.9107822179794312 0.6430943608283997 0.08859586715698242 0.24958014488220215
3 0.8508461713790894 0.6502422094345093 0.039992332458496094 0.12678274512290955
3 0.9786174893379211 0.6476571559906006 0.04746580123901367 0.23864516615867615
3 0.03279395401477814 0.6520599722862244 0.06851606070995331 0.29028788208961487
3 0.1767895519733429 0.6542324423789978 0.05733072757720947 0.1470717489719391
3 0.5332753658294678 0.6723233461380005 0.023259639739990234 0.058724068105220795
3 0.6648498773574829 0.6544042825698853 0.02535867691040039 0.1034795269370079
3 0.6925885677337646 0.651404857635498 0.03854713588953018 0.10578832775354385
3 0.6322348117828369 0.6501740217208862 0.040110014379024506 0.11712823063135147
3 0.8195913434028625 0.650872528553009 0.031134318560361862 0.11815915256738663
3 0.7316139340400696 0.6510106921195984 0.0352325439453125 0.10797486454248428
