3 0.6066623330116272 0.4977688193321228 0.028594112023711205 0.05691327899694443
3 0.6727712154388428 0.5030180215835571 0.02153778076171875 0.06006012111902237
3 0.6418380737304688 0.5053396224975586 0.03140430524945259 0.07697071880102158
3 0.31525230407714844 0.5122429132461548 0.031726740300655365 0.1402500569820404
3 0.9232420921325684 0.5302693247795105 0.05923442915081978 0.1650460660457611
3 0.984089732170105 0.5332565307617188 0.03472118452191353 0.16982726752758026
3 0.14633019268512726 0.5359987616539001 0.07896337658166885 0.21099576354026794
3 0.28648892045021057 0.5262739658355713 0.06131143495440483 0.16289129853248596
3 0.22757676243782043 0.528562605381012 0.0542416088283062 0.1598776876926422
3 0.6980382204055786 0.5106064081192017 0.035120345652103424 0.08954806625843048
3 0.3491760492324829 0.4840630888938904 0.01500768680125475 0.04615984112024307
3 0.8890334367752075 0.5309029817581177 0.03189907222986221 0.11030802875757217
3 0.8548216819763184 0.5304465293884277 0.03768863528966904 0.12496519088745117
3 0.4694584310054779 0.6337894797325134 0.26715511083602905 0.670630931854248
3 0.7543250918388367 0.5152521133422852 0.0302581787109375 0.08902082592248917
