3 0.6079621315002441 0.5282262563705444 0.02408781088888645 0.048967599868774414
3 0.41384315490722656 0.5303029417991638 0.021678876131772995 0.04945077747106552
3 0.11230357736349106 0.5578576326370239 0.04989824816584587 0.19048532843589783
3 0.2882927358150482 0.5562893152236938 0.06729090213775635 0.17942938208580017
3 0.22819021344184875 0.5444052815437317 0.05436229705810547 0.1534733772277832
3 0.8602272868156433 0.5493175983428955 0.038344573229551315 0.10450677573680878
3 0.323721706867218 0.5272684097290039 0.017287850379943848 0.057370375841856
3 0.9893131256103516 0.5569061040878296 0.030217837542295456 0.14438095688819885
3 0.05168527364730835 0.5825697183609009 0.1080327033996582 0.3339928090572357
3 0.34938496351242065 0.541658878326416 0.03917677327990532 0.09227099269628525
3 0.38860422372817993 0.5393207669258118 0.02290966548025608 0.08007655292749405
3 0.6396352052688599 0.5375143885612488 0.026999806985259056 0.07084736973047256
3 0.3722459673881531 0.5385557413101196 0.02335674688220024 0.08302517235279083
3 0.4350908398628235 0.5339568853378296 0.02217564545571804 0.061991073191165924
3 0.5269057750701904 0.6087445020675659 0.14544744789600372 0.44535031914711
3 0.7571982145309448 0.5331141948699951 0.030306482687592506 0.05894804000854492
