1 0.5532440543174744 0.5839380025863647 0.026124000549316406 0.055390119552612305
1 0.7331337928771973 0.6208301186561584 0.19463077187538147 0.19607019424438477
1 0.519999623298645 0.6037457585334778 0.018277406692504883 0.08027148246765137
1 0.578660249710083 0.5846027731895447 0.049356937408447266 0.07462501525878906
1 0.877743124961853 0.6795402765274048 0.24835872650146484 0.44529643654823303
1 0.16974960267543793 0.6916231513023376 0.34094589948654175 0.5593741536140442
1 0.3438033163547516 0.6220781207084656 0.23174980282783508 0.2855339050292969
1 0.5160875916481018 0.5961819291114807 0.02911233901977539 0.09742841869592667
1 0.6114509701728821 0.598682701587677 0.06670689582824707 0.1038898453116417
1 0.5371202230453491 0.5839837789535522 0.023563051596283913 0.04682574421167374
1 0.46813321113586426 0.6010981202125549 0.11733846366405487 0.13732710480690002
1 0.6514114141464233 0.6083318591117859 0.07638821750879288 0.1489274501800537
