3 0.35359445214271545 0.6104327440261841 0.2961772084236145 0.7827727794647217
3 0.8890363574028015 0.6182778477668762 0.12020120769739151 0.4109165072441101
3 0.1116335391998291 0.5323053598403931 0.03270535543560982 0.08783230930566788
3 0.02224978245794773 0.6074792146682739 0.04641071707010269 0.25985708832740784
3 0.9644333124160767 0.6176818013191223 0.07579269260168076 0.4232078194618225
3 0.1907256543636322 0.6434484124183655 0.1370621621608734 0.35453730821609497
3 0.07008717209100723 0.6098982095718384 0.10050511360168457 0.2799348831176758
3 0.11263895034790039 0.6135390400886536 0.03704963997006416 0.2523252069950104
3 0.6120865941047668 0.5521690845489502 0.3199731409549713 0.8979541063308716
3 0.7940323352813721 0.6253960728645325 0.07856855541467667 0.2531852722167969
