3 0.6348690986633301 0.6502442359924316 0.03449392318725586 0.1118505448102951
3 0.8174616098403931 0.6997882723808289 0.20037464797496796 0.5121458768844604
3 0.36170536279678345 0.6502702236175537 0.04203660413622856 0.15587767958641052
3 0.08679446578025818 0.6403248906135559 0.058630120009183884 0.11415495723485947
3 0.4089559018611908 0.6553841829299927 0.05562925338745117 0.1540323793888092
3 0.029261207208037376 0.6593896746635437 0.06254949420690536 0.28286880254745483
3 0.9827176928520203 0.6667507886886597 0.04067983478307724 0.2021290361881256
3 0.26096755266189575 0.7282899022102356 0.18226458132266998 0.4797220230102539
3 0.7250347137451172 0.6495095491409302 0.028010940179228783 0.09768853336572647
3 0.15432395040988922 0.6579797863960266 0.0618816614151001 0.2319413721561432
3 0.10205552726984024 0.6345686316490173 0.030277973040938377 0.10156631469726562
3 0.6615424156188965 0.6484531164169312 0.030118370428681374 0.11493239551782608
3 0.9107078313827515 0.6361218094825745 0.027228260412812233 0.10797395557165146
3 0.5266324877738953 0.7057519555091858 0.1997060775756836 0.5100037455558777
3 0.6905794143676758 0.6521075963973999 0.04238595813512802 0.11220932006835938
