3 0.7559796571731567 0.5837217569351196 0.026451444253325462 0.09729123115539551
3 0.6394556164741516 0.5918515920639038 0.04996824264526367 0.12344346195459366
3 0.21134734153747559 0.5628701448440552 0.048929475247859955 0.1039968952536583
3 0.4025089740753174 0.6279259920120239 0.5098968744277954 0.7475515604019165
3 0.9165289998054504 0.6334093809127808 0.13603000342845917 0.4083338677883148
3 0.6935461759567261 0.5779631733894348 0.025012969970703125 0.06035270541906357
3 0.02257927507162094 0.5942867398262024 0.047555141150951385 0.1617521345615387
3 0.9856348037719727 0.6428107023239136 0.03323020786046982 0.3639620840549469
3 0.16196629405021667 0.594250500202179 0.04731684923171997 0.14278754591941833
3 0.06327280402183533 0.585330605506897 0.0308159701526165 0.09228768199682236
3 0.8295990228652954 0.5867006182670593 0.032302189618349075 0.1008293628692627
3 0.7331374287605286 0.58246910572052 0.03785204887390137 0.10182452201843262
3 0.7882355451583862 0.5864406824111938 0.03581652790307999 0.10503506660461426
