3 0.6348088979721069 0.6211951375007629 0.029176950454711914 0.05314526706933975
3 0.7947120070457458 0.6747402548789978 0.157182976603508 0.42763853073120117
3 0.6972370147705078 0.6247913837432861 0.016873549669981003 0.06210947036743164
3 0.04217654466629028 0.6345740556716919 0.03246425464749336 0.13147807121276855
3 0.2750171720981598 0.6650246381759644 0.1627851277589798 0.4696393609046936
3 0.40772709250450134 0.6393743753433228 0.03881330415606499 0.11477627605199814
3 0.026261162012815475 0.6349810361862183 0.05489504337310791 0.14448800683021545
3 0.06917586177587509 0.6238337755203247 0.03303854539990425 0.10701384395360947
3 0.983481228351593 0.6434376835823059 0.037082768976688385 0.1494356095790863
3 0.8998602032661438 0.6423038244247437 0.06007814407348633 0.1556084156036377
3 0.4386160373687744 0.6218445897102356 0.02007598802447319 0.05882225185632706
3 0.14503034949302673 0.634297251701355 0.04376586526632309 0.11209321022033691
3 0.7102567553520203 0.6324513554573059 0.013925790786743164 0.06294465065002441
3 0.18560759723186493 0.6439335346221924 0.041123054921627045 0.10824966430664062
3 0.9381483197212219 0.6259674429893494 0.01871471479535103 0.05511274188756943
3 0.6739407777786255 0.6273048520088196 0.02236795425415039 0.06517138332128525
3 0.5367421507835388 0.6643804907798767 0.17654895782470703 0.4694386422634125
3 0.10182778537273407 0.6349108219146729 0.037342626601457596 0.10662641376256943
3 0.3616577982902527 0.641695499420166 0.05190389230847359 0.11995706707239151
