3 0.9325959086418152 0.5427224040031433 0.0414545051753521 0.12532711029052734
3 0.7664897441864014 0.6350452899932861 0.2401001900434494 0.6366726756095886
3 0.021295063197612762 0.5658926963806152 0.04599398747086525 0.19056463241577148
3 0.985848069190979 0.5751104950904846 0.03495015949010849 0.25780487060546875
3 0.24448713660240173 0.5837966203689575 0.2578842043876648 0.751534104347229
3 0.3689362108707428 0.5726505517959595 0.03147327899932861 0.19144687056541443
3 0.147456094622612 0.5717518925666809 0.03712109476327896 0.14226531982421875
3 0.1056704893708229 0.5631548166275024 0.0439329631626606 0.1653611660003662
3 0.06476227939128876 0.563860297203064 0.051002949476242065 0.1853836476802826
3 0.5889812111854553 0.5895946025848389 0.036273859441280365 0.11732606589794159
3 0.50150066614151 0.6110128164291382 0.25601473450660706 0.6473519802093506
3 0.6340086460113525 0.5577129125595093 0.05152273178100586 0.21396097540855408
3 0.8765180706977844 0.6014092564582825 0.06069021299481392 0.22518762946128845
