3 0.412498414516449 0.7497960329055786 0.037563443183898926 0.13355569541454315
3 0.4419638514518738 0.7634739875793457 0.026144742965698242 0.09609398990869522
3 0.3273075520992279 0.7587336301803589 0.025615286082029343 0.07600951194763184
3 0.04123487323522568 0.7414271235466003 0.02261696197092533 0.100668765604496
3 0.3194950222969055 0.7609685659408569 0.03776352480053902 0.07472815364599228
3 0.8168227076530457 0.7014626860618591 0.1896202564239502 0.5291998982429504
3 0.8756216168403625 0.7606818079948425 0.033939458429813385 0.0782075896859169
3 0.9916360974311829 0.753924548625946 0.020446300506591797 0.12082095444202423
3 0.4843989908695221 0.7855905890464783 0.040299128741025925 0.07676420360803604
3 0.11674914509057999 0.7420895099639893 0.06845434755086899 0.1703844964504242
3 0.2536223530769348 0.6732824444770813 0.20756594836711884 0.5456987619400024
3 0.1474323719739914 0.7609912157058716 0.02757418155670166 0.08150758594274521
3 0.3120182156562805 0.7618441581726074 0.023485589772462845 0.07082538306713104
3 0.18322521448135376 0.7482978105545044 0.04402487352490425 0.1544552743434906
3 0.3569296598434448 0.7663383483886719 0.03393697738647461 0.08004780113697052
3 0.47004494071006775 0.7650411128997803 0.035649679601192474 0.09222402423620224
3 0.9292315244674683 0.7242152690887451 0.04159965366125107 0.09477300941944122
3 0.5355720520019531 0.6975056529045105 0.189042329788208 0.5363991260528564
3 0.7609173059463501 0.7862440943717957 0.023613596335053444 0.0607694610953331
