3 0.638906717300415 0.6100214719772339 0.022792434319853783 0.06548953056335449
3 0.7698344588279724 0.6251981854438782 0.20624056458473206 0.5482208728790283
3 0.44791096448898315 0.6152645349502563 0.029427766799926758 0.0688379779458046
3 0.029245525598526 0.6275156736373901 0.06196929141879082 0.285041481256485
3 0.9830886721611023 0.625714898109436 0.04330329969525337 0.19536232948303223
3 0.8828951716423035 0.6200993061065674 0.060118865221738815 0.1994476318359375
3 0.4100671708583832 0.6160182952880859 0.03161802142858505 0.07491960376501083
3 0.36637580394744873 0.6238721609115601 0.03311800956726074 0.09269366413354874
3 0.11114683002233505 0.622249960899353 0.04482896253466606 0.10896935313940048
3 0.2596319317817688 0.6428139805793762 0.2086527794599533 0.5272409319877625
3 0.17508438229560852 0.6285168528556824 0.05274850130081177 0.125223308801651
3 0.38869476318359375 0.6128541827201843 0.02590312995016575 0.07290349155664444
3 0.530680775642395 0.660968542098999 0.206350177526474 0.5264424085617065
3 0.6800819635391235 0.6043158173561096 0.03757452964782715 0.08637666702270508
