3 0.6345831751823425 0.6796950101852417 0.02401747740805149 0.06245579570531845
3 0.7979299426078796 0.6310526132583618 0.23750153183937073 0.6581382751464844
3 0.3379631042480469 0.6870990991592407 0.019089888781309128 0.06438660621643066
3 0.3576515316963196 0.6844631433486938 0.0283004529774189 0.06682801246643066
3 0.7305834889411926 0.6939831376075745 0.020999431610107422 0.07560396194458008
3 0.021922418847680092 0.6842821836471558 0.038742631673812866 0.13488450646400452
3 0.9865250587463379 0.6847683191299438 0.028571318835020065 0.1603957712650299
3 0.24729184806346893 0.6199960708618164 0.22329871356487274 0.6269720792770386
3 0.18463489413261414 0.6852182149887085 0.024778330698609352 0.0718161091208458
3 0.10820305347442627 0.6814224123954773 0.04692334681749344 0.14872631430625916
3 0.06108994036912918 0.6830475330352783 0.04696468263864517 0.14572611451148987
3 0.5885858535766602 0.6886135339736938 0.018453503027558327 0.05033373832702637
3 0.6688753366470337 0.6795775890350342 0.036366939544677734 0.11023082584142685
3 0.514537513256073 0.6419023871421814 0.2201710194349289 0.6031153798103333
