3 0.4192083775997162 0.6379549503326416 0.10051079094409943 0.2997068464756012
3 0.7916166186332703 0.5536651015281677 0.18330331146717072 0.5794216990470886
3 0.9017297625541687 0.5511754155158997 0.1396981179714203 0.6091464757919312
3 0.35236895084381104 0.6370450258255005 0.04818229749798775 0.15355810523033142
3 0.9747427105903625 0.5857497453689575 0.05400495603680611 0.4139549732208252
3 0.49455422163009644 0.6532460451126099 0.038069866597652435 0.16904687881469727
3 0.07080485671758652 0.6127036809921265 0.14256379008293152 0.4085245132446289
3 0.2478014975786209 0.5664483308792114 0.23759731650352478 0.7289999127388
3 0.12536124885082245 0.597541332244873 0.08768782764673233 0.36796021461486816
3 0.5461333990097046 0.6192924380302429 0.11992692947387695 0.36732786893844604
3 0.673525333404541 0.6350470781326294 0.07403812557458878 0.20704969763755798
3 0.6200948357582092 0.6260093450546265 0.05737581104040146 0.19955477118492126
