3 0.41459956765174866 0.7619615793228149 0.04906489700078964 0.10887455940246582
3 0.24125370383262634 0.7789365649223328 0.013859296217560768 0.04610142856836319
3 0.14481845498085022 0.753045916557312 0.015320956707000732 0.07566561549901962
3 0.17892935872077942 0.7555159330368042 0.047028958797454834 0.14253219962120056
3 0.3511083126068115 0.7707155346870422 0.02582368813455105 0.07250861823558807
3 0.48085707426071167 0.7559167742729187 0.019812345504760742 0.05040144920349121
3 0.060700852423906326 0.7528289556503296 0.01682260073721409 0.04186081886291504
3 0.6847407817840576 0.7699302434921265 0.019848918542265892 0.044443465769290924
3 0.7978904843330383 0.6858265399932861 0.15053382515907288 0.436272531747818
3 0.324300080537796 0.7654436826705933 0.024637460708618164 0.08395256847143173
3 0.04730531573295593 0.7661999464035034 0.027942368760704994 0.07310328632593155
3 0.6040675640106201 0.7668735980987549 0.01841268502175808 0.0399632453918457
3 0.4378783106803894 0.7812018394470215 0.015778779983520508 0.04274258762598038
3 0.6537466049194336 0.7691755890846252 0.01998310163617134 0.05084991455078125
3 0.3966970145702362 0.7816311717033386 0.012047243304550648 0.04530792310833931
3 0.9861265420913696 0.7449369430541992 0.029236316680908203 0.21516242623329163
3 0.46259817481040955 0.7690355181694031 0.03447389602661133 0.08485984802246094
3 0.11140602827072144 0.7567525506019592 0.05847341939806938 0.1396102011203766
3 0.37037354707717896 0.7674247622489929 0.020989347249269485 0.05966377258300781
3 0.2748678922653198 0.6808004379272461 0.16502045094966888 0.4710187315940857
3 0.42651528120040894 0.7821058034896851 0.011424874886870384 0.04754195362329483
3 0.2217182219028473 0.7560011148452759 0.04588496685028076 0.14291533827781677
3 0.899477481842041 0.7703436613082886 0.07256946712732315 0.2118438184261322
3 0.6207249164581299 0.7680948972702026 0.02441854402422905 0.04910159111022949
3 0.5729244351387024 0.7712634205818176 0.015271902084350586 0.030410051345825195
3 0.9576061964035034 0.765832781791687 0.021509742364287376 0.04942192882299423
3 0.5404698848724365 0.6772626042366028 0.16714391112327576 0.47111088037490845
3 0.712224006652832 0.769483745098114 0.025144005194306374 0.058960773050785065
