3 0.6403882503509521 0.4000476896762848 0.02920370176434517 0.09115886688232422
3 0.17674820125102997 0.4161533713340759 0.05273925140500069 0.13591165840625763
3 0.7522197961807251 0.4308631420135498 0.0692298412322998 0.18472644686698914
3 0.5952627658843994 0.3966592252254486 0.042752839624881744 0.10251448303461075
3 0.09237907081842422 0.35915765166282654 0.024637842550873756 0.03830885887145996
3 0.06386612355709076 0.5323891639709473 0.13015884160995483 0.4929964542388916
3 0.21341800689697266 0.4025246500968933 0.0366336926817894 0.12097339332103729
3 0.545210599899292 0.38063183426856995 0.026973819360136986 0.05618638917803764
3 0.12982633709907532 0.41059359908103943 0.05681475251913071 0.13852474093437195
3 0.2495369017124176 0.39056381583213806 0.04742860794067383 0.10687486827373505
3 0.39899808168411255 0.6411159038543701 0.3874097764492035 0.7143168449401855
3 0.042560454457998276 0.8891571760177612 0.09364957362413406 0.20530009269714355
3 0.6842637062072754 0.4017416834831238 0.035611342638731 0.10035987198352814
