3 0.5950936675071716 0.3928143382072449 0.04493532329797745 0.10789363086223602
3 0.5508297681808472 0.3870316445827484 0.0614837184548378 0.11115512996912003
3 0.405076801776886 0.6183773875236511 0.32849249243736267 0.7650037407875061
3 0.7480737566947937 0.43249040842056274 0.07883214950561523 0.226318359375
3 0.0465775728225708 0.4729917645454407 0.09638836234807968 0.42326468229293823
3 0.2670753002166748 0.37313467264175415 0.06457338482141495 0.147263765335083
3 0.6414764523506165 0.3859480917453766 0.048684120178222656 0.11842002719640732
3 0.7983149290084839 0.3751249611377716 0.03266453742980957 0.08920960128307343
3 0.20596332848072052 0.4226066470146179 0.07014037668704987 0.22668710350990295
3 0.6832029819488525 0.39295822381973267 0.0364290252327919 0.1065213680267334
