3 0.7654520869255066 0.6548356413841248 0.0888833999633789 0.2104811668395996
3 0.6381696462631226 0.6516470313072205 0.02681136131286621 0.10962486267089844
3 0.9107789993286133 0.6857931613922119 0.09699249267578125 0.22749605774879456
3 0.6651709675788879 0.6496201753616333 0.03443584591150284 0.10710430145263672
3 0.9828349351882935 0.6722201108932495 0.040509603917598724 0.2071692943572998
3 0.8537151217460632 0.654741644859314 0.0417170524597168 0.12219357490539551
3 0.2721279561519623 0.6771655082702637 0.11832959949970245 0.2942529618740082
3 0.4024225175380707 0.6728806495666504 0.08930230140686035 0.2623406946659088
3 0.7246370315551758 0.6553241014480591 0.029604816809296608 0.07492685317993164
3 0.5151478052139282 0.6709396243095398 0.22910666465759277 0.6119548082351685
3 0.6943969130516052 0.6484652161598206 0.032294273376464844 0.09586038440465927
3 0.8230034112930298 0.6534677743911743 0.02909564971923828 0.1191103458404541
