3 0.7866615653038025 0.6251773834228516 0.2781689763069153 0.7367820739746094
3 0.35706430673599243 0.6318589448928833 0.04024999216198921 0.14917883276939392
3 0.04627823084592819 0.6829789280891418 0.02725588157773018 0.11853776127099991
3 0.032499052584171295 0.6519383192062378 0.06792430579662323 0.2920091152191162
3 0.09983917325735092 0.606306254863739 0.022548776119947433 0.07541775703430176
3 0.9805721044540405 0.6474329233169556 0.041970156133174896 0.24045148491859436
3 0.24277105927467346 0.5815090537071228 0.2734796404838562 0.8225245475769043
3 0.6312265396118164 0.6457573771476746 0.04865751415491104 0.13679218292236328
3 0.39553776383399963 0.6553500294685364 0.07017996162176132 0.23313823342323303
3 0.5088402628898621 0.6286778450012207 0.23866581916809082 0.6904765367507935
3 0.6708098649978638 0.6414945721626282 0.042375706136226654 0.14522647857666016
