3 0.6325849294662476 0.6638604998588562 0.03771853446960449 0.17153915762901306
3 0.7285968661308289 0.6632577180862427 0.024459123611450195 0.07159771770238876
3 0.8904525637626648 0.6788862347602844 0.1301596611738205 0.40731674432754517
3 0.03724374622106552 0.6765022873878479 0.07998301088809967 0.3160708546638489
3 0.9795200228691101 0.662514865398407 0.05096311494708061 0.25343284010887146
3 0.5891817808151245 0.6666094064712524 0.03448853641748428 0.15509605407714844
3 0.9290944933891296 0.7014819383621216 0.03220872953534126 0.09328236430883408
3 0.11163494735956192 0.6813699007034302 0.05521594360470772 0.21965670585632324
3 0.3573829233646393 0.6622106432914734 0.04326922819018364 0.15314564108848572
3 0.40016594529151917 0.673315167427063 0.05864264816045761 0.1896144449710846
3 0.26807379722595215 0.6781256794929504 0.14986133575439453 0.3848892152309418
3 0.16921846568584442 0.6713013052940369 0.06271940469741821 0.25510454177856445
3 0.6973684430122375 0.6597716212272644 0.025079011917114258 0.07923426479101181
3 0.7691599726676941 0.6775372624397278 0.09873414039611816 0.2953806519508362
3 0.5156079530715942 0.6852324604988098 0.22547206282615662 0.5842515230178833
3 0.6689275503158569 0.6629659533500671 0.033350326120853424 0.12581610679626465
3 0.8220018148422241 0.6494408249855042 0.03582353517413139 0.17866525053977966
