3 0.5901259183883667 0.692284345626831 0.034723617136478424 0.11825895309448242
3 0.807333767414093 0.7095056772232056 0.21230268478393555 0.5352503061294556
3 0.12588679790496826 0.7126746773719788 0.056434266269207 0.17718419432640076
3 0.9844180941581726 0.6899769902229309 0.03539628908038139 0.15076851844787598
3 0.3687107563018799 0.6802019476890564 0.05946292728185654 0.25084295868873596
3 0.24822530150413513 0.6798959970474243 0.2182658612728119 0.5868114233016968
3 0.3132012188434601 0.7182086110115051 0.02708268165588379 0.13174304366111755
3 0.16980966925621033 0.7209278345108032 0.039849840104579926 0.15480390191078186
3 0.6409847736358643 0.6917601823806763 0.0384737029671669 0.11524834483861923
3 0.5133638381958008 0.6718975901603699 0.21220102906227112 0.6105964779853821
3 0.4129343628883362 0.6960374116897583 0.052555251866579056 0.2068416178226471
3 0.6802495718002319 0.6936678290367126 0.04106736183166504 0.12034082412719727
