3 0.816749095916748 0.6832392811775208 0.1992654800415039 0.5248898863792419
3 0.6644777655601501 0.647689700126648 0.025709057226777077 0.09801483154296875
3 0.40603429079055786 0.6402857899665833 0.04442868381738663 0.11958708614110947
3 0.6363626718521118 0.6480214595794678 0.03504500538110733 0.10499372333288193
3 0.03291764855384827 0.6607042551040649 0.07017628103494644 0.27582526206970215
3 0.04605488479137421 0.6644764542579651 0.020562727004289627 0.06296586990356445
3 0.9832164645195007 0.6671867370605469 0.04135837405920029 0.19978542625904083
3 0.25666388869285583 0.7016904950141907 0.17362205684185028 0.44152069091796875
3 0.14759887754917145 0.6446473002433777 0.044498659670352936 0.13874587416648865
3 0.11121295392513275 0.6437700986862183 0.04737856984138489 0.15101036429405212
3 0.5359110832214355 0.6733662486076355 0.18727092444896698 0.5054563283920288
3 0.35034245252609253 0.6416404247283936 0.066868856549263 0.15201349556446075
3 0.6894928216934204 0.6474078297615051 0.04138827323913574 0.09920024871826172
