3 0.7652106285095215 0.6699985265731812 0.10679111629724503 0.3352298140525818
3 0.36130937933921814 0.6471694707870483 0.04819917678833008 0.139068603515625
3 0.8848401308059692 0.6667071580886841 0.1154874786734581 0.35707011818885803
3 0.9824438095092773 0.6683933734893799 0.03989972919225693 0.19626741111278534
3 0.40814247727394104 0.6492406725883484 0.040345143526792526 0.13796567916870117
3 0.2745833396911621 0.6924847960472107 0.17607755959033966 0.6006606221199036
3 0.8212987184524536 0.6762346029281616 0.05313124507665634 0.2965703010559082
3 0.6352837681770325 0.670040488243103 0.11547889560461044 0.35418087244033813
3 0.5270810127258301 0.6662338972091675 0.10810766369104385 0.36819425225257874
3 0.6865113377571106 0.6883400678634644 0.04071164131164551 0.14154085516929626
