3 0.8932048082351685 0.6301009058952332 0.044733237475156784 0.11695561558008194
3 0.7853978872299194 0.6368420124053955 0.04433150216937065 0.11382389068603516
3 0.632804274559021 0.6224391460418701 0.03097357787191868 0.06380043178796768
3 0.3723350167274475 0.6197413206100464 0.027231454849243164 0.06119489669799805
3 0.8575900197029114 0.6480677723884583 0.051819801330566406 0.11764226108789444
3 0.9820758700370789 0.6677688956260681 0.0434144027531147 0.20168104767799377
3 0.2269921600818634 0.617798924446106 0.03969240188598633 0.041994430124759674
3 0.4168410301208496 0.6118869781494141 0.022620011121034622 0.03805742412805557
3 0.44707879424095154 0.6205364465713501 0.02892594411969185 0.05797719955444336
3 0.538730800151825 0.6732122302055359 0.17973756790161133 0.4855894446372986
3 0.7386207580566406 0.6327140927314758 0.040433309972286224 0.10546469688415527
3 0.395004540681839 0.6219850778579712 0.022618914023041725 0.05980076640844345
3 0.8218210339546204 0.6363654136657715 0.028479862958192825 0.09384174644947052
