3 0.5090481042861938 0.6461821794509888 0.04073967784643173 0.1248476505279541
3 0.803741455078125 0.6889299154281616 0.09313435852527618 0.2566249966621399
3 0.6348440051078796 0.6167491674423218 0.02774834632873535 0.0757049098610878
3 0.027189169079065323 0.6688747406005859 0.05591767281293869 0.1947299987077713
3 0.9827779531478882 0.6911789178848267 0.04195909574627876 0.254213809967041
3 0.5705687403678894 0.6376805305480957 0.03834867477416992 0.11551113426685333
3 0.9397184252738953 0.5969046354293823 0.029117107391357422 0.05828509479761124
3 0.2957589030265808 0.653162956237793 0.35588711500167847 0.6941108703613281
3 0.10850565135478973 0.6645470261573792 0.047332752496004105 0.1868019998073578
3 0.06422975659370422 0.6507812738418579 0.040915608406066895 0.1335333287715912
3 0.6675313115119934 0.6182112097740173 0.02814459800720215 0.08049678802490234
3 0.6918399930000305 0.6144634485244751 0.02630600892007351 0.07513108104467392
3 0.9023351669311523 0.6743381023406982 0.07488260418176651 0.21314935386180878
3 0.6039544343948364 0.6189371347427368 0.029528141021728516 0.08501686900854111
3 0.7364594340324402 0.631251871585846 0.04345083236694336 0.11415395885705948
3 0.8572162389755249 0.6351686120033264 0.04417981952428818 0.13789701461791992
