1 0.5709807872772217 0.456012099981308 0.01841125451028347 0.018514443188905716
1 0.5348891019821167 0.502803385257721 0.02162027359008789 0.10424184799194336
1 0.753686785697937 0.5734742283821106 0.31864118576049805 0.2456549108028412
1 0.5361734628677368 0.4549497663974762 0.020535802468657494 0.020103788003325462
1 0.5438020825386047 0.5081470012664795 0.03656373172998428 0.09406022727489471
1 0.2786417603492737 0.5739902257919312 0.49487027525901794 0.36163440346717834
1 0.6581700444221497 0.5093238353729248 0.2087852954864502 0.20166015625
1 0.5494406819343567 0.5013067126274109 0.025879288092255592 0.07391300052404404
1 0.49055442214012146 0.5029153823852539 0.09657516330480576 0.19910278916358948
1 0.5416399240493774 0.4530361592769623 0.028503084555268288 0.022235775366425514
