3 0.5840456485748291 0.6650063395500183 0.030459308996796608 0.10942530632019043
3 0.7983057498931885 0.6719484925270081 0.23753289878368378 0.5989041328430176
3 0.05242104455828667 0.667108416557312 0.036184996366500854 0.15068435668945312
3 0.7206408977508545 0.672807514667511 0.034502316266298294 0.1170438751578331
3 0.03312281519174576 0.6536647081375122 0.06859172880649567 0.2914736270904541
3 0.97259521484375 0.6513611674308777 0.05770530551671982 0.24759364128112793
3 0.3639262318611145 0.6541064381599426 0.027564167976379395 0.14068332314491272
3 0.3995152711868286 0.679254949092865 0.05905098840594292 0.19393453001976013
3 0.24678322672843933 0.6569238901138306 0.2198340892791748 0.6287249326705933
3 0.1513294130563736 0.6941846609115601 0.05622384697198868 0.171006441116333
3 0.6688898801803589 0.650895357131958 0.05786728858947754 0.16037654876708984
3 0.11322653293609619 0.6737000346183777 0.03557537868618965 0.15203896164894104
3 0.6328949928283691 0.6574731469154358 0.029102135449647903 0.14793309569358826
3 0.5113805532455444 0.6587455868721008 0.2297152578830719 0.6113119125366211
