3 0.7837018370628357 0.6440575122833252 0.16445016860961914 0.46499204635620117
3 0.6410123705863953 0.5119014978408813 0.03192152827978134 0.09129414707422256
3 0.0689825564622879 0.5286214351654053 0.040450569242239 0.15563622117042542
3 0.20274344086647034 0.5281252861022949 0.0406089648604393 0.15503454208374023
3 0.2850295603275299 0.6415003538131714 0.15966203808784485 0.47534728050231934
3 0.9834007024765015 0.5336675643920898 0.04109182208776474 0.163536936044693
3 0.8576558828353882 0.5013543367385864 0.02284708060324192 0.06482730060815811
3 0.9355118870735168 0.519726574420929 0.03699493408203125 0.10221705585718155
3 0.03606550395488739 0.5441920161247253 0.0768318921327591 0.2204320877790451
3 0.11471160501241684 0.5160377025604248 0.033923547714948654 0.09083738178014755
3 0.09614988416433334 0.49699586629867554 0.0219564251601696 0.07326917350292206
3 0.10901646316051483 0.5116226077079773 0.04497409984469414 0.10024180263280869
3 0.6928153038024902 0.510529637336731 0.027605438604950905 0.09106459468603134
3 0.5278155207633972 0.6462818384170532 0.18655085563659668 0.46914783120155334
3 0.8867200613021851 0.5165299773216248 0.02367258071899414 0.09428739547729492
