3 0.5618530511856079 0.5314645171165466 0.04562497138977051 0.087407685816288
3 0.2240230143070221 0.516276478767395 0.03464949131011963 0.10218667984008789
3 0.3750024437904358 0.6296965479850769 0.2887943685054779 0.7405002117156982
3 0.9832894206047058 0.5740295648574829 0.03999290615320206 0.2538929581642151
3 0.6074205636978149 0.5351784229278564 0.03264937549829483 0.08649444580078125
3 0.04644594341516495 0.6009650230407715 0.09248771518468857 0.3367777466773987
3 0.12650585174560547 0.5197869539260864 0.021675776690244675 0.07067413628101349
3 0.5236936807632446 0.6179625391960144 0.09381423145532608 0.31894317269325256
3 0.6378850340843201 0.5362018346786499 0.029561901465058327 0.09002461284399033
3 0.9361753463745117 0.5265337824821472 0.03328657150268555 0.09224333614110947
