3 0.7856854200363159 0.6682376861572266 0.024234533309936523 0.08558521419763565
3 0.3531939387321472 0.6683623194694519 0.02938973903656006 0.07957253605127335
3 0.40998896956443787 0.6945772171020508 0.04836411401629448 0.1316177397966385
3 0.4656781256198883 0.6741576194763184 0.02341456338763237 0.06283970177173615
3 0.0218235794454813 0.6836527585983276 0.04086179658770561 0.13580989837646484
3 0.8607181310653687 0.6682507395744324 0.029354190453886986 0.08952770382165909
3 0.8339328765869141 0.6691735982894897 0.02236947976052761 0.08166766166687012
3 0.05878869444131851 0.6801589131355286 0.041451290249824524 0.139329195022583
3 0.023495038971304893 0.29262417554855347 0.05008857324719429 0.18085817992687225
3 0.09899292141199112 0.6760193109512329 0.038488633930683136 0.13402581214904785
3 0.5324147343635559 0.6798141002655029 0.14014430344104767 0.42907363176345825
3 0.6701837182044983 0.6784976720809937 0.0386347770690918 0.0962679386138916
3 0.695906400680542 0.6626712083816528 0.016870593652129173 0.06777024269104004
