3 0.6913087964057922 0.4838157594203949 0.023384666070342064 0.05087685585021973
3 0.06490892171859741 0.49081355333328247 0.02641594409942627 0.06096644327044487
3 0.7956664562225342 0.6764395236968994 0.15305796265602112 0.4352116584777832
3 0.6406654119491577 0.5034223794937134 0.03683838993310928 0.09169826656579971
3 0.935636043548584 0.5104705095291138 0.03682975843548775 0.10878749191761017
3 0.12709936499595642 0.4869944453239441 0.022908473387360573 0.05369458347558975
3 0.17502263188362122 0.516045093536377 0.0200978871434927 0.059584617614746094
3 0.1547602117061615 0.5072891712188721 0.03432520478963852 0.08235130459070206
3 0.6726778745651245 0.49067988991737366 0.02093949355185032 0.04881143569946289
3 0.08230666071176529 0.48958826065063477 0.02008998394012451 0.06114654615521431
3 0.014553788118064404 0.5190601944923401 0.03161220625042915 0.12226571887731552
3 0.19755564630031586 0.5083365440368652 0.02940971776843071 0.04978003352880478
3 0.26761966943740845 0.683639407157898 0.16066567599773407 0.39426150918006897
3 0.9902130365371704 0.49752169847488403 0.023075580596923828 0.09921088069677353
3 0.5270386934280396 0.6898530721664429 0.15457335114479065 0.39254704117774963
3 0.8633291125297546 0.49129587411880493 0.022220706567168236 0.046034716069698334
