3 0.9466144442558289 0.4680546224117279 0.03072042390704155 0.09940890967845917
3 0.12034400552511215 0.48461875319480896 0.022764157503843307 0.09166236221790314
3 0.023300284519791603 0.49276837706565857 0.048088930547237396 0.17465047538280487
3 0.13991829752922058 0.47640857100486755 0.021873772144317627 0.08782176673412323
3 0.2687866687774658 0.5765265226364136 0.21950459480285645 0.6656800508499146
3 0.3471373915672302 0.4802005887031555 0.02433180809020996 0.04526691511273384
3 0.919028639793396 0.465643972158432 0.027155589312314987 0.09089980274438858
3 0.05889011546969414 0.4810614585876465 0.016962796449661255 0.07248325645923615
3 0.1734854280948639 0.49381589889526367 0.03367990255355835 0.10107092559337616
3 0.795426070690155 0.4653884768486023 0.027497101575136185 0.0788637176156044
3 0.9919306039810181 0.47633400559425354 0.017928028479218483 0.10271773487329483
3 0.3747393488883972 0.46695342659950256 0.022588420659303665 0.04711942747235298
3 0.9479854702949524 0.44138795137405396 0.02797536924481392 0.045819949358701706
3 0.762033998966217 0.4762757420539856 0.016701698303222656 0.07020969688892365
3 0.8944072723388672 0.4368916451931 0.025858115404844284 0.05625033378601074
3 0.9934532046318054 0.44331294298171997 0.016777610406279564 0.039542436599731445
