3 0.6536184549331665 0.3943467438220978 0.03293003886938095 0.089748814702034
3 0.748680055141449 0.43121036887168884 0.07665815204381943 0.22523602843284607
3 0.2640067934989929 0.3966066539287567 0.06588046252727509 0.14707283675670624
3 0.4269736409187317 0.602600634098053 0.29709142446517944 0.7489067912101746
3 0.5949716567993164 0.39628639817237854 0.04560814052820206 0.11323527991771698
3 0.93407142162323 0.4231185019016266 0.06959323585033417 0.20278286933898926
3 0.5536013841629028 0.37395018339157104 0.04032645374536514 0.08849046379327774
3 0.19699980318546295 0.39807623624801636 0.05280325561761856 0.13749384880065918
3 0.8371418118476868 0.38565462827682495 0.03579902648925781 0.09600929915904999
3 0.7976732850074768 0.37808266282081604 0.029678821563720703 0.06919679790735245
3 0.68328857421875 0.39761799573898315 0.036144256591796875 0.10869614779949188
