3 0.6127607822418213 0.48200923204421997 0.029880046844482422 0.03961462900042534
3 0.7957559823989868 0.6495695114135742 0.17292499542236328 0.46842652559280396
3 0.641675591468811 0.5019198656082153 0.03081035614013672 0.06950335204601288
3 0.8586233258247375 0.4914829730987549 0.024823378771543503 0.04776620864868164
3 0.9342426061630249 0.5028070211410522 0.038610078394412994 0.09034838527441025
3 0.4572700560092926 0.47838854789733887 0.02783193625509739 0.04388151317834854
3 0.018940474838018417 0.5193697810173035 0.04739721491932869 0.12350273132324219
3 0.05933592841029167 0.49397391080856323 0.017699265852570534 0.055108021944761276
3 0.9661945104598999 0.5055948495864868 0.02587919309735298 0.08343396335840225
3 0.17384932935237885 0.4985983967781067 0.018133902922272682 0.059119224548339844
3 0.10092280060052872 0.4870350956916809 0.019254004582762718 0.04754595831036568
3 0.2766735553741455 0.6670705676078796 0.20325832068920135 0.4463798403739929
3 0.13662225008010864 0.4942479729652405 0.014880990609526634 0.044135190546512604
3 0.6683785319328308 0.49124735593795776 0.024010658264160156 0.05248694494366646
3 0.12269587814807892 0.4941459596157074 0.020607125014066696 0.041625022888183594
3 0.0814611166715622 0.49911561608314514 0.036875903606414795 0.07725591957569122
3 0.9906314611434937 0.5015933513641357 0.02532033994793892 0.10176821053028107
3 0.909885585308075 0.4878445565700531 0.021100997924804688 0.05076413229107857
3 0.5357944369316101 0.6522653102874756 0.17107252776622772 0.47534626722335815
3 0.6930021047592163 0.4891471862792969 0.0242477897554636 0.047484494745731354
3 0.8884237408638 0.49955955147743225 0.026702309027314186 0.071088507771492
3 0.7094191312789917 0.4981725811958313 0.02140069007873535 0.05085496976971626
