3 0.06389893591403961 0.21844768524169922 0.0253527220338583 0.05410442501306534
3 0.004489272832870483 0.21712660789489746 0.014122724533081055 0.022192787379026413
3 0.9713506698608398 0.22226226329803467 0.022910404950380325 0.020002078264951706
3 0.5428341031074524 0.3223140835762024 0.029026031494140625 0.11242842674255371
3 0.3733893930912018 0.3866845667362213 0.031100034713745117 0.10474812984466553
3 0.011608041822910309 0.2697918713092804 0.02508782409131527 0.04076819494366646
3 0.4128722548484802 0.36941462755203247 0.049445558339357376 0.05867354944348335
3 0.7865267992019653 0.6314135193824768 0.045752812176942825 0.16908064484596252
3 0.5097622871398926 0.15311893820762634 0.019237613305449486 0.050521694123744965
3 0.032775118947029114 0.7661803364753723 0.053819723427295685 0.07283854484558105
3 0.2823518216609955 0.19033753871917725 0.024092435836791992 0.025616442784667015
3 0.397055447101593 0.36211103200912476 0.022945022210478783 0.049707651138305664
3 0.8423275947570801 0.39020824432373047 0.023576926440000534 0.05471162870526314
3 0.6664726138114929 0.6305766701698303 0.09280452877283096 0.0639554038643837
3 0.08344850689172745 0.7673457264900208 0.08710241317749023 0.08124332129955292
3 0.9714559316635132 0.18568846583366394 0.022261524572968483 0.04386686161160469
3 0.2669181227684021 0.7593363523483276 0.08409492671489716 0.20747923851013184
3 0.09049271047115326 0.23098358511924744 0.033698808401823044 0.052465129643678665
3 0.7375038266181946 0.427118718624115 0.03333625942468643 0.06375303119421005
3 0.42052364349365234 0.29499587416648865 0.03767428547143936 0.09443719685077667
3 0.618106484413147 0.20132656395435333 0.022017812356352806 0.04735682159662247
3 0.3669534921646118 0.1760534793138504 0.024663781747221947 0.05499793216586113
3 0.44344377517700195 0.20998592674732208 0.01571645773947239 0.04783904552459717
3 0.7523800730705261 0.17546191811561584 0.022786378860473633 0.04738958925008774
3 0.0053641302511096 0.16833466291427612 0.01572723127901554 0.04668869823217392
3 0.9913026690483093 0.21624478697776794 0.01769123040139675 0.03253157064318657
3 0.7581372857093811 0.5143720507621765 0.030207157135009766 0.06729269027709961
3 0.538500189781189 0.5093162655830383 0.062299251556396484 0.1469162404537201
3 0.4020764231681824 0.16910894215106964 0.020950650796294212 0.01647009886801243
3 0.4440882205963135 0.7887709736824036 0.04750318452715874 0.05910835415124893
3 0.03074098564684391 0.16667023301124573 0.02225911058485508 0.03780177980661392
3 0.63749760389328 0.24792666733264923 0.023206472396850586 0.07413868606090546
3 0.7427619695663452 0.46655645966529846 0.029234742745757103 0.057308197021484375
3 0.5157464742660522 0.16232655942440033 0.030982350930571556 0.07233808189630508
3 0.1558498591184616 0.7616933584213257 0.05124098062515259 0.07395148277282715
3 0.666301965713501 0.3532405495643616 0.029150675982236862 0.06337487697601318
