3 0.6634957194328308 0.6323054432868958 0.02776312828063965 0.07934775203466415
3 0.8606768846511841 0.6515817642211914 0.05962200090289116 0.15904417634010315
3 0.4447995126247406 0.6259092092514038 0.02248683013021946 0.0650174617767334
3 0.4682067036628723 0.630273699760437 0.026290083304047585 0.07456564903259277
3 0.9831153750419617 0.6672657132148743 0.038268279284238815 0.20161962509155273
3 0.2714027464389801 0.69254070520401 0.1257132738828659 0.3445378243923187
3 0.40542739629745483 0.6447889804840088 0.04360704496502876 0.13364553451538086
3 0.3582088351249695 0.6411167979240417 0.049193501472473145 0.14720892906188965
3 0.7328258156776428 0.6430281400680542 0.03170575946569443 0.08642029762268066
3 0.6022205352783203 0.6381186246871948 0.03376350551843643 0.09277725219726562
3 0.6363505721092224 0.6392301917076111 0.028316974639892578 0.08868646621704102
3 0.791639506816864 0.6551274061203003 0.03290710598230362 0.10645594447851181
3 0.5375898480415344 0.6666139960289001 0.12825551629066467 0.45142239332199097
