3 0.41290631890296936 0.6226805448532104 0.024044131860136986 0.09806370735168457
3 0.35244220495224 0.6212328672409058 0.0379863977432251 0.11415982246398926
3 0.815102756023407 0.6273871064186096 0.19425678253173828 0.5920838117599487
3 0.0214766226708889 0.6326433420181274 0.0447850301861763 0.3648358881473541
3 0.979165256023407 0.6315754652023315 0.04365968704223633 0.2701873779296875
3 0.26438719034194946 0.6273271441459656 0.19152939319610596 0.5738060474395752
3 0.10662186145782471 0.6204057335853577 0.0360649935901165 0.12690401077270508
3 0.15215948224067688 0.608906626701355 0.06944268941879272 0.31894373893737793
3 0.4499763548374176 0.6233561635017395 0.031020021066069603 0.07941246032714844
3 0.5378640294075012 0.6207435727119446 0.22088226675987244 0.586600661277771
3 0.38759759068489075 0.6163980960845947 0.03421597555279732 0.11733818054199219
3 0.46588993072509766 0.6294960975646973 0.02711176872253418 0.0789085403084755
