3 0.6652852296829224 0.6079884767532349 0.022613858804106712 0.04731249809265137
3 0.7957971692085266 0.7168165445327759 0.09197964519262314 0.306976318359375
3 0.6908348202705383 0.6097785234451294 0.02407693862915039 0.05023302882909775
3 0.37564191222190857 0.7060993313789368 0.10845498740673065 0.3436388075351715
3 0.6050316095352173 0.6143620014190674 0.03872933238744736 0.0944671630859375
3 0.9841964840888977 0.6441109776496887 0.03670377656817436 0.15215834975242615
3 0.22263117134571075 0.6945213675498962 0.1133803129196167 0.37429705262184143
3 0.4595464766025543 0.6331300735473633 0.0442628376185894 0.15027761459350586
3 0.29158905148506165 0.7014689445495605 0.08724565804004669 0.35494881868362427
3 0.63734370470047 0.6131818294525146 0.029555082321166992 0.08036422729492188
3 0.5180730819702148 0.688423752784729 0.10509820282459259 0.37617602944374084
3 0.8612716794013977 0.6107853055000305 0.022509193047881126 0.04582953453063965
3 0.7390677332878113 0.618613600730896 0.03147315979003906 0.07379307597875595
