3 0.3583064675331116 0.6459106206893921 0.03490149974822998 0.141556978225708
3 0.413410484790802 0.660534143447876 0.08112466335296631 0.22032395005226135
3 0.46240371465682983 0.6419311761856079 0.03042888641357422 0.1283499300479889
3 0.8203381299972534 0.6721161603927612 0.11514125019311905 0.3282487392425537
3 0.030952995643019676 0.6575771570205688 0.06661413609981537 0.2997167110443115
3 0.9765529632568359 0.6489158868789673 0.056847475469112396 0.24128690361976624
3 0.8716924786567688 0.6577323079109192 0.05453605577349663 0.32132744789123535
3 0.38558393716812134 0.577224612236023 0.020168472081422806 0.028951644897460938
3 0.26686668395996094 0.6876711845397949 0.18570983409881592 0.6279041171073914
3 0.6655563116073608 0.6490435600280762 0.05399584770202637 0.165123850107193
3 0.3841729164123535 0.6229888200759888 0.022165536880493164 0.11926889419555664
3 0.6160103678703308 0.6450351476669312 0.047363996505737305 0.16414085030555725
3 0.4964205324649811 0.6917462348937988 0.025136660784482956 0.08098793029785156
3 0.5396113395690918 0.6673651933670044 0.14845237135887146 0.37020206451416016
3 0.737311065196991 0.6443976759910583 0.045037128031253815 0.17588138580322266
