3 0.4010339379310608 0.6746068596839905 0.16323184967041016 0.5462555885314941
3 0.7782233357429504 0.647864818572998 0.09100131690502167 0.22098103165626526
3 0.020966090261936188 0.6388201117515564 0.0433625653386116 0.25323668122291565
3 0.030561408028006554 0.5226323008537292 0.022725827991962433 0.026597976684570312
3 0.9767400622367859 0.6520180702209473 0.05345191806554794 0.24765034019947052
3 0.8429482579231262 0.6396754384040833 0.06093711778521538 0.2346048355102539
3 0.029880831018090248 0.6411417126655579 0.06254465878009796 0.32402706146240234
3 0.03042028285562992 0.6461715698242188 0.03997821360826492 0.2737247347831726
3 0.15897732973098755 0.6150902509689331 0.05922834947705269 0.368349552154541
3 0.2582268714904785 0.6715215444564819 0.1702459305524826 0.5139934420585632
3 0.7370597124099731 0.6458932757377625 0.03838515281677246 0.18782997131347656
3 0.6835126876831055 0.6463761329650879 0.04404105991125107 0.18375320732593536
3 0.5757218599319458 0.6480579376220703 0.1826804131269455 0.584550678730011
3 0.1080043762922287 0.6441832780838013 0.08772645890712738 0.3111289441585541
