3 0.5181710124015808 0.5406187176704407 0.009575700387358665 0.057488203048706055
3 0.47567301988601685 0.5401986241340637 0.011542702093720436 0.047034502029418945
3 0.5005072355270386 0.5500932931900024 0.038902901113033295 0.09723915904760361
3 0.4427729547023773 0.5506448745727539 0.017667818814516068 0.06772756576538086
3 0.10393059253692627 0.6232372522354126 0.048562537878751755 0.3019145429134369
3 0.2696751654148102 0.6275225877761841 0.11696211993694305 0.3592102527618408
3 0.48822784423828125 0.5519039034843445 0.021416282281279564 0.08692989498376846
3 0.131249338388443 0.4949337840080261 0.024093711748719215 0.02541828155517578
3 0.050171125680208206 0.6270521879196167 0.10345785319805145 0.3448973298072815
3 0.38720375299453735 0.573341965675354 0.02014629915356636 0.14134326577186584
3 0.15603886544704437 0.639623761177063 0.12574942409992218 0.3506409525871277
3 0.22313740849494934 0.5996428728103638 0.049428462982177734 0.27325502038002014
3 0.38910824060440063 0.5173231363296509 0.017015766352415085 0.029563093557953835
3 0.4607570767402649 0.5512466430664062 0.02477574348449707 0.06387224048376083
3 0.533095121383667 0.5485002994537354 0.025529002770781517 0.06749868392944336
3 0.3588094115257263 0.5841823816299438 0.05710124969482422 0.19435563683509827
3 0.4111810624599457 0.5787165760993958 0.05180525779724121 0.17941012978553772
