3 0.4262754023075104 0.6920307874679565 0.0480835922062397 0.24374189972877502
3 0.7973060607910156 0.7136517763137817 0.11907958984375 0.3128334581851959
3 0.9033092260360718 0.7135289907455444 0.10702447593212128 0.3192616403102875
3 0.46791544556617737 0.6847031116485596 0.037894107401371 0.2274704873561859
3 0.34666499495506287 0.6680271625518799 0.2431882917881012 0.6671708226203918
3 0.7348884344100952 0.6809109449386597 0.03588519245386124 0.17729583382606506
3 0.187801331281662 0.6789307594299316 0.08824759721755981 0.3028896450996399
3 0.6871109008789062 0.689325213432312 0.04927883297204971 0.22279953956604004
3 0.5996955633163452 0.6518213152885437 0.23681703209877014 0.699222207069397
3 0.7079765796661377 0.6907799243927002 0.08269987255334854 0.22109059989452362
