3 0.8172386288642883 0.628491997718811 0.18438825011253357 0.5051125288009644
3 0.6413872838020325 0.4888951778411865 0.08433327823877335 0.1960291862487793
3 0.9753572344779968 0.5530784726142883 0.06145906448364258 0.33336663246154785
3 0.8647184371948242 0.4371742606163025 0.04136915132403374 0.05326814576983452
3 0.9282842874526978 0.49024859070777893 0.050183773040771484 0.20391908288002014
3 0.3514704704284668 0.6185716986656189 0.3546655774116516 0.7637225389480591
3 0.899821937084198 0.45600730180740356 0.037004660815000534 0.1056390255689621
3 0.7524135708808899 0.4354991018772125 0.04935765266418457 0.08732032775878906
3 0.5405480265617371 0.6060011982917786 0.1603374481201172 0.5397926568984985
3 0.692191481590271 0.4693475663661957 0.043744564056396484 0.14251212775707245
