3 0.6706823706626892 0.6164765357971191 0.025498390197753906 0.07632589340209961
3 0.4082360863685608 0.6244568824768066 0.02984006330370903 0.09329032897949219
3 0.8500362634658813 0.6264144778251648 0.08328352123498917 0.18216943740844727
3 0.15741567313671112 0.5395359396934509 0.0872095450758934 0.22419309616088867
3 0.443652868270874 0.6231236457824707 0.028699208050966263 0.0690755844116211
3 0.3807273209095001 0.6185668706893921 0.0355989933013916 0.09876809269189835
3 0.7352975606918335 0.6291487812995911 0.03931736946105957 0.16213145852088928
3 0.9837850332260132 0.6311184167861938 0.03482627868652344 0.08219399303197861
3 0.9841974377632141 0.6638737916946411 0.03529348224401474 0.18275102972984314
3 0.6423506140708923 0.6187291741371155 0.03744783252477646 0.12156858295202255
3 0.7884485125541687 0.6315023303031921 0.044989824295043945 0.16513895988464355
3 0.4703806936740875 0.645997941493988 0.029536962509155273 0.060164451599121094
3 0.5400625467300415 0.6645145416259766 0.17952466011047363 0.4697534441947937
