3 0.6351563334465027 0.5991435050964355 0.03050541877746582 0.08601303398609161
3 0.935246467590332 0.5892069935798645 0.04024352878332138 0.12224769592285156
3 0.7338061928749084 0.602020800113678 0.035765647888183594 0.10803403705358505
3 0.16653302311897278 0.6285669207572937 0.07942954450845718 0.2087940275669098
3 0.8848614692687988 0.6679976582527161 0.11915645748376846 0.34244364500045776
3 0.21409101784229279 0.61803138256073 0.02548830583691597 0.15224966406822205
3 0.19475165009498596 0.6204040050506592 0.02400749921798706 0.14460095763206482
3 0.128936305642128 0.6113898754119873 0.036777712404727936 0.13885536789894104
3 0.9824228286743164 0.6268699169158936 0.040709495544433594 0.16239328682422638
3 0.0638432502746582 0.6815395355224609 0.1290779411792755 0.405290424823761
3 0.315479576587677 0.608687698841095 0.029583286494016647 0.1232847198843956
3 0.35059061646461487 0.6225999593734741 0.06008558347821236 0.1801527440547943
3 0.26381269097328186 0.6684116125106812 0.11126022040843964 0.319802850484848
3 0.6908224821090698 0.5965557098388672 0.021701574325561523 0.08494987338781357
3 0.7761950492858887 0.6447499990463257 0.10287556797266006 0.2617793083190918
3 0.537571370601654 0.6810812950134277 0.17613402009010315 0.502503514289856
3 0.408115953207016 0.6180389523506165 0.06567563861608505 0.1650804579257965
3 0.6674582958221436 0.6027449369430542 0.03629007190465927 0.10982193797826767
