3 0.6348518133163452 0.6323601007461548 0.030623197555541992 0.07726073265075684
3 0.103554867208004 0.6368345618247986 0.028296519070863724 0.07742033153772354
3 0.797385573387146 0.6814793348312378 0.151108980178833 0.4402731955051422
3 0.36438286304473877 0.6442474126815796 0.04094362258911133 0.15703082084655762
3 0.661246120929718 0.6308499574661255 0.019988203421235085 0.07434286922216415
3 0.024153273552656174 0.6694574952125549 0.0522817000746727 0.17667865753173828
3 0.15614907443523407 0.6364135146141052 0.014744555577635765 0.0864100456237793
3 0.9874173402786255 0.6662417054176331 0.031649209558963776 0.19750165939331055
3 0.9033523797988892 0.6651166081428528 0.06718053668737411 0.21509361267089844
3 0.43879327178001404 0.6281538009643555 0.02089247666299343 0.07380590587854385
3 0.27842918038368225 0.6780083179473877 0.17220553755760193 0.48086461424827576
3 0.7139043211936951 0.6295502781867981 0.023155689239501953 0.0755094513297081
3 0.18140122294425964 0.6608338952064514 0.041373610496520996 0.1387042999267578
3 0.536823570728302 0.6781669855117798 0.17664417624473572 0.4970560073852539
3 0.40479058027267456 0.6547538638114929 0.04430801793932915 0.15167316794395447
3 0.6824655532836914 0.632914662361145 0.03508930280804634 0.08190107345581055
