3 0.6938676834106445 0.46441346406936646 0.024396324530243874 0.09816107898950577
3 0.5995849370956421 0.46039333939552307 0.03217673301696777 0.07742562144994736
3 0.467869371175766 0.4513733983039856 0.03526568412780762 0.0661800354719162
3 0.29499000310897827 0.5205652713775635 0.05930225923657417 0.24702711403369904
3 0.3685307800769806 0.6044226884841919 0.1823839694261551 0.5377346277236938
3 0.7093319296836853 0.47533875703811646 0.029911136254668236 0.11459694057703018
3 0.1499265432357788 0.5251380801200867 0.07043357193470001 0.21227526664733887
3 0.637083113193512 0.4727213978767395 0.04521665722131729 0.12405524402856827
3 0.5325465798377991 0.6205878853797913 0.18903665244579315 0.5040997266769409
3 0.6764093637466431 0.4808517098426819 0.029771089553833008 0.0990506187081337
