3 0.5932058095932007 0.5559714436531067 0.036347053945064545 0.12239646911621094
3 0.10898017883300781 0.5573325157165527 0.035937272012233734 0.1829148232936859
3 0.9081705808639526 0.5847986340522766 0.1177215576171875 0.33737999200820923
3 0.2566060423851013 0.5703963041305542 0.25063592195510864 0.7109420299530029
3 0.42657527327537537 0.5616775751113892 0.042587898671627045 0.11050067096948624
3 0.7667390704154968 0.5567870140075684 0.04682564735412598 0.14293527603149414
3 0.6306297183036804 0.5585594177246094 0.04985032230615616 0.13199949264526367
3 0.14219503104686737 0.569642186164856 0.05035341903567314 0.17231926321983337
3 0.9925613403320312 0.4915595054626465 0.01893644407391548 0.0884271115064621
3 0.523173987865448 0.5862823724746704 0.1254587173461914 0.3765685558319092
3 0.6965987086296082 0.5533702373504639 0.03396940231323242 0.09702205657958984
