3 0.328357994556427 0.6801737546920776 0.03536570072174072 0.12400641292333603
3 0.10569711774587631 0.6803404092788696 0.050661664456129074 0.1490192413330078
3 0.5107954740524292 0.7192490696907043 0.012852048501372337 0.0425257682800293
3 0.797846794128418 0.6693404912948608 0.22102394700050354 0.5740593671798706
3 0.6045830249786377 0.6896709203720093 0.03467120975255966 0.08360161632299423
3 0.02154282107949257 0.6847294569015503 0.03869502246379852 0.1360422670841217
3 0.08243044465780258 0.7119691967964172 0.02585044503211975 0.07263889163732529
3 0.9813873171806335 0.6654961109161377 0.041057586669921875 0.20690488815307617
3 0.05714436620473862 0.682898759841919 0.05125762149691582 0.1455710381269455
3 0.15693244338035583 0.6519461870193481 0.03366285562515259 0.07072653621435165
3 0.3697969317436218 0.6827837824821472 0.038353562355041504 0.136265367269516
3 0.2600313723087311 0.6460586786270142 0.18376588821411133 0.5700840950012207
3 0.40509113669395447 0.6619046926498413 0.048093318939208984 0.13273906707763672
3 0.20750799775123596 0.6834790706634521 0.027202486991882324 0.1216525062918663
3 0.5775028467178345 0.6812152862548828 0.022318601608276367 0.09327182918787003
3 0.8619858026504517 0.7049733400344849 0.02607259713113308 0.049459218978881836
3 0.6407663822174072 0.6828316450119019 0.033927250653505325 0.10850954055786133
3 0.4182496964931488 0.6115849614143372 0.01563134230673313 0.025574207305908203
3 0.7220572233200073 0.6863126754760742 0.033219195902347565 0.1042938232421875
3 0.5190343856811523 0.6509056091308594 0.1880432665348053 0.560534656047821
3 0.6712726950645447 0.6825789213180542 0.034442998468875885 0.11430277675390244
3 0.6938927173614502 0.6785895228385925 0.025641728192567825 0.11468362808227539
