3 0.5197532773017883 0.6341007947921753 0.015494585037231445 0.02317061461508274
3 0.5652786493301392 0.66924649477005 0.02613225020468235 0.11873435974121094
3 0.4973902702331543 0.66766357421875 0.02613377571105957 0.10893841087818146
3 0.42963308095932007 0.6307471990585327 0.015455436892807484 0.02988457679748535
3 0.7879673838615417 0.7594020366668701 0.12209854274988174 0.3220049738883972
3 0.10410408675670624 0.6339420080184937 0.02131284400820732 0.06858334690332413
3 0.9468202590942383 0.6853432059288025 0.07841949164867401 0.06809425354003906
3 0.8896826505661011 0.6842623353004456 0.04158039018511772 0.05050325393676758
3 0.5402250289916992 0.6958340406417847 0.07014360278844833 0.18086981773376465
3 0.6146210432052612 0.6934917569160461 0.018817568197846413 0.06602706760168076
3 0.2681952118873596 0.7625911831855774 0.1198187842965126 0.3382985591888428
3 0.3906429708003998 0.7767212390899658 0.1392529457807541 0.40703877806663513
3 0.4672628939151764 0.6945062875747681 0.07395563274621964 0.19253554940223694
3 0.685239315032959 0.6835808753967285 0.061299800872802734 0.15719719231128693
3 0.2307356297969818 0.6384203433990479 0.03902237489819527 0.049713801592588425
3 0.19731725752353668 0.6517959833145142 0.03220393508672714 0.05166373401880264
3 0.6380956172943115 0.6751644611358643 0.04166269302368164 0.12926331162452698
3 0.44546470046043396 0.6257039308547974 0.018036890774965286 0.02252325974404812
3 0.5937835574150085 0.6666157245635986 0.04549431800842285 0.1266861855983734
3 0.6130247116088867 0.6275331974029541 0.016986941918730736 0.03076028823852539
3 0.7381348609924316 0.6503568291664124 0.032535649836063385 0.06158781051635742
