3 0.3878578543663025 0.6274404525756836 0.2734156847000122 0.740971565246582
3 0.49858492612838745 0.5602563619613647 0.04109387472271919 0.12003946304321289
3 0.10711419582366943 0.5491700768470764 0.03560398891568184 0.07296552509069443
3 0.9866100549697876 0.5634261965751648 0.033582307398319244 0.27642783522605896
3 0.04610114544630051 0.5894297957420349 0.09721838682889938 0.331268310546875
3 0.6032994389533997 0.5422099232673645 0.02764282189309597 0.08633627742528915
3 0.5428999662399292 0.5474721193313599 0.059195853769779205 0.17363624274730682
3 0.6351860165596008 0.5463320016860962 0.03646983951330185 0.1043093204498291
3 0.9446600079536438 0.5064085721969604 0.022250080481171608 0.04466080665588379
3 0.2291034758090973 0.5518066883087158 0.05073545128107071 0.16739216446876526
