3 0.6712672710418701 0.48497360944747925 0.01975221559405327 0.04984993860125542
3 0.5581363439559937 0.49446845054626465 0.03664813190698624 0.08677282184362411
3 0.39950424432754517 0.5954560041427612 0.2829255163669586 0.6954638361930847
3 0.8542661666870117 0.5048906207084656 0.03448762744665146 0.07563948631286621
3 0.639692485332489 0.48993054032325745 0.022776221856474876 0.05218777805566788
3 0.9856435656547546 0.5106921195983887 0.03747529909014702 0.17114238440990448
3 0.032336123287677765 0.5151243209838867 0.06992796063423157 0.21350689232349396
3 0.2391267716884613 0.48345741629600525 0.018004918470978737 0.054050542414188385
3 0.1387346386909485 0.4668661057949066 0.01847817935049534 0.04259495809674263
3 0.21508514881134033 0.5053493976593018 0.039264000952243805 0.11652813106775284
3 0.7570772171020508 0.4953230917453766 0.024396132677793503 0.07363677024841309
3 0.17027458548545837 0.4879900813102722 0.025132477283477783 0.08682169765233994
3 0.9433531761169434 0.4989452362060547 0.020990943536162376 0.054311610758304596
3 0.7946800589561462 0.491497278213501 0.025465678423643112 0.06427183002233505
3 0.6919127106666565 0.48493415117263794 0.02288198471069336 0.052272796630859375
