3 0.4953635334968567 0.6381933689117432 0.21086955070495605 0.5834965705871582
3 0.8429945707321167 0.6301379203796387 0.05968112871050835 0.16625671088695526
3 0.6929649114608765 0.6160598397254944 0.017908429726958275 0.048409365117549896
3 0.9769752621650696 0.6439424753189087 0.0506649985909462 0.19150510430335999
3 0.9006674885749817 0.6375066041946411 0.05603981018066406 0.16452249884605408
3 0.37119951844215393 0.6230185627937317 0.030321668833494186 0.08339166641235352
3 0.6135494709014893 0.6133983731269836 0.017208576202392578 0.0363001823425293
3 0.34739571809768677 0.6216846704483032 0.024906277656555176 0.08705582469701767
3 0.7380607724189758 0.629540741443634 0.03798089176416397 0.10261859744787216
3 0.6638992428779602 0.613396406173706 0.020726347342133522 0.03748617321252823
3 0.7804524302482605 0.6316205263137817 0.035055018961429596 0.11259617656469345
3 0.8093134164810181 0.6234842538833618 0.03134584426879883 0.12530866265296936
