3 0.6734652519226074 0.6159470081329346 0.020173262804746628 0.06882067024707794
3 0.6596001386642456 0.6137397289276123 0.01864314079284668 0.07429122924804688
3 0.9101307988166809 0.643822193145752 0.07232265174388885 0.22112855315208435
3 0.6945127248764038 0.6111032962799072 0.017815828323364258 0.06054277345538139
3 0.04637434706091881 0.6705076098442078 0.0196024589240551 0.06531772762537003
3 0.0688381940126419 0.6327182054519653 0.034846920520067215 0.12758764624595642
3 0.3826710283756256 0.6776044964790344 0.15755827724933624 0.45316290855407715
3 0.8430341482162476 0.6383482217788696 0.06618718802928925 0.1810472011566162
3 0.9836071133613586 0.6661315560340881 0.038633059710264206 0.1956009864807129
3 0.030941704288125038 0.651652991771698 0.06381725519895554 0.22828182578086853
3 0.21820612251758575 0.6165467500686646 0.02659621275961399 0.07802534103393555
3 0.6380690336227417 0.6128430366516113 0.02130866050720215 0.06872949749231339
3 0.1199527382850647 0.6212708950042725 0.02526838704943657 0.11187734454870224
3 0.2652730345726013 0.6646298170089722 0.09757709503173828 0.27707138657569885
3 0.18436306715011597 0.6312069296836853 0.038761306554079056 0.10788355022668839
3 0.14899449050426483 0.6230267882347107 0.03207550197839737 0.09852705150842667
3 0.7381644248962402 0.6198374032974243 0.03288326412439346 0.0816890224814415
3 0.09998828172683716 0.6287238001823425 0.03095417097210884 0.10456156730651855
3 0.8140970468521118 0.6229192018508911 0.023992443457245827 0.1009603962302208
3 0.5393421649932861 0.676114022731781 0.17954596877098083 0.4774065911769867
3 0.7816914916038513 0.6316236853599548 0.05284528806805611 0.11238574981689453
