3 0.6374604105949402 0.6784282922744751 0.020509719848632812 0.05671525001525879
3 0.04571530222892761 0.6832079887390137 0.020054984837770462 0.06169939041137695
3 0.7847999334335327 0.7036097049713135 0.05757460743188858 0.1607859581708908
3 0.6961084604263306 0.6777420043945312 0.016591548919677734 0.05397234112024307
3 0.018338579684495926 0.6845427751541138 0.03442325443029404 0.07902097702026367
3 0.0975104346871376 0.6820452213287354 0.0279495008289814 0.0627819076180458
3 0.5034520626068115 0.6865514516830444 0.03480396419763565 0.10054898262023926
3 0.533977210521698 0.6870152950286865 0.025319671258330345 0.07608728110790253
3 0.8881195783615112 0.7201237082481384 0.08955211937427521 0.27771463990211487
3 0.14229130744934082 0.6754766702651978 0.02178173139691353 0.04419694095849991
3 0.8288934826850891 0.6971219182014465 0.0281829833984375 0.11795959621667862
3 0.40757647156715393 0.6972421407699585 0.04397013038396835 0.11127352714538574
3 0.24173292517662048 0.6955291032791138 0.3252811133861542 0.608933687210083
3 0.0020128104370087385 0.6832200288772583 0.00571533152833581 0.06222281605005264
3 0.669727087020874 0.6836006045341492 0.033632852137088776 0.09718942642211914
3 0.5638808012008667 0.6822115182876587 0.02832818031311035 0.07868800312280655
3 0.6120127439498901 0.6786203384399414 0.03194250911474228 0.07304191589355469
3 0.9878741502761841 0.6988019943237305 0.03254585340619087 0.13979044556617737
