3 0.8047826886177063 0.5860992670059204 0.02198181115090847 0.039504289627075195
3 0.7905983924865723 0.6375397443771362 0.03286032751202583 0.14040923118591309
3 0.8550925254821777 0.6420598030090332 0.04891681671142578 0.16076450049877167
3 0.6326199769973755 0.6414161920547485 0.03244137763977051 0.11705994606018066
3 0.9746588468551636 0.6536260843276978 0.06145591661334038 0.24882912635803223
3 0.6956416964530945 0.6444307565689087 0.03233776241540909 0.11208977550268173
3 0.26946553587913513 0.7039191126823425 0.1296732872724533 0.3758024275302887
3 0.41367530822753906 0.7477070093154907 0.18604040145874023 0.5058267712593079
3 0.6056848764419556 0.6396536827087402 0.03281845897436142 0.11210479587316513
3 0.7297199368476868 0.6391085386276245 0.03797569125890732 0.13533368706703186
3 0.8756260871887207 0.6066576242446899 0.01754436455667019 0.08142447471618652
3 0.8757087588310242 0.6273781061172485 0.018241310492157936 0.12348494678735733
3 0.8201244473457336 0.6448420286178589 0.03160276263952255 0.12854257225990295
3 0.6648434400558472 0.6489138603210449 0.0532291904091835 0.1525072157382965
3 0.541786253452301 0.6843451857566833 0.09774637222290039 0.3299611210823059
