3 0.7998570799827576 0.6805171966552734 0.22528180480003357 0.5850321054458618
3 0.05465606600046158 0.6588708162307739 0.031781185418367386 0.11642003059387207
3 0.9729140400886536 0.6513575911521912 0.05896816402673721 0.2463769018650055
3 0.35903200507164 0.6489148736000061 0.018616963177919388 0.14166441559791565
3 0.39787474274635315 0.6606832146644592 0.08059863746166229 0.2373652458190918
3 0.24760794639587402 0.6774799227714539 0.2230086624622345 0.5871784687042236
3 0.6672165989875793 0.6512376070022583 0.04582715034484863 0.15816816687583923
3 0.11250350624322891 0.6602023839950562 0.07073046267032623 0.2531150281429291
3 0.03281665965914726 0.6563746929168701 0.06740323454141617 0.2850370407104492
3 0.9123165011405945 0.6369004249572754 0.029745101928710938 0.1066293716430664
3 0.635870099067688 0.6583281755447388 0.027857065200805664 0.14588642120361328
3 0.5129795670509338 0.6713848114013672 0.2223111093044281 0.6196735501289368
3 0.16225312650203705 0.7470941543579102 0.048719622194767 0.07104577869176865
3 0.6971403956413269 0.66038978099823 0.03498063236474991 0.09875331073999405
