3 0.6390330195426941 0.6205620765686035 0.03626403957605362 0.1473533660173416
3 0.7689861059188843 0.6286683678627014 0.19780726730823517 0.5502812266349792
3 0.9276813268661499 0.6148990392684937 0.12628325819969177 0.3784353733062744
3 0.05294371396303177 0.6318513751029968 0.030569234862923622 0.13244929909706116
3 0.15894702076911926 0.6218016743659973 0.056430064141750336 0.15816059708595276
3 0.8630352020263672 0.6686301827430725 0.03261680528521538 0.0652008056640625
3 0.031240295618772507 0.6236000657081604 0.06327459961175919 0.35041379928588867
3 0.4504759907722473 0.6161167621612549 0.02831573411822319 0.08716420829296112
3 0.35209977626800537 0.6389205455780029 0.05172853544354439 0.13381433486938477
3 0.2597580850124359 0.6485834121704102 0.20958375930786133 0.5401924252510071
3 0.6992672085762024 0.6201164722442627 0.035454608500003815 0.14911270141601562
3 0.1092105358839035 0.6125255823135376 0.04068483039736748 0.12824201583862305
3 0.5308154225349426 0.6671329736709595 0.20643362402915955 0.5124861001968384
3 0.40605559945106506 0.6224150061607361 0.06085636466741562 0.14583197236061096
3 0.675235390663147 0.6207261085510254 0.044577740132808685 0.15420207381248474
3 0.9841305613517761 0.6166074872016907 0.039491843432188034 0.33703121542930603
