3 0.7533875107765198 0.46925273537635803 0.05348920822143555 0.16462306678295135
3 0.9425806999206543 0.46857577562332153 0.043918609619140625 0.13959375023841858
3 0.3930460810661316 0.5879281759262085 0.22657334804534912 0.6598165035247803
3 0.6357134580612183 0.49046993255615234 0.028570985421538353 0.13587459921836853
3 0.9903098940849304 0.4831167161464691 0.020495891571044922 0.12232470512390137
3 0.5544772148132324 0.6208853721618652 0.18573498725891113 0.5917465090751648
3 0.2323606312274933 0.5713454484939575 0.1814527064561844 0.6493961811065674
3 0.9029358625411987 0.46415767073631287 0.036753080785274506 0.11809897422790527
3 0.6593462228775024 0.4495866894721985 0.02845635451376438 0.0684412494301796
3 0.6894606351852417 0.457286536693573 0.031588077545166016 0.08827471733093262
