3 0.7653138637542725 0.43152937293052673 0.021870708093047142 0.05224170535802841
3 0.317707359790802 0.6290885806083679 0.26794198155403137 0.743246853351593
3 0.9374381899833679 0.46961426734924316 0.05744295194745064 0.15251636505126953
3 0.9908119440078735 0.4818387031555176 0.023909855633974075 0.12143025547266006
3 0.05959971994161606 0.5395759344100952 0.120631143450737 0.4327118396759033
3 0.7891038656234741 0.4476338326931 0.026745080947875977 0.075151726603508
3 0.12984858453273773 0.4712510108947754 0.033062051981687546 0.11490321159362793
3 0.8975210189819336 0.4578159749507904 0.032192133367061615 0.11394672095775604
3 0.1752125322818756 0.46335306763648987 0.05461376905441284 0.170020192861557
3 0.8640543222427368 0.4579998850822449 0.032781124114990234 0.10375122725963593
