3 0.7581323385238647 0.5161126852035522 0.02736649475991726 0.0623319149017334
3 0.7859270572662354 0.5906479358673096 0.0717921257019043 0.23066139221191406
3 0.9153871536254883 0.5251304507255554 0.049732111394405365 0.08735847473144531
3 0.5348379015922546 0.6425161957740784 0.13225746154785156 0.40628117322921753
3 0.5989418029785156 0.5346768498420715 0.0324002280831337 0.09910149872303009
3 0.6901292204856873 0.511310338973999 0.032009221613407135 0.04594163969159126
3 0.48883694410324097 0.49794355034828186 0.01871514320373535 0.03578481823205948
3 0.8680366277694702 0.48303747177124023 0.02244710922241211 0.026849890127778053
3 0.47284871339797974 0.5030228495597839 0.013688087463378906 0.03774428367614746
3 0.9401338696479797 0.5007616281509399 0.028136540204286575 0.05856671184301376
3 0.9840612411499023 0.5081537961959839 0.03179921954870224 0.046303413808345795
3 0.8661861419677734 0.6030555963516235 0.08125181496143341 0.21940898895263672
3 0.6318843960762024 0.5458343029022217 0.05004382133483887 0.13821382820606232
3 0.7098369598388672 0.5028244256973267 0.01805410347878933 0.03544106334447861
3 0.7293350696563721 0.5247347950935364 0.04417075961828232 0.08377385139465332
