3 0.922327995300293 0.44783657789230347 0.015360641293227673 0.046057891100645065
3 0.8167057037353516 0.7256633043289185 0.14907117187976837 0.2538662850856781
3 0.2974177300930023 0.686072826385498 0.2662596106529236 0.6034257411956787
3 0.040134280920028687 0.5757359862327576 0.06801720708608627 0.19976568222045898
3 0.8982807397842407 0.7438124418258667 0.08158397674560547 0.23961305618286133
3 0.42135629057884216 0.6694315671920776 0.04605603218078613 0.13238525390625
3 0.14760425686836243 0.5475908517837524 0.031794749200344086 0.08400215953588486
3 0.1804419904947281 0.5416601896286011 0.02505671977996826 0.05299010127782822
3 0.05243255943059921 0.5973873138427734 0.025914615020155907 0.06730280071496964
3 0.11075033992528915 0.5679329633712769 0.03650040179491043 0.12318205833435059
3 0.07568830251693726 0.5657724738121033 0.050916604697704315 0.2074471414089203
3 0.6998645067214966 0.7135234475135803 0.09342479705810547 0.2233944833278656
3 0.4463617205619812 0.5456207990646362 0.035291291773319244 0.05515432357788086
