3 0.934242844581604 0.36992621421813965 0.040508173406124115 0.05441150814294815
3 0.7503946423530579 0.4308311343193054 0.07427477836608887 0.1988232135772705
3 0.08055894076824188 0.3856164515018463 0.034446775913238525 0.06313943862915039
3 0.480482816696167 0.40553855895996094 0.03335370868444443 0.17887330055236816
3 0.5956522226333618 0.40141114592552185 0.04118061065673828 0.10894346237182617
3 0.16668279469013214 0.3613446354866028 0.03678762912750244 0.03854095935821533
3 0.8497408032417297 0.40417593717575073 0.05756330490112305 0.12873825430870056
3 0.5658890008926392 0.38875812292099 0.02624964714050293 0.07936892658472061
3 0.3465714454650879 0.6288160085678101 0.33495503664016724 0.7437770962715149
3 0.5109571218490601 0.4045790731906891 0.029431676492094994 0.14665427803993225
3 0.1237395629286766 0.39901894330978394 0.07491280883550644 0.10526032745838165
3 0.633696973323822 0.40084949135780334 0.03720903396606445 0.11395349353551865
3 0.5313756465911865 0.4131326675415039 0.06600294262170792 0.16386628150939941
3 0.6774849891662598 0.4034109115600586 0.04199409484863281 0.10716261714696884
