3 0.6382634043693542 0.5081316828727722 0.028829336166381836 0.07380986213684082
3 0.06609976291656494 0.5117100477218628 0.03226565942168236 0.0908210277557373
3 0.8123819231987 0.6648205518722534 0.1819789856672287 0.4357473850250244
3 0.2228991538286209 0.4951017498970032 0.03467080742120743 0.0634622573852539
3 0.019616207107901573 0.5456122159957886 0.04145004227757454 0.1684398651123047
3 0.08763330429792404 0.5024451017379761 0.019495118409395218 0.05924858897924423
3 0.03399694710969925 0.4959581792354584 0.020147183910012245 0.04676809161901474
3 0.1960948407649994 0.5119079351425171 0.028358686715364456 0.07353224605321884
3 0.28667497634887695 0.658068060874939 0.18406523764133453 0.45981884002685547
3 0.9429283142089844 0.5016621351242065 0.020146751776337624 0.04817485809326172
3 0.9879301190376282 0.5053893327713013 0.021268177777528763 0.06045699119567871
3 0.538340151309967 0.6638952493667603 0.18141241371631622 0.48286986351013184
3 0.7597874402999878 0.5000370144844055 0.019375085830688477 0.04166712611913681
