3 0.7605663537979126 0.6460230946540833 0.0243377685546875 0.0907994732260704
3 0.6355677843093872 0.6365006566047668 0.026851415634155273 0.08002948760986328
3 0.4460696578025818 0.6271663904190063 0.01837186887860298 0.04633688926696777
3 0.85869961977005 0.6568869352340698 0.05881156772375107 0.1335282325744629
3 0.37933269143104553 0.6246438026428223 0.01642131805419922 0.048608969897031784
3 0.9798349142074585 0.6678718328475952 0.049210261553525925 0.201212078332901
3 0.2729252874851227 0.6379110217094421 0.19369804859161377 0.5681222677230835
3 0.41837769746780396 0.6243027448654175 0.016909360885620117 0.04516291618347168
3 0.6655319333076477 0.6344932913780212 0.024810314178466797 0.06817388534545898
3 0.7842197418212891 0.6435437202453613 0.04164409637451172 0.12371406704187393
3 0.3967461884021759 0.6257048845291138 0.015620946884155273 0.04798626899719238
3 0.9176467061042786 0.7125805020332336 0.047593116760253906 0.08819341659545898
3 0.36384037137031555 0.6326553225517273 0.020456362515687943 0.06840338557958603
3 0.7286607027053833 0.6409868001937866 0.03386712074279785 0.08920416980981827
3 0.5426779985427856 0.656886875629425 0.16167894005775452 0.4563623070716858
3 0.8197526931762695 0.649297833442688 0.03134441375732422 0.11868762969970703
