3 0.3155895471572876 0.4009062647819519 0.08161473274230957 0.10855698585510254
3 0.4380764961242676 0.6204285025596619 0.38428789377212524 0.758935809135437
3 0.6580004096031189 0.4552040100097656 0.08512687683105469 0.21211986243724823
3 0.19528354704380035 0.3930923342704773 0.052890993654727936 0.07718124240636826
3 0.7967421412467957 0.36589935421943665 0.0661172866821289 0.11977849155664444
3 0.8568827509880066 0.3633924126625061 0.061023712158203125 0.09753897041082382
3 0.9185158610343933 0.35417404770851135 0.08099670708179474 0.10721619427204132
3 0.7452977299690247 0.44513192772865295 0.07576751708984375 0.22225084900856018
3 0.5958090424537659 0.41164690256118774 0.0505160316824913 0.11501292884349823
3 0.24953067302703857 0.39245882630348206 0.06270118057727814 0.1163182258605957
