3 0.7256460785865784 0.6492823362350464 0.029330730438232422 0.08383703231811523
3 0.7676644325256348 0.6454788446426392 0.08775410801172256 0.24254918098449707
3 0.4441767632961273 0.617226243019104 0.5004793405532837 0.7646640539169312
3 0.8979060053825378 0.6216757893562317 0.1307489424943924 0.3573461174964905
3 0.11170268058776855 0.6229327321052551 0.03801010921597481 0.11415157467126846
3 0.981732964515686 0.6389877200126648 0.04093895107507706 0.28446149826049805
3 0.659786581993103 0.6408506631851196 0.04674649238586426 0.12819448113441467
3 0.14723768830299377 0.5974836349487305 0.040177881717681885 0.05388832092285156
3 0.6916519403457642 0.6460044384002686 0.03737020492553711 0.09586572647094727
3 0.605635941028595 0.627829909324646 0.06648564338684082 0.1433807909488678
3 0.16498641669750214 0.5952017307281494 0.07159958779811859 0.05276327207684517
3 0.8301296234130859 0.6448377370834351 0.03793153911828995 0.1289459764957428
