3 0.11610989272594452 0.5756853818893433 0.025502288714051247 0.03611588478088379
3 0.5902422666549683 0.5896387100219727 0.023803377524018288 0.08353595435619354
3 0.5638591051101685 0.5940343141555786 0.03360142558813095 0.09867797046899796
3 0.6647701263427734 0.5814685821533203 0.022412776947021484 0.06543751060962677
3 0.39956116676330566 0.7271634340286255 0.20602408051490784 0.5427522659301758
3 0.8018657565116882 0.6676656007766724 0.11287927627563477 0.23941874504089355
3 0.15482300519943237 0.5695667266845703 0.03431360796093941 0.06490802764892578
3 0.24871353805065155 0.7428953051567078 0.16326265037059784 0.5119564533233643
3 0.6899011731147766 0.5865113735198975 0.02753601036965847 0.07352790981531143
3 0.74150550365448 0.5833307504653931 0.02615037001669407 0.07636275142431259
3 0.851154625415802 0.6117647886276245 0.03295478969812393 0.08537659794092178
3 0.6150370836257935 0.592188835144043 0.03481125831604004 0.10135116428136826
3 0.5058339238166809 0.5976568460464478 0.03863954544067383 0.11923088878393173
3 0.7336332201957703 0.5818384885787964 0.03364062309265137 0.07915244251489639
3 0.6381484866142273 0.5924029350280762 0.023089170455932617 0.09250545501708984
