3 0.0429697260260582 0.3511952757835388 0.06531588733196259 0.06523101031780243
3 0.7518161535263062 0.4156956672668457 0.08315491676330566 0.21773383021354675
3 0.2789691686630249 0.4409976005554199 0.11601557582616806 0.2801080346107483
3 0.6478053331375122 0.3956087529659271 0.04852042347192764 0.14193907380104065
3 0.21694651246070862 0.3880246579647064 0.043538011610507965 0.11711855232715607
3 0.9111102819442749 0.4444848597049713 0.10973119735717773 0.31004801392555237
3 0.8529825210571289 0.4157586693763733 0.05988502502441406 0.21945695579051971
3 0.36795806884765625 0.3990909457206726 0.059503935277462006 0.14708411693572998
3 0.16673219203948975 0.4080325663089752 0.05271127074956894 0.15597715973854065
3 0.5144639611244202 0.5161087512969971 0.2106947898864746 0.6000323295593262
3 0.608655571937561 0.39086613059043884 0.03950610011816025 0.14191703498363495
3 0.6842214465141296 0.39172786474227905 0.03315243870019913 0.12086164951324463
