3 0.719468355178833 0.272861123085022 0.016220664605498314 0.05636239051818848
3 0.7629362940788269 0.29855185747146606 0.01571345329284668 0.02463405206799507
3 0.9020428657531738 0.335268497467041 0.017622947692871094 0.04138584062457085
3 0.793972373008728 0.6634773015975952 0.15634813904762268 0.4390755593776703
3 0.686439037322998 0.2696773409843445 0.014048099517822266 0.04836828634142876
3 0.4464185833930969 0.6295585036277771 0.01143260020762682 0.027158642187714577
3 0.27048707008361816 0.6510421633720398 0.1480272263288498 0.46211203932762146
3 0.7694984674453735 0.2951079308986664 0.02778029441833496 0.03919868543744087
3 0.9223294258117676 0.3221805989742279 0.017553139477968216 0.020685553550720215
3 0.4382712244987488 0.2063782662153244 0.04659252241253853 0.08489775657653809
3 0.5293633937835693 0.6481903791427612 0.15315961837768555 0.4349752962589264
3 0.7057991027832031 0.2686956524848938 0.0210400577634573 0.06134438514709473
3 0.7366266250610352 0.2697542607784271 0.021698569878935814 0.0730963945388794
3 0.9213255643844604 0.3366215229034424 0.020754432305693626 0.04851703718304634
