3 0.43099766969680786 0.22088825702667236 0.026379728689789772 0.09234428405761719
3 0.514571487903595 0.1096125990152359 0.021700477227568626 0.05208582803606987
3 0.48575639724731445 0.10189052671194077 0.023616503924131393 0.06273619830608368
3 0.6189720034599304 0.27202340960502625 0.04700198024511337 0.09867548942565918
3 0.5387805700302124 0.10419545322656631 0.020254135131835938 0.05981043726205826
3 0.5665173530578613 0.04015374928712845 0.013292121700942516 0.039686791598796844
3 0.33591482043266296 0.04902688413858414 0.013898325152695179 0.03714865446090698
3 0.7851144671440125 0.7990175485610962 0.05303368717432022 0.11737346649169922
3 0.56528240442276 0.10118918120861053 0.020633220672607422 0.05675415322184563
3 0.38771766424179077 0.05146200209856033 0.012364077381789684 0.03742627799510956
3 0.4568611979484558 0.18621991574764252 0.02153000794351101 0.07509748637676239
3 0.4998006224632263 0.1886885017156601 0.027825642377138138 0.07329165935516357
3 0.2217198610305786 0.11731000989675522 0.019778680056333542 0.06519605964422226
3 0.599957287311554 0.2013154923915863 0.02050933800637722 0.07343173027038574
3 0.14792215824127197 0.4131515622138977 0.04162909835577011 0.10670964419841766
3 0.34900137782096863 0.12061572074890137 0.02767467498779297 0.051984287798404694
3 0.02821870520710945 0.017814932391047478 0.024026552215218544 0.031219687312841415
3 0.5379239916801453 0.040201567113399506 0.012265587225556374 0.03229698911309242
3 0.5657979846000671 0.04028419777750969 0.014179706573486328 0.040057145059108734
3 0.4993179738521576 0.6218883395195007 0.05019073560833931 0.14172539114952087
3 0.3175714910030365 0.1271553337574005 0.026820659637451172 0.079600028693676
3 0.3006174862384796 0.3649264872074127 0.04571342468261719 0.10697128623723984
3 0.43049249053001404 0.11612695455551147 0.015339041128754616 0.049259550869464874
3 0.6174243092536926 0.21350893378257751 0.027449607849121094 0.06342284381389618
3 0.5517967343330383 0.039524223655462265 0.015555238351225853 0.04190855473279953
3 0.39366841316223145 0.11345188319683075 0.018813038244843483 0.05659828335046768
3 0.351635605096817 0.23410150408744812 0.03944385051727295 0.09171338379383087
3 0.41295433044433594 0.12047417461872101 0.020247602835297585 0.06030324846506119
3 0.5241950750350952 0.04401063174009323 0.013734102249145508 0.04241744428873062
3 0.21323338150978088 0.2718349099159241 0.04100382328033447 0.07943575084209442
3 0.9349954724311829 0.02342263236641884 0.026632022112607956 0.05010392144322395
3 0.5992072820663452 0.18180838227272034 0.019002104178071022 0.03613394498825073
3 0.3502843976020813 0.04725663736462593 0.016298770904541016 0.041155554354190826
3 0.9660388231277466 0.0280330590903759 0.024497032165527344 0.05699857324361801
3 0.5439775586128235 0.9068006277084351 0.07687010616064072 0.16401949524879456
3 0.5292822122573853 0.4751914143562317 0.05112051963806152 0.10222363471984863
3 0.3507288992404938 0.04708448424935341 0.01657896116375923 0.04121149331331253
3 0.4027612805366516 0.6427372694015503 0.04956395551562309 0.13078904151916504
3 0.07006044685840607 0.007522664964199066 0.02205236628651619 0.019364286214113235
3 0.7951838970184326 0.005491964053362608 0.024242114275693893 0.012733295559883118
3 0.5083325505256653 0.04505012184381485 0.013457298278808594 0.0415261909365654
3 0.47038307785987854 0.0792180672287941 0.013916254043579102 0.0410011000931263
3 0.5440650582313538 0.1969948559999466 0.026398658752441406 0.07564319670200348
3 0.45198264718055725 0.07770358771085739 0.016461659222841263 0.048431623727083206
3 0.2923133373260498 0.536388099193573 0.046042680740356445 0.11387457698583603
