3 0.8802533149719238 0.6369439959526062 0.009420966729521751 0.03257894515991211
3 0.7109805941581726 0.6390970945358276 0.009801149368286133 0.026095867156982422
3 0.9685392379760742 0.6419382691383362 0.010928821749985218 0.025638485327363014
3 0.6004096269607544 0.6394622325897217 0.008697176352143288 0.025365257635712624
3 0.9020977020263672 0.6847583651542664 0.051331233233213425 0.14418554306030273
3 0.9837261438369751 0.6899951100349426 0.03406400606036186 0.14606261253356934
3 0.7728151082992554 0.6658837199211121 0.02712264098227024 0.07978701591491699
3 0.4963235855102539 0.6381309032440186 0.011018181219696999 0.03236818313598633
3 0.3871707320213318 0.7596903443336487 0.11912266910076141 0.38068246841430664
3 0.8204511404037476 0.6603206396102905 0.03059415891766548 0.0846710205078125
3 0.5755549669265747 0.6384742259979248 0.008041858673095703 0.02141704596579075
3 0.48848041892051697 0.6402407884597778 0.010915565304458141 0.027576113119721413
3 0.6132375597953796 0.636688232421875 0.009718751534819603 0.030578995123505592
3 0.6675307750701904 0.6402221322059631 0.007575893308967352 0.02294301986694336
3 0.6986618638038635 0.6350321173667908 0.010433197021484375 0.027105236425995827
3 0.7891093492507935 0.6602050065994263 0.021958112716674805 0.08125367015600204
3 0.8579900860786438 0.661331057548523 0.03639650344848633 0.09605669975280762
