3 0.7358725070953369 0.651447057723999 0.07241811603307724 0.1862214058637619
3 0.6310549974441528 0.6389184594154358 0.031415700912475586 0.09735117107629776
3 0.05591330677270889 0.643006443977356 0.03343048691749573 0.10586667060852051
3 0.4253357946872711 0.6434432864189148 0.2080129086971283 0.6700303554534912
3 0.8527491688728333 0.654911458492279 0.07095394283533096 0.21184062957763672
3 0.6611745953559875 0.6481644511222839 0.0445249080657959 0.1496589183807373
3 0.029187316074967384 0.6260244250297546 0.059144116938114166 0.2131148874759674
3 0.978324294090271 0.6469959020614624 0.04937467724084854 0.233992338180542
3 0.5878494381904602 0.7584856152534485 0.17476153373718262 0.45582693815231323
3 0.22934821248054504 0.5886440277099609 0.2605615258216858 0.7601587772369385
3 0.9135724306106567 0.7134948968887329 0.05304012447595596 0.0926874652504921
3 0.15225505828857422 0.633611798286438 0.031057024374604225 0.12044811248779297
3 0.7890193462371826 0.6667184829711914 0.04747190326452255 0.18436603248119354
3 0.6895962953567505 0.6503269672393799 0.028050756081938744 0.1130366325378418
3 0.759968101978302 0.6557973623275757 0.028122758492827415 0.1766851842403412
