3 0.8420912027359009 0.5867002606391907 0.029093075543642044 0.0776529312133789
3 0.7423534393310547 0.5884379148483276 0.03782062605023384 0.07318472862243652
3 0.45284557342529297 0.5671964287757874 0.017432356253266335 0.03151082992553711
3 0.5591806769371033 0.5818930864334106 0.01969919167459011 0.05100855976343155
3 0.8505498766899109 0.6040723919868469 0.04032907634973526 0.09349522739648819
3 0.31392401456832886 0.7042518258094788 0.23607511818408966 0.5917235612869263
3 0.9868150949478149 0.6653074622154236 0.029979323968291283 0.09481515735387802
3 0.6590118408203125 0.5718055963516235 0.014004325494170189 0.025444746017456055
3 0.6927330493927002 0.5792162418365479 0.023184489458799362 0.04607105255126953
3 0.7215149998664856 0.5770626664161682 0.015975236892700195 0.034699536859989166
