1 0.6658622026443481 0.5278300046920776 0.02762284316122532 0.01851654052734375
1 0.7825145721435547 0.5669994354248047 0.22260284423828125 0.15114173293113708
1 0.983712375164032 0.5947421789169312 0.041532229632139206 0.14972081780433655
1 0.9153872728347778 0.5626619458198547 0.08552341163158417 0.09067916870117188
1 0.11533626168966293 0.5708153247833252 0.22727414965629578 0.14434757828712463
1 0.3597031831741333 0.5416243076324463 0.10669712722301483 0.03991851955652237
1 0.6312703490257263 0.5594562888145447 0.0690913200378418 0.02849111519753933
1 0.9798427820205688 0.5438205003738403 0.034323789179325104 0.05816998332738876
1 0.483953058719635 0.6629986763000488 0.6842553019523621 0.3206964135169983
1 0.5735260248184204 0.5522085428237915 0.05700874328613281 0.0399777889251709
