3 0.3998448848724365 0.7255975604057312 0.15945911407470703 0.483329713344574
3 0.8364616632461548 0.7411742210388184 0.20555028319358826 0.5197111368179321
3 0.4679243564605713 0.5468963384628296 0.02478199079632759 0.03885998576879501
3 0.9754831194877625 0.6557738780975342 0.052851296961307526 0.25348958373069763
3 0.9358461499214172 0.6030679941177368 0.04560518264770508 0.12021317332983017
3 0.6490886807441711 0.6724597215652466 0.09960708767175674 0.3601958751678467
3 0.12434250116348267 0.6915428042411804 0.2549137473106384 0.6175403594970703
3 0.28327029943466187 0.5149595141410828 0.02910001203417778 0.05413699150085449
3 0.32418960332870483 0.6479244828224182 0.07967638969421387 0.3316115438938141
3 0.24001774191856384 0.719081699848175 0.18593701720237732 0.5644840598106384
3 0.48760706186294556 0.5628888010978699 0.029117966070771217 0.06482577323913574
3 0.7773686647415161 0.5575093030929565 0.0332186222076416 0.04355454444885254
3 0.6993295550346375 0.5696032047271729 0.026063203811645508 0.05060901492834091
3 0.4883694052696228 0.6231821775436401 0.03465414047241211 0.18699106574058533
3 0.43584102392196655 0.5181924104690552 0.022867869585752487 0.025486325845122337
3 0.544524073600769 0.6663848161697388 0.13317856192588806 0.3743039071559906
3 0.44829273223876953 0.5720858573913574 0.05752839893102646 0.09512195736169815
3 0.36539945006370544 0.4964204728603363 0.026924610137939453 0.026156282052397728
3 0.7397533655166626 0.6308460235595703 0.06727385520935059 0.1919725388288498
