3 0.91259765625 0.5004008412361145 0.026993656530976295 0.07682404667139053
3 0.8175031542778015 0.6774225234985352 0.19485411047935486 0.509763777256012
3 0.6399408578872681 0.5060870051383972 0.036191701889038086 0.0833803191781044
3 0.10019493103027344 0.48898905515670776 0.020415306091308594 0.06671204417943954
3 0.9315077066421509 0.5133808851242065 0.0464167594909668 0.11282233893871307
3 0.19607046246528625 0.49636417627334595 0.028808414936065674 0.057276248931884766
3 0.2786388099193573 0.6544620394706726 0.19977527856826782 0.5281528234481812
3 0.6720367670059204 0.4870620667934418 0.025035524740815163 0.061216019093990326
3 0.020817715674638748 0.5335845947265625 0.043014250695705414 0.17245344817638397
3 0.12451262772083282 0.5013329386711121 0.03159066289663315 0.06640467792749405
3 0.9884675741195679 0.5059911012649536 0.024726485833525658 0.11473560333251953
3 0.15738575160503387 0.5095356702804565 0.03539510816335678 0.10446333885192871
3 0.7566075921058655 0.48771733045578003 0.02577218972146511 0.045743606984615326
3 0.07258735597133636 0.528673529624939 0.05817268043756485 0.15557941794395447
3 0.8863474726676941 0.4969545304775238 0.02483959123492241 0.058029793202877045
3 0.5396891832351685 0.6670213937759399 0.18482175469398499 0.5098205208778381
3 0.6933572888374329 0.48157912492752075 0.019624710083007812 0.046758223325014114
3 0.9610925912857056 0.5044432282447815 0.03162126615643501 0.10411424934864044
3 0.8644618988037109 0.4847652316093445 0.022492218762636185 0.02810049057006836
