1 0.491467148065567 0.6854475140571594 0.01743307150900364 0.01864027976989746
1 0.4522947669029236 0.6859785318374634 0.015275192447006702 0.012596368789672852
1 0.3927062153816223 0.6796599626541138 0.012021899223327637 0.01239619217813015
1 0.6156821250915527 0.6974009871482849 0.020062923431396484 0.028535842895507812
1 0.4287427067756653 0.6831587553024292 0.025944281369447708 0.025967836380004883
1 0.8277732133865356 0.7282989025115967 0.25473761558532715 0.08042898029088974
1 0.46681833267211914 0.6845502853393555 0.017785072326660156 0.01785259321331978
1 0.004041953478008509 0.7323626279830933 0.009248912334442139 0.08590855449438095
1 0.4664304852485657 0.6847392320632935 0.016683340072631836 0.017833709716796875
1 0.5092835426330566 0.688928484916687 0.02764420583844185 0.021285295486450195
1 0.17563572525978088 0.725754976272583 0.11174941062927246 0.08345222473144531
1 0.552839994430542 0.6920742988586426 0.03962087631225586 0.026640510186553
1 0.22767958045005798 0.6908320188522339 0.0427265390753746 0.013295412063598633
1 0.40449756383895874 0.7830389142036438 0.5136266350746155 0.18745994567871094
1 0.4174707531929016 0.6823225617408752 0.04635751247406006 0.029312992468476295
1 0.6503888368606567 0.6977146863937378 0.06498217582702637 0.040984392166137695
