3 0.2695796489715576 0.4093446135520935 0.0363430492579937 0.1467757225036621
3 0.3131501078605652 0.4485507011413574 0.08795563876628876 0.2493094950914383
3 0.7436096668243408 0.40487584471702576 0.06435022503137589 0.18322214484214783
3 0.12313227355480194 0.3653143346309662 0.021441316232085228 0.04791867733001709
3 0.7932076454162598 0.411181777715683 0.048064231872558594 0.16015243530273438
3 0.22009912133216858 0.4293437898159027 0.08251893520355225 0.20996740460395813
3 0.24816849827766418 0.40427523851394653 0.024765348061919212 0.13131241500377655
3 0.4359171986579895 0.38309401273727417 0.03355121612548828 0.0836176872253418
3 0.17863254249095917 0.3670579791069031 0.017921483144164085 0.03989379480481148
3 0.6331886053085327 0.3971937596797943 0.05077838897705078 0.1425727903842926
3 0.361197292804718 0.3917950987815857 0.03905026987195015 0.12325422465801239
3 0.5905508995056152 0.3631960451602936 0.0323948860168457 0.04412038251757622
3 0.532382607460022 0.5374383926391602 0.17783908545970917 0.5148606300354004
3 0.6757181286811829 0.39196673035621643 0.043196819722652435 0.13404300808906555
3 0.9955193400382996 0.3782704174518585 0.012253761291503906 0.05093235895037651
