3 0.4506950378417969 0.5780795812606812 0.05442629009485245 0.23674316704273224
3 0.0712144523859024 0.5867569446563721 0.053314775228500366 0.2879638671875
3 0.22097961604595184 0.5523495674133301 0.04831322282552719 0.20476722717285156
3 0.3497146964073181 0.6797295212745667 0.2878054678440094 0.6420785188674927
3 0.9006422162055969 0.6093973517417908 0.12981633841991425 0.3863781988620758
3 0.22043395042419434 0.5032171607017517 0.0425032377243042 0.10063524544239044
3 0.005212944932281971 0.47196173667907715 0.013692143373191357 0.03495826572179794
3 0.9784008264541626 0.6111210584640503 0.047222137451171875 0.34569311141967773
3 0.04815519601106644 0.5945876836776733 0.09815792739391327 0.30893102288246155
3 0.17149178683757782 0.6005321741104126 0.10108208656311035 0.30227065086364746
3 0.1026059165596962 0.5903094410896301 0.05004230886697769 0.25841984152793884
3 0.5954103469848633 0.653713047504425 0.2667427957057953 0.6918207406997681
3 0.7727081775665283 0.6143873333930969 0.103864386677742 0.31947898864746094
3 0.04114649444818497 0.2631407380104065 0.07572832703590393 0.15254582464694977
3 0.8393067121505737 0.6049063801765442 0.06319427490234375 0.3023775517940521
