3 0.055521607398986816 0.6648237109184265 0.032750628888607025 0.14867353439331055
3 0.40379762649536133 0.6553366780281067 0.07294313609600067 0.21541348099708557
3 0.8996471166610718 0.6207872629165649 0.13470181822776794 0.39676180481910706
3 0.0075650205835700035 0.6612168550491333 0.017835117876529694 0.16969504952430725
3 0.12547141313552856 0.6698682308197021 0.04375777393579483 0.14053478837013245
3 0.8025559186935425 0.7225046157836914 0.17432913184165955 0.45535963773727417
3 0.9826976656913757 0.6276298761367798 0.036391448229551315 0.27617669105529785
3 0.043499596416950226 0.6842182874679565 0.04281497746706009 0.13256597518920898
3 0.35274654626846313 0.6564944982528687 0.03292548656463623 0.10165896266698837
3 0.24260619282722473 0.534601628780365 0.26303356885910034 0.8678156733512878
3 0.14525413513183594 0.673954427242279 0.02339920960366726 0.12314033508300781
3 0.6646281480789185 0.6447737216949463 0.056055307388305664 0.1667098104953766
3 0.6253573298454285 0.6927792429924011 0.04319462925195694 0.08147416263818741
3 0.5111790299415588 0.5715318918228149 0.23800857365131378 0.7919511795043945
3 0.16044959425926208 0.6748098134994507 0.022130250930786133 0.08494758605957031
3 0.6948598623275757 0.6439056992530823 0.03619799762964249 0.10585498809814453
