3 0.04042455926537514 0.6461251974105835 0.017780417576432228 0.09215054661035538
3 0.8497815132141113 0.6109954118728638 0.08625278621912003 0.1778862476348877
3 0.9627354741096497 0.6508340835571289 0.07954426109790802 0.24262818694114685
3 0.2935158312320709 0.64079749584198 0.2641555666923523 0.4838171899318695
3 0.15166740119457245 0.647486686706543 0.03643421083688736 0.09775371849536896
3 0.09891651570796967 0.6439740061759949 0.04970415681600571 0.10611295700073242
3 0.6633795499801636 0.649145245552063 0.026177072897553444 0.09136567264795303
3 0.6904609799385071 0.6440852880477905 0.0475156307220459 0.1056525707244873
3 0.5366729497909546 0.6530467867851257 0.24376758933067322 0.43593940138816833
3 0.7337614297866821 0.632079005241394 0.04504084587097168 0.12752461433410645
3 0.7842185497283936 0.6245248913764954 0.05385313183069229 0.14840292930603027
