3 0.8891950845718384 0.49862998723983765 0.021095942705869675 0.0374908447265625
3 0.6056669354438782 0.5226237773895264 0.02855396270751953 0.06237754970788956
3 0.08411012589931488 0.5202332735061646 0.01684221625328064 0.06072068214416504
3 0.3212924599647522 0.5288898348808289 0.01871335506439209 0.08344950526952744
3 0.8553627133369446 0.5365201830863953 0.04906625673174858 0.08635316044092178
3 0.01601896807551384 0.5312460064888 0.03224923834204674 0.08966674655675888
3 0.9838272929191589 0.5421802401542664 0.034178733825683594 0.15286369621753693
3 0.29986876249313354 0.5283326506614685 0.029659509658813477 0.10280885547399521
3 0.2675882875919342 0.5268017053604126 0.03844001144170761 0.11259164661169052
3 0.22641806304454803 0.5283337235450745 0.0436859130859375 0.12029628455638885
3 0.6429094076156616 0.5266879200935364 0.0255416389554739 0.07309336960315704
3 0.35322970151901245 0.5170084238052368 0.01813960075378418 0.04360165446996689
3 0.13067130744457245 0.5188156962394714 0.02739795483648777 0.07284798473119736
3 0.03876757249236107 0.5104780197143555 0.015652352944016457 0.03199205547571182
3 0.9425196647644043 0.5037775039672852 0.024117087945342064 0.04029550403356552
3 0.5292471647262573 0.6303977966308594 0.13913536071777344 0.4259492754936218
3 0.7572669386863708 0.52374666929245 0.026180267333984375 0.07254552841186523
