3 0.3984955847263336 0.7681254148483276 0.1515457183122635 0.42965707182884216
3 0.641982913017273 0.635226845741272 0.030792856588959694 0.11857829242944717
3 0.31748896837234497 0.6389099359512329 0.039627861231565475 0.11162781715393066
3 0.8928395509719849 0.6931436657905579 0.09985389560461044 0.2583528459072113
3 0.10517175495624542 0.622644305229187 0.027955591678619385 0.043654680252075195
3 0.9806583523750305 0.6666742563247681 0.04100923612713814 0.2034299373626709
3 0.025653187185525894 0.6895731687545776 0.053389959037303925 0.25219011306762695
3 0.17485730350017548 0.62553870677948 0.04503220319747925 0.08580460399389267
3 0.2579365372657776 0.6892613172531128 0.09447228908538818 0.23715177178382874
3 0.45940035581588745 0.6468985676765442 0.029363442212343216 0.14333367347717285
3 0.7402583360671997 0.6374905109405518 0.04745135456323624 0.12234210968017578
3 0.6928306818008423 0.6481151580810547 0.026602888479828835 0.09119882434606552
3 0.844638466835022 0.6436594724655151 0.03888444975018501 0.1547435224056244
3 0.6679601669311523 0.6418800354003906 0.04535207897424698 0.13306427001953125
3 0.7974637150764465 0.6906281113624573 0.08882446587085724 0.23219843208789825
3 0.556797444820404 0.7501937747001648 0.1699376106262207 0.4673191010951996
