3 0.3922877311706543 0.6146092414855957 0.22050288319587708 0.7162361145019531
3 0.9164897799491882 0.6137460470199585 0.1439773589372635 0.37248262763023376
3 0.9809468984603882 0.6206453442573547 0.042188070714473724 0.34381094574928284
3 0.8506221771240234 0.5986654758453369 0.041834354400634766 0.16271086037158966
3 0.6453620195388794 0.7419659495353699 0.13365817070007324 0.4407581388950348
3 0.05813847854733467 0.641197919845581 0.11739514023065567 0.37671804428100586
3 0.26673048734664917 0.629597544670105 0.1657319813966751 0.6775976419448853
3 0.11855638027191162 0.5929006338119507 0.032580625265836716 0.07576737552881241
3 0.7819130420684814 0.6039837002754211 0.08255529403686523 0.22928118705749512
3 0.16479067504405975 0.5909755825996399 0.059532441198825836 0.1656496524810791
3 0.5804159045219421 0.6180515289306641 0.256124883890152 0.7280367612838745
3 0.8233051300048828 0.5943140983581543 0.029865359887480736 0.15421028435230255
3 0.7353599071502686 0.5907496213912964 0.03681812435388565 0.12293467670679092
