3 0.6695887446403503 0.500725269317627 0.01752338372170925 0.04866447299718857
3 0.24367785453796387 0.4689478874206543 0.012219762429594994 0.019879769533872604
3 0.10884690284729004 0.5489380359649658 0.05171089619398117 0.1900707185268402
3 0.2742043137550354 0.5703716278076172 0.0935765951871872 0.2731096148490906
3 0.9071359634399414 0.5885000228881836 0.11884603649377823 0.3268863558769226
3 0.6085591316223145 0.5100535750389099 0.03263378143310547 0.0838174819946289
3 0.22290687263011932 0.5231006741523743 0.042864132672548294 0.14188027381896973
3 0.9863179922103882 0.5725794434547424 0.03147716447710991 0.2486676275730133
3 0.8040021657943726 0.49052754044532776 0.015606259927153587 0.0481107234954834
3 0.05295165255665779 0.6162530779838562 0.10769561678171158 0.39919930696487427
3 0.3216986656188965 0.5157670974731445 0.01749901846051216 0.07259907573461533
3 0.4300197660923004 0.5011142492294312 0.01957068406045437 0.05538906902074814
3 0.15490147471427917 0.5474205017089844 0.06702963262796402 0.20556020736694336
3 0.6907857060432434 0.5121305584907532 0.02678832970559597 0.09049458801746368
3 0.6422213315963745 0.5154565572738647 0.0316622257232666 0.0935370922088623
3 0.35276371240615845 0.5121316909790039 0.025519777089357376 0.08249177783727646
3 0.5198288559913635 0.6256086230278015 0.16277790069580078 0.4930908679962158
3 0.38383907079696655 0.5188762545585632 0.03784632682800293 0.1055760383605957
3 0.7538803815841675 0.5104525089263916 0.030814409255981445 0.0781097412109375
