3 0.8848970532417297 0.513684093952179 0.02448291704058647 0.09010787308216095
3 0.43209561705589294 0.5023670196533203 0.03176750987768173 0.07007122039794922
3 0.7778432965278625 0.6663781404495239 0.15495014190673828 0.5055165886878967
3 0.07453133165836334 0.5368925929069519 0.050356607884168625 0.1760484278202057
3 0.6341783404350281 0.5139074325561523 0.04972019046545029 0.11456427723169327
3 0.9838027954101562 0.531318187713623 0.03910713270306587 0.1674252450466156
3 0.9355959892272949 0.5153090953826904 0.038167379796504974 0.10213613510131836
3 0.38194936513900757 0.5079901814460754 0.03089594841003418 0.08396320044994354
3 0.1265297681093216 0.502855122089386 0.033955492079257965 0.07312426716089249
3 0.2521398663520813 0.6862149238586426 0.19083227217197418 0.4398508071899414
3 0.1733652651309967 0.4989739954471588 0.023590028285980225 0.050501156598329544
3 0.3552855849266052 0.511240541934967 0.033962249755859375 0.08808889240026474
3 0.02472834661602974 0.5548986196517944 0.05532718822360039 0.208170086145401
3 0.5310346484184265 0.6716179251670837 0.19430693984031677 0.4986422657966614
3 0.8583154678344727 0.5043357610702515 0.02766256406903267 0.07373680919408798
3 0.6894432306289673 0.5109790563583374 0.042284347116947174 0.10967659950256348
