3 0.6827576160430908 0.5923768281936646 0.039054203778505325 0.1209867000579834
3 0.9106639623641968 0.6782706379890442 0.16808995604515076 0.501820981502533
3 0.11665425449609756 0.5820331573486328 0.0317925326526165 0.10000362247228622
3 0.9890823364257812 0.6792569756507874 0.02522754669189453 0.37334394454956055
3 0.2104397714138031 0.7013985514640808 0.10008414834737778 0.4612976014614105
3 0.6420413851737976 0.6606358289718628 0.08523964881896973 0.32272711396217346
3 0.07582936435937881 0.7078983783721924 0.15475401282310486 0.5837303996086121
3 0.16036131978034973 0.6544426679611206 0.06841462850570679 0.2971149981021881
3 0.7326424717903137 0.6084553003311157 0.0507875457406044 0.1656641960144043
3 0.7958990931510925 0.6587167978286743 0.09231720119714737 0.35238808393478394
3 0.43124526739120483 0.6493874788284302 0.3990922272205353 0.7002520561218262
3 0.55995774269104 0.5974782705307007 0.11566819995641708 0.3230527341365814
