3 0.433279812335968 0.5197982788085938 0.027798796072602272 0.06026969105005264
3 0.6704383492469788 0.512627124786377 0.01959695853292942 0.03941845893859863
3 0.39037859439849854 0.5216463804244995 0.030643891543149948 0.08089981228113174
3 0.8583076596260071 0.5359848141670227 0.04097099229693413 0.1316819190979004
3 0.13481169939041138 0.5005742907524109 0.017937636002898216 0.05735506862401962
3 0.9815654754638672 0.5359238386154175 0.04136962816119194 0.1711302250623703
3 0.054335881024599075 0.597741425037384 0.11340336501598358 0.3633882999420166
3 0.3600676357746124 0.5300019383430481 0.03409695625305176 0.10254192352294922
3 0.28646716475486755 0.55061274766922 0.07870538532733917 0.19944553077220917
3 0.2263898402452469 0.525865912437439 0.045387767255306244 0.11964273452758789
3 0.33825457096099854 0.517555296421051 0.033064842224121094 0.09042558819055557
3 0.1106385737657547 0.5331453680992126 0.05094774439930916 0.15520533919334412
3 0.5320560932159424 0.5985776782035828 0.13468369841575623 0.4049268662929535
3 0.6135483384132385 0.5138394832611084 0.022515296936035156 0.04534101486206055
3 0.645368754863739 0.5195088386535645 0.022943496704101562 0.05808091163635254
3 0.7612927556037903 0.5258444547653198 0.030869340524077415 0.08438649028539658
