3 0.7876696586608887 0.5935503840446472 0.055425118654966354 0.13133201003074646
3 0.4015185832977295 0.6074047088623047 0.29603108763694763 0.7846356630325317
3 0.9107505679130554 0.6036516427993774 0.12399359047412872 0.3551953434944153
3 0.5496896505355835 0.61112380027771 0.09939908981323242 0.28240156173706055
3 0.05831468850374222 0.6148802042007446 0.12078305333852768 0.38455262780189514
3 0.2824762463569641 0.6177962422370911 0.05102646350860596 0.19619140028953552
3 0.7273963093757629 0.5806387066841125 0.0244279857724905 0.0905986800789833
3 0.6343246698379517 0.5826974511146545 0.027950763702392578 0.08299265056848526
3 0.1371823102235794 0.5436505079269409 0.07223572582006454 0.11123275756835938
3 0.6941301226615906 0.5769994258880615 0.02176818810403347 0.0533137321472168
3 0.6669319868087769 0.5837321281433105 0.026799440383911133 0.08336935192346573
3 0.8406354784965515 0.5549190640449524 0.01995868608355522 0.04513239860534668
3 0.6117407083511353 0.5799506306648254 0.022359609603881836 0.07052745670080185
3 0.21300539374351501 0.5377646684646606 0.06895055621862411 0.10286569595336914
3 0.7362143397331238 0.578680157661438 0.04079127311706543 0.09643445163965225
