3 0.7867816686630249 0.6689143776893616 0.19349560141563416 0.5519286394119263
3 0.4190000593662262 0.5187962651252747 0.03238987922668457 0.09762096405029297
3 0.06819655746221542 0.5476785898208618 0.05283364653587341 0.19585204124450684
3 0.2702808082103729 0.635676383972168 0.21331338584423065 0.562272846698761
3 0.6373163461685181 0.5214002132415771 0.040143825113773346 0.10785360634326935
3 0.12767359614372253 0.5420516729354858 0.035183586180210114 0.13947653770446777
3 0.9860614538192749 0.5709237456321716 0.03460512310266495 0.24869069457054138
3 0.8761647939682007 0.5391401052474976 0.04272336885333061 0.13702568411827087
3 0.02684231661260128 0.5482495427131653 0.05750744789838791 0.2198893129825592
3 0.10249906778335571 0.5419298410415649 0.04059090092778206 0.1601424217224121
3 0.6669098138809204 0.5191399455070496 0.016184091567993164 0.08670306205749512
3 0.3658854365348816 0.5156720280647278 0.02186429500579834 0.07082710415124893
3 0.1573190838098526 0.5263711214065552 0.04185819625854492 0.1451164186000824
3 0.9347651600837708 0.5372006893157959 0.03985614702105522 0.1389998495578766
3 0.5293679237365723 0.6460467576980591 0.21205559372901917 0.5570025444030762
3 0.6878349184989929 0.5165295600891113 0.0401151180267334 0.11706457287073135
