3 0.5400680303573608 0.4685402810573578 0.06468472629785538 0.28686127066612244
3 0.9592188000679016 0.3712810277938843 0.06445741653442383 0.07696299254894257
3 0.6806979179382324 0.5725457668304443 0.3783983290195465 0.8522904515266418
3 0.49166908860206604 0.47551918029785156 0.07329215854406357 0.3401293158531189
3 0.9059188961982727 0.5472685694694519 0.15361204743385315 0.5142672061920166
3 0.18331262469291687 0.4479915499687195 0.05821683257818222 0.2704322338104248
3 0.34003472328186035 0.5787839889526367 0.3154786229133606 0.842298150062561
3 0.9847895503044128 0.5279477834701538 0.0345064178109169 0.3444092273712158
3 0.06361477822065353 0.5354843139648438 0.12988242506980896 0.5430494546890259
3 0.13278505206108093 0.4261339604854584 0.06084084510803223 0.1776505410671234
3 0.5382329821586609 0.3800254166126251 0.05874481052160263 0.10972609370946884
