3 0.7699894905090332 0.6709969639778137 0.21911239624023438 0.6493898630142212
3 0.912874698638916 0.6193698048591614 0.10210990905761719 0.39099177718162537
3 0.4048404097557068 0.6569437980651855 0.06391894817352295 0.20698872208595276
3 0.029339248314499855 0.6432919502258301 0.06123167276382446 0.3147720396518707
3 0.980587363243103 0.6327787637710571 0.046042345464229584 0.3693195879459381
3 0.3554305136203766 0.6542683839797974 0.046752382069826126 0.16509652137756348
3 0.2589954435825348 0.6856361627578735 0.20983199775218964 0.6090065836906433
3 0.10511815547943115 0.6521631479263306 0.03737426921725273 0.17593064904212952
3 0.14874014258384705 0.6575815081596375 0.07600768655538559 0.24664044380187988
3 0.0605342872440815 0.6425563097000122 0.05275499075651169 0.18803247809410095
3 0.6088113188743591 0.6652079224586487 0.06696748733520508 0.17968091368675232
3 0.49891576170921326 0.7093899250030518 0.18711337447166443 0.5753976106643677
3 0.6729751229286194 0.6437905430793762 0.05188760906457901 0.1727888584136963
