3 0.6658344268798828 0.5877016186714172 0.024747466668486595 0.08652496337890625
3 0.7835519909858704 0.6142769455909729 0.06582331657409668 0.1755904257297516
3 0.27634161710739136 0.63255774974823 0.17698608338832855 0.48862189054489136
3 0.9039188623428345 0.6361084580421448 0.09740610420703888 0.2485094964504242
3 0.15358427166938782 0.6028246879577637 0.03536635637283325 0.13838472962379456
3 0.9753753542900085 0.6481198072433472 0.05128030851483345 0.23564553260803223
3 0.8131687045097351 0.5944341421127319 0.022661685943603516 0.10988020896911621
3 0.4515037536621094 0.5959134101867676 0.04315934330224991 0.10955391079187393
3 0.030093083158135414 0.6131170988082886 0.06222466751933098 0.19997167587280273
3 0.11966188251972198 0.5998638272285461 0.02137831412255764 0.1053226962685585
3 0.3606177866458893 0.6017071604728699 0.05606889724731445 0.13956332206726074
3 0.39605170488357544 0.5933112502098083 0.02809286117553711 0.09707460552453995
3 0.06966773420572281 0.6073248982429504 0.036841560155153275 0.13164368271827698
3 0.18202058970928192 0.6066925525665283 0.046937085688114166 0.16622857749462128
3 0.10542219877243042 0.6068034172058105 0.04832075163722038 0.12883739173412323
3 0.6907785534858704 0.5892379283905029 0.02863931655883789 0.07473249733448029
3 0.04550233855843544 0.6707348227500916 0.019425828009843826 0.06461858749389648
3 0.6388940811157227 0.5957642793655396 0.03468151018023491 0.10263476520776749
3 0.8447402119636536 0.6217395067214966 0.05840873718261719 0.18256068229675293
3 0.5323687791824341 0.6310893893241882 0.1767517626285553 0.49614661931991577
3 0.42143845558166504 0.5870789289474487 0.023467350751161575 0.08229231834411621
3 0.7344897389411926 0.5944473743438721 0.0408998504281044 0.11850366741418839
