3 0.5530110597610474 0.8110264539718628 0.014176130294799805 0.07390284538269043
3 0.0474308542907238 0.7870871424674988 0.037116024643182755 0.05126514285802841
3 0.6055964231491089 0.7946885228157043 0.018100738525390625 0.08657612651586533
3 0.6528979539871216 0.7710469365119934 0.026172781363129616 0.10613594204187393
3 0.7857204079627991 0.7730420827865601 0.14309683442115784 0.34600991010665894
3 0.622527003288269 0.7855541110038757 0.026905298233032227 0.07446503639221191
3 0.42051735520362854 0.774627685546875 0.06763751804828644 0.19121436774730682
3 0.8980220556259155 0.7801717519760132 0.08469800651073456 0.22561931610107422
3 0.011370480991899967 0.8257430195808411 0.02253870479762554 0.09445057064294815
3 0.9672538638114929 0.7917022705078125 0.035712432116270065 0.11644916236400604
3 0.4862596392631531 0.7866994738578796 0.035298921167850494 0.11141905933618546
3 0.34379249811172485 0.776302695274353 0.036853957921266556 0.11192412674427032
3 0.46032270789146423 0.7865408062934875 0.026278018951416016 0.11551861464977264
3 0.36336198449134827 0.7918667793273926 0.03800172731280327 0.10992240905761719
3 0.9875642657279968 0.7584747076034546 0.02290496788918972 0.04607129096984863
3 0.2470860481262207 0.7415876388549805 0.12151002883911133 0.4073735773563385
3 0.0733487457036972 0.7880262732505798 0.04001470282673836 0.07957868278026581
3 0.18553724884986877 0.7858022451400757 0.0518389455974102 0.16915854811668396
3 0.3830193877220154 0.7918060421943665 0.022640157490968704 0.10708770900964737
3 0.11741094291210175 0.7640529870986938 0.07201381772756577 0.21346187591552734
3 0.9930000305175781 0.8062770962715149 0.019365597516298294 0.09423904120922089
3 0.547848641872406 0.7155541777610779 0.19795703887939453 0.5460610389709473
3 0.7166155576705933 0.7943969964981079 0.04044771194458008 0.08512020111083984
3 0.6704920530319214 0.7859336733818054 0.03703927993774414 0.11683368682861328
3 0.8382002115249634 0.7680659890174866 0.04410047456622124 0.22484521567821503
3 0.7256587743759155 0.8065093159675598 0.026126528158783913 0.061040449887514114
