3 0.7197640538215637 0.5546519160270691 0.308798223733902 0.7669047117233276
3 0.9275186657905579 0.5153385996818542 0.053247928619384766 0.15682467818260193
3 0.16322548687458038 0.5149948000907898 0.042555369436740875 0.0885687842965126
3 0.5279095768928528 0.5119689106941223 0.041841983795166016 0.1443643569946289
3 0.0908164456486702 0.5071887969970703 0.028572093695402145 0.09511871635913849
3 0.985052227973938 0.520061194896698 0.03272991254925728 0.14905710518360138
3 0.48950281739234924 0.5140891075134277 0.04019169881939888 0.11625500023365021
3 0.03606773167848587 0.531692624092102 0.07527156919240952 0.25107479095458984
3 0.383835107088089 0.49069786071777344 0.03545517846941948 0.06231393665075302
3 0.12700453400611877 0.5085870027542114 0.034745872020721436 0.09463095664978027
3 0.27719223499298096 0.5905838012695312 0.2960723340511322 0.710598349571228
3 0.5550563931465149 0.5171133875846863 0.031204700469970703 0.14396491646766663
3 0.8829572796821594 0.5083373785018921 0.030413532629609108 0.08884301036596298
