3 0.87188321352005 0.5152350664138794 0.05158815532922745 0.08799552917480469
3 0.9144140481948853 0.5307762622833252 0.048476506024599075 0.0868215560913086
3 0.42672157287597656 0.5610136985778809 0.04240817949175835 0.12329788506031036
3 0.2777788043022156 0.6200664639472961 0.07955813407897949 0.25528693199157715
3 0.6287177801132202 0.5760015249252319 0.05603790283203125 0.18997526168823242
3 0.23667554557323456 0.5300073623657227 0.04253952577710152 0.055508803576231
3 0.605090320110321 0.5886282920837402 0.027441835030913353 0.1509852409362793
3 0.5309160947799683 0.6470524072647095 0.13879156112670898 0.4141468107700348
3 0.5876145362854004 0.5144873857498169 0.026665687561035156 0.04245424270629883
3 0.8142164945602417 0.5251141786575317 0.040851544588804245 0.058377932757139206
