3 0.38926467299461365 0.617414116859436 0.041948605328798294 0.1979268491268158
3 0.11441191285848618 0.6224552392959595 0.07510589063167572 0.2971445620059967
3 0.8028872609138489 0.6685341596603394 0.22027984261512756 0.6054056882858276
3 0.35437095165252686 0.6170227527618408 0.04223756864666939 0.1987954080104828
3 0.2374277561903 0.6330231428146362 0.24388408660888672 0.648133397102356
3 0.6477996706962585 0.618597149848938 0.08606257289648056 0.24179606139659882
3 0.0362766869366169 0.6092654466629028 0.07591938972473145 0.30554628372192383
3 0.982925295829773 0.5504375100135803 0.036379050463438034 0.09513664245605469
3 0.5071497559547424 0.6700617074966431 0.2247098982334137 0.619171142578125
3 0.7064151167869568 0.6170222759246826 0.06796884536743164 0.23032808303833008
3 0.9105645418167114 0.5395193696022034 0.04752922058105469 0.119306281208992
