3 0.4419616758823395 0.537339448928833 0.06923212856054306 0.24008874595165253
3 0.2652125954627991 0.4947148263454437 0.046990346163511276 0.08511824905872345
3 0.38495150208473206 0.6145743727684021 0.12992504239082336 0.36829566955566406
3 0.29637235403060913 0.501287579536438 0.05043375492095947 0.12187419086694717
3 0.32212111353874207 0.48093122243881226 0.03159909322857857 0.10675058513879776
3 0.7954567074775696 0.4813598692417145 0.02878871001303196 0.04003310203552246
3 0.7210248708724976 0.48208433389663696 0.05712103843688965 0.1041034683585167
3 0.6837166547775269 0.4912758469581604 0.04382205009460449 0.0879678726196289
3 0.6911265850067139 0.46947067975997925 0.025432873517274857 0.04471321031451225
3 0.3453269600868225 0.47688132524490356 0.035659004002809525 0.04678473621606827
3 0.8336240649223328 0.46107202768325806 0.033867646008729935 0.047080326825380325
3 0.5361667275428772 0.6449264287948608 0.17108240723609924 0.46634641289711
3 0.629580557346344 0.5582334995269775 0.08249330520629883 0.2667554020881653
3 0.3229601979255676 0.4541844427585602 0.032048821449279785 0.05376434326171875
3 0.5847686529159546 0.4543556272983551 0.04276585578918457 0.05502662807703018
3 0.2693037986755371 0.7280925512313843 0.08022832870483398 0.14822959899902344
