3 0.6054731607437134 0.5468260049819946 0.03633856773376465 0.07136311382055283
3 0.16313762962818146 0.5532832145690918 0.053279124200344086 0.10110358893871307
3 0.4109416604042053 0.6447077989578247 0.0790330171585083 0.30005383491516113
3 0.30491918325424194 0.6300580501556396 0.061948180198669434 0.2791668772697449
3 0.3555750250816345 0.6217171549797058 0.05346500873565674 0.23646488785743713
3 0.7655664682388306 0.5688098669052124 0.08854784816503525 0.14820046722888947
3 0.30435213446617126 0.5627182722091675 0.06181991100311279 0.1432492733001709
3 0.25357162952423096 0.7050462961196899 0.17585186660289764 0.4742411673069
3 0.8593454360961914 0.5386239290237427 0.061312485486269 0.07404074817895889
3 0.5216382145881653 0.6963707804679871 0.19989046454429626 0.5188695192337036
3 0.3228457272052765 0.5240942239761353 0.019269943237304688 0.04425787925720215
3 0.6503336429595947 0.6168952584266663 0.08171530067920685 0.23589134216308594
3 0.7946494817733765 0.5399826765060425 0.04218444973230362 0.05741371959447861
