3 0.7334086894989014 0.5553133487701416 0.07311191409826279 0.27398547530174255
3 0.3481593728065491 0.49208077788352966 0.031055569648742676 0.06380925327539444
3 0.8771275281906128 0.5047419667243958 0.06242961809039116 0.13905510306358337
3 0.14850953221321106 0.6167697906494141 0.098831407725811 0.368570476770401
3 0.42777690291404724 0.541893720626831 0.045746468007564545 0.15764817595481873
3 0.3032401204109192 0.5690854787826538 0.08197891712188721 0.2371140420436859
3 0.4541516900062561 0.5303344130516052 0.02599649503827095 0.14876317977905273
3 0.6289460062980652 0.5378836393356323 0.06578049808740616 0.20782914757728577
3 0.38555708527565 0.4991759657859802 0.04917700216174126 0.08255958557128906
3 0.5457555055618286 0.6589862704277039 0.16755032539367676 0.4599357545375824
3 0.4752190113067627 0.5056453943252563 0.043445684015750885 0.09530100971460342
3 0.6797422170639038 0.530689001083374 0.04896130412817001 0.16542616486549377
3 0.5809505581855774 0.464590460062027 0.028841018676757812 0.037081003189086914
3 0.6829587817192078 0.49023184180259705 0.042148590087890625 0.08394412696361542
