3 0.9240589141845703 0.4975129961967468 0.05654897540807724 0.052297163754701614
3 0.9777067303657532 0.4953840374946594 0.04625387117266655 0.07910867035388947
3 0.843226432800293 0.7451517581939697 0.2910596430301666 0.5161513090133667
3 0.26077961921691895 0.7113267183303833 0.16070914268493652 0.47797006368637085
3 0.9728313684463501 0.7573657631874084 0.06124086305499077 0.46801918745040894
3 0.925386905670166 0.582912802696228 0.07695655524730682 0.1418476104736328
3 0.10191798210144043 0.7096611261367798 0.20725426077842712 0.5821729898452759
3 0.21465936303138733 0.5417832732200623 0.07439199835062027 0.15502843260765076
3 0.35004860162734985 0.5363368988037109 0.04686117172241211 0.10510711371898651
3 0.14221110939979553 0.5183929204940796 0.07253286987543106 0.09622359275817871
3 0.17455308139324188 0.634431004524231 0.06782708317041397 0.14449945092201233
3 0.1784719079732895 0.7510043978691101 0.07460501044988632 0.3784194886684418
3 0.7909775972366333 0.4857063889503479 0.03611569479107857 0.03628244251012802
3 0.13999520242214203 0.6118297576904297 0.07702922821044922 0.16526107490062714
3 0.8907620310783386 0.49227485060691833 0.030477333813905716 0.049802206456661224
3 0.7200871706008911 0.5464639067649841 0.06991467624902725 0.11606226116418839
3 0.6503242254257202 0.6242298483848572 0.12068819999694824 0.2953272759914398
3 0.9296427965164185 0.7428218722343445 0.0856843963265419 0.4622316360473633
3 0.7405970692634583 0.7405019402503967 0.0998285785317421 0.4941723942756653
3 0.4730575978755951 0.7001752257347107 0.47910165786743164 0.5994763374328613
3 0.7420196533203125 0.5898438096046448 0.09717483818531036 0.19279146194458008
