3 0.04540478065609932 0.4869721829891205 0.0200257059186697 0.07181568443775177
3 0.6801431179046631 0.6219547986984253 0.41504889726638794 0.7565021514892578
3 0.3089103102684021 0.6388904452323914 0.34619393944740295 0.7247729897499084
3 0.020260879769921303 0.5328868627548218 0.04128626734018326 0.2026073932647705
3 0.9877470135688782 0.5067837238311768 0.02634458616375923 0.11202678829431534
3 0.09551652520895004 0.48179036378860474 0.01735261082649231 0.05680227279663086
3 0.08360889554023743 0.500967800617218 0.023906314745545387 0.0972040668129921
3 0.06441338360309601 0.5040642023086548 0.03112906590104103 0.10976233333349228
3 0.12692750990390778 0.49678173661231995 0.034773826599121094 0.09639372676610947
3 0.9372817873954773 0.5097867846488953 0.038327407091856 0.10898318141698837
