3 0.40303850173950195 0.6331374645233154 0.04637568071484566 0.1075519546866417
3 0.8197522163391113 0.6963531970977783 0.3000887334346771 0.6101811528205872
3 0.9791288375854492 0.6675639152526855 0.045183561742305756 0.1956169158220291
3 0.03559602424502373 0.6790915131568909 0.07079020887613297 0.24306631088256836
3 0.3721109926700592 0.6057586669921875 0.0355655662715435 0.05857419967651367
3 0.24102206528186798 0.7137498259544373 0.3147311508655548 0.5724467039108276
3 0.10906956344842911 0.6538118124008179 0.05010715872049332 0.1667855679988861
3 0.14684394001960754 0.5881702303886414 0.020844995975494385 0.024008750915527344
3 0.0749683827161789 0.66460782289505 0.050993721932172775 0.20030522346496582
3 0.9396628141403198 0.608130931854248 0.03031158447265625 0.057592011988162994
3 0.9612886309623718 0.6218458414077759 0.02682943269610405 0.07702994346618652
3 0.5500802993774414 0.7128812074661255 0.31162217259407043 0.5719407200813293
3 0.661238431930542 0.6011958122253418 0.02870969846844673 0.0549069419503212
