3 0.693320631980896 0.598802387714386 0.01833510398864746 0.04290461540222168
3 0.7786601185798645 0.6517672538757324 0.06771717220544815 0.24253931641578674
3 0.6666631102561951 0.5984596014022827 0.019801044836640358 0.04357409477233887
3 0.0747186541557312 0.6330085396766663 0.04320793226361275 0.13984671235084534
3 0.358805775642395 0.6307798624038696 0.052007198333740234 0.14202237129211426
3 0.40495187044143677 0.6284950375556946 0.04120220988988876 0.13337993621826172
3 0.608390212059021 0.6096771955490112 0.026889467611908913 0.08452582359313965
3 0.15005667507648468 0.6105694770812988 0.02632308006286621 0.07482385635375977
3 0.9787328839302063 0.63046795129776 0.045662689954042435 0.15792131423950195
3 0.03282171115279198 0.638787567615509 0.06615136563777924 0.1547713279724121
3 0.2748897075653076 0.6984906792640686 0.15678095817565918 0.3990151286125183
3 0.1133931502699852 0.6192280650138855 0.03662196919322014 0.10239958763122559
3 0.8966121673583984 0.61067795753479 0.02716035768389702 0.07600565254688263
3 0.8548721075057983 0.6565881967544556 0.09700250625610352 0.24101662635803223
3 0.528136670589447 0.6938294768333435 0.15620240569114685 0.4290074408054352
3 0.6387360692024231 0.6104196310043335 0.027166366577148438 0.07069649547338486
