3 0.1344897300004959 0.569830060005188 0.030537331476807594 0.16215920448303223
3 0.21991276741027832 0.5885815620422363 0.03922269493341446 0.21653786301612854
3 0.17330729961395264 0.5809162259101868 0.06681780517101288 0.18119840323925018
3 0.4088197648525238 0.5855493545532227 0.05130348354578018 0.18727922439575195
3 0.9199398159980774 0.6188438534736633 0.14294882118701935 0.38758596777915955
3 0.10959523916244507 0.5686986446380615 0.04838871955871582 0.19338122010231018
3 0.9866086840629578 0.6320051550865173 0.03348865360021591 0.36741170287132263
3 0.05619078874588013 0.6307531595230103 0.1147533431649208 0.39948511123657227
3 0.2748022973537445 0.6270756125450134 0.13773660361766815 0.3826703131198883
3 0.7700861692428589 0.5574538111686707 0.06117663532495499 0.13486790657043457
3 0.7288175225257874 0.5620080232620239 0.02586841583251953 0.1138455867767334
3 0.6641847491264343 0.5521048307418823 0.025813674554228783 0.09332966804504395
3 0.5353593826293945 0.6634269952774048 0.20347175002098083 0.5834509134292603
3 0.3631511926651001 0.594843327999115 0.05808062478899956 0.20648165047168732
3 0.21778002381324768 0.5080505609512329 0.031258322298526764 0.057164810597896576
3 0.6379712224006653 0.5496991276741028 0.03369903564453125 0.10180807113647461
3 0.6948989629745483 0.5540220737457275 0.03309464454650879 0.10347700119018555
3 0.8300120234489441 0.5544654130935669 0.041422080248594284 0.11313366889953613
3 0.7902767658233643 0.5660271048545837 0.03362474590539932 0.1203986182808876
