3 0.508468508720398 0.49052295088768005 0.01660323143005371 0.06051630899310112
3 0.3888096213340759 0.648845374584198 0.2394440621137619 0.5177713632583618
3 0.9018052816390991 0.5733388662338257 0.11521043628454208 0.2991943359375
3 0.5611798167228699 0.5065420866012573 0.038580894470214844 0.10733351856470108
3 0.19154538214206696 0.48991233110427856 0.019486451521515846 0.06083197519183159
3 0.04915668070316315 0.6026119589805603 0.09879057109355927 0.3732186257839203
3 0.22318513691425323 0.5193373560905457 0.04670370742678642 0.13407263159751892
3 0.48221874237060547 0.4988173842430115 0.029116058722138405 0.07332191616296768
3 0.6902308464050293 0.506392776966095 0.03457307815551758 0.10059471428394318
3 0.26740244030952454 0.5430961847305298 0.056729745119810104 0.18629369139671326
3 0.10290665924549103 0.514117419719696 0.03652733564376831 0.12036929279565811
3 0.6112114191055298 0.5095832347869873 0.03091120719909668 0.09292659908533096
3 0.5268133878707886 0.5059350728988647 0.03141379356384277 0.08573117107152939
3 0.9883258938789368 0.4888584017753601 0.027990341186523438 0.08185996860265732
3 0.6639431715011597 0.49588340520858765 0.02320399321615696 0.07795725017786026
3 0.6403882503509521 0.5045855641365051 0.032253168523311615 0.10090494155883789
