3 0.15718182921409607 0.7038747668266296 0.05356830358505249 0.13385772705078125
3 0.673984169960022 0.666274905204773 0.04756274074316025 0.13111910223960876
3 0.03226984664797783 0.6576663255691528 0.04878958314657211 0.08070564270019531
3 0.1912802755832672 0.6590614318847656 0.044251859188079834 0.07357387244701385
3 0.326611191034317 0.6877163648605347 0.2272801697254181 0.6290265321731567
3 0.7982445955276489 0.691321611404419 0.08007669448852539 0.22916822135448456
3 0.7166438698768616 0.6716634035110474 0.02679920196533203 0.08271098136901855
3 0.5649442672729492 0.6605631709098816 0.037127017974853516 0.11353454738855362
3 0.116458460688591 0.7017829418182373 0.06981411576271057 0.14690294861793518
3 0.44247549772262573 0.6441432237625122 0.02088947221636772 0.04825606197118759
3 0.4619174897670746 0.6638986468315125 0.03191213682293892 0.08204054832458496
3 0.15315861999988556 0.6557527780532837 0.04186731576919556 0.037619829177856445
3 0.1901802122592926 0.6964462995529175 0.048716939985752106 0.1478731632232666
3 0.9866620898246765 0.6863951683044434 0.03354186937212944 0.11761808395385742
3 0.49008846282958984 0.6624284982681274 0.02295861206948757 0.10367312282323837
3 0.9886459112167358 0.6492916345596313 0.02606039121747017 0.04591498523950577
3 0.60746169090271 0.6603352427482605 0.03253164142370224 0.11054158210754395
3 0.5062799453735352 0.661322832107544 0.0408569797873497 0.11354704201221466
3 0.5366151332855225 0.6523907780647278 0.02248382568359375 0.09174537658691406
3 0.6377789974212646 0.6590317487716675 0.03371238708496094 0.10006165504455566
3 0.6952226758003235 0.6618212461471558 0.023355865851044655 0.09261403232812881
