3 0.4976838231086731 0.6497049331665039 0.03035449981689453 0.0762876495718956
3 0.8864995837211609 0.710668683052063 0.053507231175899506 0.09953055530786514
3 0.8839324116706848 0.6922798752784729 0.05000476911664009 0.060889244079589844
3 0.408334881067276 0.6963594555854797 0.04636125639081001 0.1480819284915924
3 0.8441265225410461 0.6909996271133423 0.03403501585125923 0.04338645935058594
3 0.27367424964904785 0.7115336656570435 0.058573149144649506 0.188328355550766
3 0.44685307145118713 0.6334249973297119 0.01715369150042534 0.04867410659790039
3 0.5357372164726257 0.7534574270248413 0.08496680110692978 0.2771186828613281
3 0.4647517204284668 0.6505242586135864 0.029167795553803444 0.07994017750024796
3 0.4318680167198181 0.617963433265686 0.008943271823227406 0.019333839416503906
3 0.8063545227050781 0.6868078708648682 0.03195233270525932 0.04490051418542862
