3 0.6295549273490906 0.6403852701187134 0.03351616859436035 0.12559914588928223
3 0.37731224298477173 0.7042020559310913 0.15544652938842773 0.43050074577331543
3 0.4641476571559906 0.6559427380561829 0.047005701810121536 0.15814509987831116
3 0.8943681716918945 0.7020612955093384 0.09522219002246857 0.2611774504184723
3 0.6920260787010193 0.6491830348968506 0.027373408898711205 0.08515453338623047
3 0.9825867414474487 0.6923959255218506 0.03977260738611221 0.2696087956428528
3 0.8282057046890259 0.6496284604072571 0.04293489456176758 0.11539530754089355
3 0.24346797168254852 0.7053757905960083 0.1495351493358612 0.4363230764865875
3 0.7364383935928345 0.6456618905067444 0.04331650584936142 0.12804117798805237
3 0.6688135266304016 0.6417427062988281 0.04118013381958008 0.1329570710659027
3 0.5408940315246582 0.6984793543815613 0.1594996452331543 0.4364113211631775
3 0.7843657732009888 0.6460025310516357 0.05093884468078613 0.13409586250782013
