3 0.003958750516176224 0.730688750743866 0.009630745276808739 0.08442292362451553
3 0.9118385314941406 0.6548320055007935 0.10847749561071396 0.2786324918270111
3 0.6307963132858276 0.6352136731147766 0.037445783615112305 0.11218700557947159
3 0.9803665280342102 0.6530098915100098 0.04711713641881943 0.24867677688598633
3 0.031040962785482407 0.6574389338493347 0.06395889073610306 0.29533252120018005
3 0.15875783562660217 0.6447992324829102 0.07625345140695572 0.2109847068786621
3 0.27856701612472534 0.6757198572158813 0.1760079711675644 0.4912368357181549
3 0.7370373010635376 0.6334229707717896 0.04180417209863663 0.10913882404565811
3 0.669055163860321 0.6347001791000366 0.039444684982299805 0.11661658436059952
3 0.8430734872817993 0.658217191696167 0.08717813342809677 0.24476584792137146
3 0.5394255518913269 0.6980522871017456 0.1450967788696289 0.4460744857788086
3 0.5984598398208618 0.6419970393180847 0.03416562080383301 0.09742627292871475
3 0.4099591374397278 0.6859551072120667 0.14200325310230255 0.4597691595554352
3 0.7821659445762634 0.6327356696128845 0.04430589824914932 0.11503362655639648
