3 0.7960653901100159 0.6773444414138794 0.151197150349617 0.41788873076438904
3 0.12801843881607056 0.6324356198310852 0.024570107460021973 0.0672527328133583
3 0.03224845230579376 0.6539075374603271 0.06798695772886276 0.19641152024269104
3 0.1281912624835968 0.6432318687438965 0.025862108916044235 0.09002570807933807
3 0.9827604293823242 0.6691398620605469 0.04299306869506836 0.20263728499412537
3 0.9022897481918335 0.6754000782966614 0.07341603934764862 0.2467106282711029
3 0.4375055432319641 0.644155740737915 0.023221444338560104 0.1011805534362793
3 0.27821090817451477 0.6785988807678223 0.17326851189136505 0.4739908277988434
3 0.7127307653427124 0.6514505743980408 0.0217740535736084 0.09223508834838867
3 0.1680317372083664 0.6650818586349487 0.06897209584712982 0.1746671199798584
3 0.6824126243591309 0.6567487120628357 0.044869519770145416 0.11155891418457031
3 0.36333855986595154 0.6511707305908203 0.037696123123168945 0.18520307540893555
3 0.1037513017654419 0.657604992389679 0.03772693872451782 0.1328573226928711
3 0.6354271769523621 0.6497398614883423 0.035965681076049805 0.11340022087097168
3 0.5369452238082886 0.6788892149925232 0.17425885796546936 0.47508612275123596
3 0.40409985184669495 0.6639498472213745 0.04914288595318794 0.16816172003746033
3 0.6707106828689575 0.657016932964325 0.018021583557128906 0.1017763614654541
