3 0.7497642040252686 0.6274614930152893 0.2118391990661621 0.6170861124992371
3 0.8967439532279968 0.614291787147522 0.12776517868041992 0.3760550916194916
3 0.9798965454101562 0.6188660860061646 0.04848642274737358 0.31453070044517517
3 0.05546329542994499 0.632681667804718 0.11172865331172943 0.4088522493839264
3 0.3455357253551483 0.6625378727912903 0.04939837381243706 0.17546352744102478
3 0.27488580346107483 0.6459892988204956 0.20150697231292725 0.5539078712463379
3 0.1713775247335434 0.6288674473762512 0.07329537719488144 0.24870261549949646
3 0.8396940231323242 0.615830659866333 0.027782535180449486 0.1054767593741417
3 0.5191017389297485 0.6512570977210999 0.2293432205915451 0.5507127046585083
3 0.39872774481773376 0.6482105255126953 0.06944074481725693 0.2130967080593109
3 0.6529102325439453 0.6416887044906616 0.04576730728149414 0.13241195678710938
