3 0.9591787457466125 0.6102477312088013 0.018072891980409622 0.059912919998168945
3 0.6579702496528625 0.5814443826675415 0.012192582711577415 0.022236203774809837
3 0.7994072437286377 0.5807178020477295 0.013777065090835094 0.02655019797384739
3 0.6058163642883301 0.6201025247573853 0.03514518588781357 0.10857377201318741
3 0.7034372091293335 0.6098140478134155 0.028575897216796875 0.09088864177465439
3 0.32247915863990784 0.6095949411392212 0.027027487754821777 0.09963736683130264
3 0.8428236246109009 0.6592629551887512 0.09629540145397186 0.24892020225524902
3 0.4289536476135254 0.5918706059455872 0.015352201648056507 0.05215811729431152
3 0.029229652136564255 0.6680424213409424 0.05949864536523819 0.2725760340690613
3 0.13006648421287537 0.583608865737915 0.01183086633682251 0.036441706120967865
3 0.9829457998275757 0.6670161485671997 0.03955507278442383 0.20254310965538025
3 0.9118789434432983 0.6498868465423584 0.06950006633996964 0.23283299803733826
3 0.6731148958206177 0.6206778883934021 0.03971505165100098 0.11184415966272354
3 0.08545629680156708 0.6684110164642334 0.09867645800113678 0.3256358206272125
3 0.26713812351226807 0.6951838731765747 0.11625833809375763 0.34931015968322754
3 0.3556637167930603 0.6316295862197876 0.04400188848376274 0.13342857360839844
3 0.4003414511680603 0.6448843479156494 0.05561649799346924 0.18200388550758362
3 0.21240699291229248 0.601370096206665 0.026491308584809303 0.06986341625452042
3 0.16938666999340057 0.659833550453186 0.07261296361684799 0.22767892479896545
3 0.7382561564445496 0.6217201948165894 0.045195579528808594 0.14947056770324707
3 0.33818620443344116 0.5813176035881042 0.01150524616241455 0.028490066528320312
3 0.9480478167533875 0.6044249534606934 0.019562434405088425 0.0691923126578331
3 0.9313552975654602 0.5704227089881897 0.010046005249023438 0.011219119653105736
3 0.9741327166557312 0.5936847925186157 0.019963359460234642 0.049772024154663086
3 0.5122349262237549 0.7027016282081604 0.15734156966209412 0.4809474050998688
3 0.1429608166217804 0.576384425163269 0.017145991325378418 0.027286767959594727
3 0.6387287974357605 0.6219301223754883 0.03382396697998047 0.10630454868078232
3 0.77923184633255 0.627414882183075 0.040621377527713776 0.13402977585792542
