3 0.6404880881309509 0.5277478098869324 0.0245038028806448 0.05827445909380913
3 0.10558446496725082 0.5307111740112305 0.03355688974261284 0.11605978012084961
3 0.3666197955608368 0.5212395787239075 0.020086240023374557 0.06209740787744522
3 0.2255869209766388 0.5283242464065552 0.04456377029418945 0.11473226547241211
3 0.28589940071105957 0.5765841603279114 0.09317588806152344 0.25937166810035706
3 0.9824219942092896 0.5451174974441528 0.04270897060632706 0.14269232749938965
3 0.9255035519599915 0.5328017473220825 0.027505874633789062 0.0750955119729042
3 0.04678411781787872 0.5914849638938904 0.09474093466997147 0.35477256774902344
3 0.8635574579238892 0.5328149199485779 0.03106546401977539 0.08575296401977539
3 0.12031839042901993 0.5348842144012451 0.025490200147032738 0.10897693783044815
3 0.614982008934021 0.5209065675735474 0.017618512734770775 0.03821291774511337
3 0.3473515212535858 0.5247248411178589 0.02516312524676323 0.0672757625579834
3 0.9455145001411438 0.5098206996917725 0.020063113421201706 0.036397360265254974
3 0.9463735818862915 0.5267033576965332 0.022424984723329544 0.07276429980993271
3 0.5323984026908875 0.6443090438842773 0.1640758514404297 0.45744338631629944
3 0.7599254250526428 0.528171718120575 0.021616840735077858 0.060086965560913086
