3 0.790952205657959 0.6375809907913208 0.20207805931568146 0.5221925973892212
3 0.8858953714370728 0.5245214700698853 0.03134641796350479 0.09338688850402832
3 0.18540751934051514 0.5332916975021362 0.03855835273861885 0.0769418254494667
3 0.9840847253799438 0.5374658703804016 0.038191985338926315 0.16984573006629944
3 0.9357308149337769 0.5266276001930237 0.03341197967529297 0.0998620018362999
3 0.044257789850234985 0.5641821622848511 0.0911736860871315 0.3001597821712494
3 0.12020997703075409 0.5266056060791016 0.05042308568954468 0.10722203552722931
3 0.2695314288139343 0.6171432137489319 0.22481703758239746 0.6214648485183716
3 0.5079461932182312 0.6537380218505859 0.16192030906677246 0.4775819182395935
3 0.6411398649215698 0.5187782049179077 0.02621140517294407 0.06405673176050186
3 0.6868776082992554 0.5382722020149231 0.036858223378658295 0.09864125400781631
