3 0.6376239657402039 0.6154824495315552 0.02672400511801243 0.09384417533874512
3 0.3260739743709564 0.6251434087753296 0.03229551389813423 0.12921777367591858
3 0.27222299575805664 0.6960824131965637 0.11024083942174911 0.3501183092594147
3 0.5010823011398315 0.645862340927124 0.02859478071331978 0.14516010880470276
3 0.844002366065979 0.6617996096611023 0.09977078437805176 0.25767478346824646
3 0.6085172891616821 0.6149804592132568 0.03551983833312988 0.1071719154715538
3 0.158460333943367 0.5751534700393677 0.04185537248849869 0.07567715644836426
3 0.15778203308582306 0.5958776473999023 0.04189586639404297 0.11477527767419815
3 0.9834368824958801 0.6576151847839355 0.03949107974767685 0.2367936074733734
3 0.5467442274093628 0.6554552316665649 0.08098626136779785 0.18756642937660217
3 0.9204280972480774 0.6555284857749939 0.08135290443897247 0.25048303604125977
3 0.07699614018201828 0.7358345985412598 0.15492567420005798 0.524039089679718
3 0.12013404071331024 0.5917550325393677 0.03568807989358902 0.08013105392456055
3 0.19609764218330383 0.6971763372421265 0.10871312767267227 0.35704851150512695
3 0.7394211292266846 0.6137195229530334 0.04525957256555557 0.12190809100866318
3 0.3494776785373688 0.6488888263702393 0.032961178570985794 0.13903722167015076
3 0.1583486646413803 0.6599694490432739 0.04366657882928848 0.2468864917755127
3 0.3467715382575989 0.6131905317306519 0.023807693272829056 0.06727409362792969
3 0.4273223876953125 0.751939058303833 0.1867094486951828 0.49264097213745117
3 0.6740009784698486 0.6160041093826294 0.038297176361083984 0.10745501518249512
3 0.7833479642868042 0.6212831139564514 0.040242813527584076 0.12389955669641495
