3 0.9048687219619751 0.7119883894920349 0.013667011633515358 0.014665603637695312
3 0.6266524791717529 0.7674957513809204 0.013482761569321156 0.03937496989965439
3 0.43977946043014526 0.7688981294631958 0.011915397830307484 0.03865790367126465
3 0.7613062858581543 0.7791951894760132 0.025311660021543503 0.08704781532287598
3 0.8767262697219849 0.7553473711013794 0.020546531304717064 0.024772023782134056
3 0.4135321080684662 0.7727468013763428 0.023449230939149857 0.07469091564416885
3 0.32081830501556396 0.7714336514472961 0.030164767056703568 0.08011207729578018
3 0.3510725200176239 0.7754619717597961 0.02889399603009224 0.08344383537769318
3 0.9164695739746094 0.779696524143219 0.05631313472986221 0.17828798294067383
3 0.4248034954071045 0.7739503383636475 0.01016092300415039 0.05561361461877823
3 0.8045631647109985 0.5522034168243408 0.06159176677465439 0.05192603915929794
3 0.054746367037296295 0.7828617095947266 0.05996944382786751 0.1755649596452713
3 0.9855427742004395 0.7780922651290894 0.03399772569537163 0.19466042518615723
3 0.8342666625976562 0.7615094780921936 0.02478628233075142 0.02764902077615261
3 0.7877484560012817 0.753899335861206 0.02121877670288086 0.025211811065673828
3 0.27238988876342773 0.7760317921638489 0.052268076688051224 0.17295050621032715
3 0.23253774642944336 0.7754592299461365 0.0287413839250803 0.11373700946569443
3 0.6721737384796143 0.7715946435928345 0.02110729180276394 0.055730581283569336
3 0.3659631013870239 0.7679411768913269 0.01680755615234375 0.06009411811828613
3 0.45249757170677185 0.7704877257347107 0.014023256488144398 0.04700660705566406
3 0.1630629450082779 0.7778622508049011 0.04167316108942032 0.1412399709224701
3 0.11859186738729477 0.7721552848815918 0.04844040796160698 0.16926345229148865
3 0.652600109577179 0.7709319591522217 0.017832374200224876 0.0509638786315918
3 0.5257890224456787 0.7877742052078247 0.08433303982019424 0.29512324929237366
3 0.6833754777908325 0.7741832137107849 0.015685701742768288 0.04662122577428818
3 0.38540124893188477 0.7789729237556458 0.023654747754335403 0.07484302669763565
3 0.46801042556762695 0.7716916799545288 0.019629811868071556 0.053232431411743164
3 0.7082384824752808 0.7715492844581604 0.017475366592407227 0.05854330211877823
3 0.6155454516410828 0.7679796814918518 0.012235164642333984 0.03856859356164932
3 0.19361205399036407 0.7816564440727234 0.03960362821817398 0.14523538947105408
3 0.8253661394119263 0.759100079536438 0.015490913763642311 0.022241735830903053
