3 0.15804040431976318 0.39504092931747437 0.030591726303100586 0.1046859472990036
3 0.7510426640510559 0.42722663283348083 0.07999277114868164 0.24342608451843262
3 0.011856053955852985 0.36211660504341125 0.020205631852149963 0.0379210002720356
3 0.23609578609466553 0.3944052755832672 0.044335223734378815 0.129985049366951
3 0.11975564807653427 0.3851136863231659 0.04813108593225479 0.06391434371471405
3 0.2875292897224426 0.4215390086174011 0.0796058177947998 0.23217535018920898
3 0.18430829048156738 0.40232640504837036 0.038184214383363724 0.11636872589588165
3 0.22196750342845917 0.3879111409187317 0.024428343400359154 0.10734677314758301
3 0.051161956042051315 0.3611268997192383 0.041769128292798996 0.0535767562687397
3 0.3317262530326843 0.383943647146225 0.02748572826385498 0.08102445304393768
3 0.8926373720169067 0.36230993270874023 0.02421722374856472 0.061846207827329636
3 0.9332872629165649 0.3532894253730774 0.03893222659826279 0.08692090213298798
3 0.5060155391693115 0.5471042394638062 0.29498806595802307 0.6896332502365112
3 0.36843371391296387 0.3970232605934143 0.03851451724767685 0.11252453178167343
3 0.6442961692810059 0.39161211252212524 0.04061613231897354 0.13725268840789795
3 0.6826333403587341 0.39827483892440796 0.04177103191614151 0.13580012321472168
3 0.7904456853866577 0.3967183232307434 0.0356447696685791 0.14230234920978546
