3 0.6405500173568726 0.5255980491638184 0.024497365579009056 0.06582450866699219
3 0.8053333163261414 0.661209225654602 0.17311330139636993 0.44136977195739746
3 0.013431362807750702 0.5396631956100464 0.030030254274606705 0.1190856471657753
3 0.17619022727012634 0.5199031829833984 0.024412453174591064 0.07789874076843262
3 0.2750401198863983 0.6939226984977722 0.16369052231311798 0.42500096559524536
3 0.13136741518974304 0.5205633044242859 0.028865337371826172 0.08913493156433105
3 0.07135665416717529 0.5320454835891724 0.03886162117123604 0.10462164878845215
3 0.9826682806015015 0.5450606942176819 0.041296862065792084 0.14276762306690216
3 0.539199709892273 0.6944954991340637 0.17959293723106384 0.4338308274745941
3 0.936631977558136 0.529741644859314 0.029866600409150124 0.09993882477283478
