3 0.32744115591049194 0.7600976228713989 0.016912292689085007 0.03738760948181152
3 0.3453841805458069 0.7580302357673645 0.023850083351135254 0.03511633723974228
3 0.9063682556152344 0.7528806924819946 0.035195447504520416 0.09313559532165527
3 0.45873546600341797 0.7621840238571167 0.02858290635049343 0.0705718994140625
3 0.8327606320381165 0.7539269924163818 0.022541332989931107 0.03338565677404404
3 0.4319203495979309 0.7595535516738892 0.018298864364624023 0.02796759642660618
3 0.3718886077404022 0.7590309977531433 0.0230560302734375 0.03166961669921875
3 0.25577837228775024 0.739331841468811 0.17690730094909668 0.45994630455970764
3 0.7919107675552368 0.756425678730011 0.026578426361083984 0.03018937073647976
3 0.18076743185520172 0.7583603858947754 0.03443253040313721 0.07828664779663086
3 0.1465815007686615 0.7513373494148254 0.022686660289764404 0.06384825706481934
3 0.12389381229877472 0.7487446069717407 0.02687835693359375 0.06914353370666504
3 0.5430305004119873 0.7627302408218384 0.024748420342803 0.07156777381896973
3 0.3938344419002533 0.7590231895446777 0.010265159420669079 0.028410816565155983
3 0.4102718234062195 0.7619876861572266 0.029189229011535645 0.07241401821374893
3 0.7405518293380737 0.7575127482414246 0.015750646591186523 0.027840137481689453
3 0.4356198310852051 0.7597590088844299 0.010135078802704811 0.026143169030547142
3 0.7104374170303345 0.7560155987739563 0.017781972885131836 0.030894756317138672
