3 0.26515987515449524 0.5316420793533325 0.020928144454956055 0.053076744079589844
3 0.9880825877189636 0.5712926983833313 0.03139457851648331 0.24860382080078125
3 0.014810343272984028 0.546347975730896 0.03058512508869171 0.10243630409240723
3 0.3208635449409485 0.5246214866638184 0.01718289777636528 0.044756315648555756
3 0.29697978496551514 0.5323928594589233 0.022319650277495384 0.052758075296878815
3 0.2784215807914734 0.5332269668579102 0.014553546905517578 0.049567125737667084
3 0.08115917444229126 0.5346319675445557 0.020325887948274612 0.06155548244714737
3 0.5448010563850403 0.6690343618392944 0.19970282912254333 0.49423742294311523
3 0.6413699388504028 0.5300836563110352 0.02298722229897976 0.05947599560022354
3 0.9418148994445801 0.5210815668106079 0.023684119805693626 0.07153449207544327
