3 0.9370620846748352 0.5203632116317749 0.03394317626953125 0.09427762031555176
3 0.05911634489893913 0.4950479567050934 0.015088856220245361 0.04925885051488876
3 0.014152007177472115 0.5183732509613037 0.02889898791909218 0.10271777957677841
3 0.21851792931556702 0.5089806318283081 0.02470247820019722 0.07816014438867569
3 0.1160055622458458 0.5048750638961792 0.017163360491394997 0.05572104454040527
3 0.7573862075805664 0.5073826313018799 0.02391662634909153 0.06152210384607315
3 0.9901885986328125 0.515652060508728 0.01911325380206108 0.08011674880981445
3 0.5345343351364136 0.6514590978622437 0.14170613884925842 0.3873988091945648
3 0.8882514834403992 0.5122581124305725 0.019946957007050514 0.07102012634277344
3 0.1317269206047058 0.5061255693435669 0.02010798454284668 0.050184011459350586
