3 0.9333286285400391 0.5989589691162109 0.03838834911584854 0.09714946895837784
3 0.8102952837944031 0.6744016408920288 0.2021465301513672 0.535138726234436
3 0.14632514119148254 0.5888429880142212 0.019699489697813988 0.10022415965795517
3 0.09854567050933838 0.5965598225593567 0.02488548681139946 0.07868847995996475
3 0.023056795820593834 0.5882372856140137 0.04897274449467659 0.14662571251392365
3 0.11894102394580841 0.584843635559082 0.026122689247131348 0.07067251205444336
3 0.9827210307121277 0.6270912885665894 0.04008064419031143 0.19731497764587402
3 0.2550158202648163 0.6455300450325012 0.21083812415599823 0.5765968561172485
3 0.5281828045845032 0.6494558453559875 0.20742082595825195 0.5615379214286804
3 0.8917468786239624 0.5992406606674194 0.03706808015704155 0.09651456028223038
