3 0.6321955323219299 0.6327348947525024 0.03963804244995117 0.1165243610739708
3 0.4066491723060608 0.6307823657989502 0.04199111461639404 0.1389506310224533
3 0.7995769381523132 0.7173944711685181 0.17285442352294922 0.520933985710144
3 0.1105421930551529 0.6190748810768127 0.03784967213869095 0.11495790630578995
3 0.980364978313446 0.6634770035743713 0.04816408082842827 0.25698384642601013
3 0.9165393710136414 0.6649178266525269 0.07377948611974716 0.2662508487701416
3 0.038543347269296646 0.6697986125946045 0.08041881769895554 0.30449381470680237
3 0.35686787962913513 0.6427972316741943 0.051320742815732956 0.12807178497314453
3 0.26528239250183105 0.7363278269767761 0.18458013236522675 0.5170885324478149
3 0.16124695539474487 0.6625932455062866 0.08261115849018097 0.2726008892059326
3 0.6673833131790161 0.6359790563583374 0.03973231464624405 0.12823215126991272
3 0.5259754657745361 0.7176090478897095 0.20561352372169495 0.5154064893722534
3 0.6923974752426147 0.634954571723938 0.03677401691675186 0.11965417861938477
