0 0.5062575340270996 0.5990834832191467 0.02158346213400364 0.05210676044225693
0 0.40105366706848145 0.6060068011283875 0.008916092105209827 0.02595067024230957
0 0.8532490730285645 0.6188109517097473 0.06431178748607635 0.10794391483068466
0 0.4393945634365082 0.603136420249939 0.011593103408813477 0.03267645835876465
0 0.34040072560310364 0.5925987362861633 0.009752750396728516 0.03438401222229004
0 0.33861446380615234 0.7415186166763306 0.29013291001319885 0.507060706615448
0 0.5196372866630554 0.6092281937599182 0.01006007194519043 0.028983211144804955
0 0.7792475819587708 0.6466823220252991 0.096318818628788 0.0849156379699707
0 0.48475009202957153 0.6022630929946899 0.023414183408021927 0.04888033866882324
0 0.3712793290615082 0.6019576787948608 0.024355649948120117 0.04613828659057617
