0 0.6762613654136658 0.6040223836898804 0.02910432778298855 0.06726264953613281
0 0.5000206828117371 0.596197783946991 0.05247082561254501 0.05298018455505371
0 0.40593117475509644 0.6097920536994934 0.5577081441879272 0.7208648324012756
0 0.5634737014770508 0.6076715588569641 0.04702701419591904 0.12850013375282288
0 0.8434830904006958 0.6001733541488647 0.05552234500646591 0.17089620232582092
0 0.9865154027938843 0.6006733179092407 0.03002958372235298 0.15240654349327087
0 0.9646517038345337 0.61320960521698 0.024982739239931107 0.06690621376037598
0 0.711647629737854 0.6020870208740234 0.03350196033716202 0.07457447052001953
0 0.11314358562231064 0.5990822911262512 0.04084392637014389 0.09590792655944824
0 0.7898704409599304 0.6160175204277039 0.05119266360998154 0.13909897208213806
0 0.6096503138542175 0.6077111959457397 0.04720268398523331 0.15215349197387695
0 0.7422650456428528 0.6034935116767883 0.03290748596191406 0.08709035068750381
