0 0.8511285781860352 0.5806871652603149 0.03788767009973526 0.10034298896789551
0 0.6346370577812195 0.6653281450271606 0.10349535942077637 0.358436644077301
0 0.28003889322280884 0.6340301632881165 0.22255270183086395 0.7329153418540955
0 0.08636470884084702 0.6122448444366455 0.02974049374461174 0.11444731056690216
0 0.8929300308227539 0.5885860323905945 0.02747363969683647 0.0750812515616417
0 0.5279086232185364 0.6584417223930359 0.10979828983545303 0.37255269289016724
0 0.024872200563549995 0.6256062984466553 0.052348993718624115 0.221897691488266
0 0.3871003985404968 0.5974253416061401 0.034114956855773926 0.0873868465423584
0 0.164434015750885 0.6149228811264038 0.05471069738268852 0.17670774459838867
0 0.11177416145801544 0.6162253618240356 0.04129767417907715 0.11785521358251572
0 0.9293554425239563 0.5830221772193909 0.025988483801484108 0.07338762283325195
