0 0.9373000860214233 0.5115406513214111 0.032921601086854935 0.08056888729333878
0 0.06306970119476318 0.5195256471633911 0.019434552639722824 0.08143410831689835
0 0.012640086002647877 0.5161737203598022 0.027119677513837814 0.09887275844812393
0 0.7408744692802429 0.7730043530464172 0.2253178060054779 0.42331695556640625
0 0.07977224141359329 0.5195767283439636 0.02631746605038643 0.07916507869958878
0 0.31393760442733765 0.739871621131897 0.21680006384849548 0.4959956109523773
0 0.03749522566795349 0.5218841433525085 0.020524948835372925 0.06646370887756348
0 0.15832524001598358 0.5261105298995972 0.028989672660827637 0.050794363021850586
0 0.9875901937484741 0.5208184123039246 0.025194644927978516 0.0986182689666748
0 0.5443528294563293 0.7390795946121216 0.22736969590187073 0.479327917098999
0 0.8857215046882629 0.49304571747779846 0.023461531847715378 0.03406848758459091
