0 0.4775201678276062 0.6046282052993774 0.01624441146850586 0.051099441945552826
0 0.5640527009963989 0.5980610847473145 0.014475107192993164 0.03543424606323242
0 0.6631966829299927 0.5999153852462769 0.01959862746298313 0.041809797286987305
0 0.3854864239692688 0.6109613180160522 0.02257406711578369 0.07426857948303223
0 0.1034063845872879 0.6099108457565308 0.02559811994433403 0.06694340705871582
0 0.3583105504512787 0.6132206320762634 0.040929507464170456 0.09496869891881943
0 0.4631781578063965 0.6120022535324097 0.027111481875181198 0.06915068626403809
0 0.8558595776557922 0.6130460500717163 0.032111071050167084 0.08716630935668945
0 0.14897869527339935 0.6112056374549866 0.027446294203400612 0.06986808776855469
0 0.9840933084487915 0.6385471820831299 0.03554887697100639 0.1418766975402832
0 0.3102096617221832 0.7144880294799805 0.3114468455314636 0.5721493363380432
0 0.4492386281490326 0.612212061882019 0.02184000052511692 0.07600273936986923
0 0.691148042678833 0.6024563312530518 0.02391672134399414 0.048459433019161224
0 0.32459211349487305 0.6034280061721802 0.022481203079223633 0.056276656687259674
0 0.8806991577148438 0.6102311015129089 0.024181652814149857 0.07144031673669815
0 0.8019800186157227 0.6192107796669006 0.02892274782061577 0.08465490490198135
0 0.5005376935005188 0.6189224123954773 0.03581700474023819 0.09350752830505371
0 0.6395949125289917 0.5996569991111755 0.02155613899230957 0.04022035747766495
0 0.7366406917572021 0.6064189076423645 0.025238608941435814 0.05551872402429581
