0 0.9325525164604187 0.5287753939628601 0.04640760272741318 0.12447609752416611
0 0.09745068848133087 0.47201642394065857 0.023231614381074905 0.03543529659509659
0 0.3594337999820709 0.6364760994911194 0.6615292429924011 0.7292929887771606
0 0.7799056768417358 0.621036171913147 0.31999173760414124 0.7574602365493774
0 0.9851018786430359 0.5732449889183044 0.034676454961299896 0.2552100121974945
0 0.1998075395822525 0.6324604749679565 0.33884602785110474 0.7344415187835693
0 0.06629368662834167 0.5138247013092041 0.03985701873898506 0.0957520455121994
0 0.025194749236106873 0.5531022548675537 0.05309734866023064 0.21484899520874023
0 0.959150493144989 0.5191470384597778 0.022330570966005325 0.07366013526916504
0 0.46841391921043396 0.6472571492195129 0.767132580280304 0.7053302526473999
0 0.8856058120727539 0.4926910400390625 0.02882213518023491 0.045513249933719635
