0 0.635723352432251 0.6307200193405151 0.029065703973174095 0.10719666630029678
0 0.8427065014839172 0.6561533212661743 0.0819469466805458 0.24298405647277832
0 0.6033273339271545 0.6265535950660706 0.040541745722293854 0.1196383461356163
0 0.9833942651748657 0.6521604061126709 0.042961977422237396 0.2282000482082367
0 0.5649616718292236 0.6296213865280151 0.03890552371740341 0.1414775848388672
0 0.9154123067855835 0.6555903553962708 0.07487573474645615 0.23985910415649414
0 0.41081637144088745 0.6354858875274658 0.03458762168884277 0.11140680313110352
0 0.3087891936302185 0.7445040941238403 0.3170489966869354 0.5108566284179688
0 0.4988941252231598 0.6370589137077332 0.03873319551348686 0.1301042139530182
0 0.4450424313545227 0.6207424998283386 0.025452185422182083 0.06881346553564072
0 0.6685431599617004 0.6278749704360962 0.045968197286129 0.11129889637231827
0 0.3715379536151886 0.6164885759353638 0.030939627438783646 0.07087645679712296
0 0.763717532157898 0.6537727117538452 0.08563294261693954 0.2324158251285553
0 0.5317659974098206 0.6301376223564148 0.0360354408621788 0.14175185561180115
