0 0.750332236289978 0.4258950650691986 0.11276412010192871 0.2399086207151413
0 0.5954116582870483 0.3843439519405365 0.037720344960689545 0.09642002731561661
0 0.38791781663894653 0.5927468538284302 0.6049577593803406 0.7546230554580688
0 0.3807034194469452 0.3754501938819885 0.04115653038024902 0.1079338788986206
0 0.49812960624694824 0.3778170049190521 0.03733787685632706 0.15625011920928955
0 0.907139778137207 0.39090925455093384 0.09107665717601776 0.2276696264743805
0 0.5391023755073547 0.39225998520851135 0.07533764839172363 0.21653655171394348
0 0.6830712556838989 0.3738565444946289 0.03572859615087509 0.10736997425556183
0 0.6439367532730103 0.38489851355552673 0.0562593936920166 0.13544432818889618
0 0.4547005593776703 0.3823956847190857 0.07645831257104874 0.1702534705400467
0 0.8439420461654663 0.39581045508384705 0.052851103246212006 0.17758505046367645
