0 0.6413170695304871 0.5202018618583679 0.022959137335419655 0.05021071434020996
0 0.7663192749023438 0.7597392797470093 0.20588989555835724 0.3740905821323395
0 0.8900426626205444 0.49594688415527344 0.028427790850400925 0.03316483646631241
0 0.22499299049377441 0.5283418893814087 0.03028693236410618 0.059325121343135834
0 0.3069978356361389 0.7143740653991699 0.24159345030784607 0.44440555572509766
0 0.889879584312439 0.5389837026596069 0.03069295920431614 0.11521930992603302
0 0.0705704614520073 0.5366090536117554 0.03676487132906914 0.09752416610717773
0 0.01860443875193596 0.544887900352478 0.03353382647037506 0.10972132533788681
0 0.9407483339309692 0.5132380127906799 0.02737255021929741 0.06098222732543945
0 0.9816586375236511 0.5380581021308899 0.040148161351680756 0.12892957031726837
0 0.5413237810134888 0.7067651748657227 0.2230222225189209 0.45247769355773926
