1 0.7498716115951538 0.5921883583068848 0.5034786462783813 0.46433907747268677
1 0.46445131301879883 0.4207686483860016 0.04432959482073784 0.04005064815282822
1 0.13333328068256378 0.43801259994506836 0.0880545973777771 0.05494675785303116
1 0.29654932022094727 0.42918333411216736 0.0339471809566021 0.05680284649133682
1 0.5379853248596191 0.4217974543571472 0.05009603500366211 0.04230809211730957
1 0.3067578375339508 0.4235754907131195 0.04271340370178223 0.053377579897642136
1 0.33922553062438965 0.42287835478782654 0.029706288129091263 0.04255995899438858
1 0.7190102338790894 0.41247430443763733 0.032510995864868164 0.02494030073285103
1 0.2496018409729004 0.5936073064804077 0.501299262046814 0.4697445333003998
1 0.4270792007446289 0.41551628708839417 0.029828215017914772 0.02476220205426216
1 0.7014187574386597 0.43727999925613403 0.0469813346862793 0.05177478864789009
1 0.6690460443496704 0.4336952269077301 0.039288997650146484 0.04879717901349068
1 0.5027366876602173 0.41741839051246643 0.021808385848999023 0.021626710891723633
1 0.38218751549720764 0.4155331552028656 0.04957253858447075 0.03960986062884331
1 0.5982751846313477 0.41947561502456665 0.027556229382753372 0.03531847149133682
1 0.2410055696964264 0.43571844696998596 0.0438980832695961 0.0693887248635292
1 0.19084277749061584 0.43377813696861267 0.09877101331949234 0.07169954478740692
1 0.8328042030334473 0.4435860514640808 0.0808437317609787 0.05030088499188423
1 0.6344828605651855 0.4254136085510254 0.0474664680659771 0.041318558156490326
1 0.6305506825447083 0.41957521438598633 0.04937634617090225 0.03977704048156738
1 0.257170170545578 0.4286983907222748 0.062103271484375 0.06627798080444336
