0 0.7967354655265808 0.6958146095275879 0.27775153517723083 0.4949789047241211
0 0.9348166584968567 0.5166180729866028 0.03918056562542915 0.10704078525304794
0 0.19614224135875702 0.5066424608230591 0.02801680564880371 0.07281394302845001
0 0.013086879625916481 0.5251799821853638 0.03264852613210678 0.12127432972192764
0 0.23396465182304382 0.6881933212280273 0.301658570766449 0.528323769569397
0 0.1162804365158081 0.4996272921562195 0.018070589751005173 0.04374546930193901
0 0.08398096263408661 0.5187004208564758 0.025210577994585037 0.08876147121191025
0 0.07024259865283966 0.5181512832641602 0.0390828438103199 0.09812460094690323
0 0.8871415853500366 0.5031306147575378 0.024487972259521484 0.06771063804626465
0 0.9863861799240112 0.5161060094833374 0.03172321245074272 0.1265103816986084
0 0.5205160975456238 0.683883011341095 0.2827012538909912 0.5459797382354736
0 0.8584843873977661 0.5006763339042664 0.02152080461382866 0.05324878543615341
0 0.8305835723876953 0.4926108717918396 0.0249512679874897 0.043079376220703125
