0 0.06430749595165253 0.746630847454071 0.02124202251434326 0.04087867587804794
0 0.26095160841941833 0.732470691204071 0.029175639152526855 0.0898033156991005
0 0.9207706451416016 0.7259572744369507 0.047049522399902344 0.10607562214136124
0 0.9023774266242981 0.7438328862190247 0.023342132568359375 0.05735435336828232
0 0.9933977127075195 0.7353449463844299 0.014857292175292969 0.05748701095581055
0 0.12458769977092743 0.7214978933334351 0.051663242280483246 0.12657800316810608
0 0.17164215445518494 0.7393767237663269 0.02764958143234253 0.07824969291687012
0 0.4999416470527649 0.6743609309196472 0.3464573621749878 0.5006738901138306
0 0.21342703700065613 0.7503498196601868 0.02018113061785698 0.03326869010925293
0 0.30258646607398987 0.736005961894989 0.03627185896039009 0.09245338290929794
