0 0.636766254901886 0.654442548751831 0.036012791097164154 0.12431230396032333
0 0.8115882873535156 0.6947044134140015 0.10410022735595703 0.2692607343196869
0 0.10297258198261261 0.6230558156967163 0.03481486439704895 0.04915618896484375
0 0.42535820603370667 0.6718766689300537 0.5957724452018738 0.6567047834396362
0 0.60757976770401 0.6518728137016296 0.032001398503780365 0.13256359100341797
0 0.9822059869766235 0.6712912321090698 0.039843082427978516 0.20195341110229492
0 0.1789146065711975 0.6402033567428589 0.06465961784124374 0.08967194706201553
0 0.9723394513130188 0.6235380172729492 0.03722810745239258 0.09374847263097763
0 0.5417305827140808 0.6939285397529602 0.08674120903015137 0.18920215964317322
0 0.6824487447738647 0.6626344919204712 0.05546917766332626 0.1388595998287201
0 0.8518393635749817 0.6197813749313354 0.04911327362060547 0.13158783316612244
