0 0.8611704111099243 0.5410922765731812 0.056974124163389206 0.10405506938695908
0 0.7405766248703003 0.6896346807479858 0.2929707467556 0.5619663596153259
0 0.15483351051807404 0.554179310798645 0.04371599107980728 0.0926421657204628
0 0.11953435838222504 0.5453780293464661 0.025348329916596413 0.1300547569990158
0 0.9866346120834351 0.6025350689888 0.030643749982118607 0.1868267059326172
0 0.9275476336479187 0.5626646876335144 0.048826027661561966 0.09947071224451065
0 0.26978692412376404 0.6947471499443054 0.23850826919078827 0.5501285791397095
0 0.37408119440078735 0.5459907650947571 0.02929389476776123 0.08012676239013672
0 0.09355902671813965 0.5753248929977417 0.07015693187713623 0.23490872979164124
0 0.04514613375067711 0.5770924091339111 0.09117774665355682 0.2659536302089691
0 0.6317721009254456 0.5352498888969421 0.04787731170654297 0.06960473209619522
0 0.4923745095729828 0.6955925226211548 0.2406516969203949 0.5488792061805725
0 0.423715740442276 0.5286744236946106 0.043968867510557175 0.05877513810992241
0 0.5732254981994629 0.5206948518753052 0.03312568739056587 0.04174399375915527
0 0.6377655267715454 0.5287046432495117 0.0356379970908165 0.05504932254552841
