0 0.6824122071266174 0.59532630443573 0.009593868628144264 0.017214631661772728
0 0.12788274884223938 0.6016911268234253 0.009017407894134521 0.024138689041137695
0 0.4385552406311035 0.6033307909965515 0.010274743661284447 0.030643939971923828
0 0.5194694399833679 0.6141618490219116 0.010548209771513939 0.03897595405578613
0 0.35105568170547485 0.6956229209899902 0.2643960118293762 0.419260174036026
0 0.4810512661933899 0.6055136919021606 0.018595552071928978 0.05005469173192978
0 0.1995924860239029 0.5998560786247253 0.008499646559357643 0.012223387137055397
0 0.5644470453262329 0.5998324155807495 0.014184331521391869 0.0458434596657753
0 0.5051181316375732 0.6051791310310364 0.024362659081816673 0.060816049575805664
0 0.4912126660346985 0.6044275164604187 0.012520456686615944 0.04996476322412491
