0 0.447244256734848 0.7746511697769165 0.4865695834159851 0.4487440586090088
0 0.6693645715713501 0.611456036567688 0.024044275283813477 0.1591409146785736
0 0.6021333932876587 0.6111178398132324 0.03696427494287491 0.1495715081691742
0 0.5694258213043213 0.617218017578125 0.052005767822265625 0.1613122969865799
0 0.7323640584945679 0.5917209386825562 0.04298257827758789 0.1248682513833046
0 0.23499560356140137 0.6310136318206787 0.07401598989963531 0.15258149802684784
0 0.907558798789978 0.61130690574646 0.11361455917358398 0.3720715641975403
0 0.981491208076477 0.6236012578010559 0.041356850415468216 0.34673333168029785
0 0.6861370801925659 0.5835086703300476 0.02933516539633274 0.1185758113861084
0 0.05887904763221741 0.6301808953285217 0.11993783712387085 0.402045339345932
0 0.18403542041778564 0.6462026834487915 0.08811569213867188 0.18349909782409668
0 0.5125730633735657 0.6150981783866882 0.0666898712515831 0.15606212615966797
0 0.7940212488174438 0.6278926730155945 0.10764823108911514 0.33072200417518616
0 0.6400073170661926 0.6007758975028992 0.06411919742822647 0.18985000252723694
0 0.762336254119873 0.683448314666748 0.025971030816435814 0.06571473926305771
0 0.8445253372192383 0.5998780131340027 0.05504579469561577 0.22692561149597168
