0 0.6399257779121399 0.5272716879844666 0.02654266357421875 0.060959815979003906
0 0.7732363939285278 0.6723315119743347 0.3215731680393219 0.5531898736953735
0 0.8785384893417358 0.516292929649353 0.042577456682920456 0.0707785114645958
0 0.9365558624267578 0.5298778414726257 0.03434295579791069 0.09581580013036728
0 0.13741189241409302 0.5370256304740906 0.03305695205926895 0.10558390617370605
0 0.1751989722251892 0.526406466960907 0.03492569923400879 0.07358522713184357
0 0.10867846012115479 0.5488220453262329 0.04177774116396904 0.1357227861881256
0 0.2503049373626709 0.689738929271698 0.2687431275844574 0.5297132134437561
0 0.06415583938360214 0.5492933988571167 0.04668399691581726 0.15535826981067657
0 0.02267446741461754 0.554672122001648 0.047649480402469635 0.1995812952518463
0 0.9833945035934448 0.5345062613487244 0.038967132568359375 0.16696730256080627
0 0.5100640654563904 0.6891511082649231 0.2977954149246216 0.5354030132293701
