0 0.6369348168373108 0.672293484210968 0.02558889426290989 0.07415352016687393
0 0.5311430096626282 0.658047616481781 0.02595820464193821 0.05436229705810547
0 0.872180163860321 0.6417245864868164 0.08346118777990341 0.2748943269252777
0 0.9825334548950195 0.6495975852012634 0.03946390002965927 0.14014768600463867
0 0.9178864359855652 0.6678866147994995 0.021091651171445847 0.06775059551000595
0 0.6700124144554138 0.6778459548950195 0.030918216332793236 0.0924367904663086
0 0.5632712841033936 0.6770122051239014 0.03371620178222656 0.100263312458992
0 0.40066084265708923 0.6166977286338806 0.6065497398376465 0.730138897895813
0 0.701554000377655 0.6731432676315308 0.029747391119599342 0.06670060008764267
0 0.7704365849494934 0.6508194208145142 0.09401144832372665 0.24629083275794983
0 0.6011149883270264 0.6739853024482727 0.04185361787676811 0.11091327667236328
0 0.8261001706123352 0.6549700498580933 0.02488870546221733 0.10811438411474228
0 0.7320571541786194 0.6760900020599365 0.02252950705587864 0.06811551749706268
