0 0.029950791969895363 0.7262025475502014 0.02593110129237175 0.11994733661413193
0 0.7451856732368469 0.7214668989181519 0.022212600335478783 0.1185004711151123
0 0.1785203069448471 0.7322293519973755 0.03953075408935547 0.13436341285705566
0 0.052943240851163864 0.7383076548576355 0.032398972660303116 0.10408377647399902
0 0.8922565579414368 0.7376607656478882 0.07919330894947052 0.21766281127929688
0 0.8526979684829712 0.7247920036315918 0.027460098266601562 0.12535038590431213
0 0.021270211786031723 0.7343500852584839 0.04199347645044327 0.12739244103431702
0 0.33186814188957214 0.7226303219795227 0.24154849350452423 0.4798591732978821
0 0.9481309652328491 0.7218347787857056 0.048165224492549896 0.14003920555114746
0 0.9971551895141602 0.7306711673736572 0.008438396267592907 0.12295351177453995
0 0.6749069690704346 0.7827452421188354 0.03237877041101456 0.028435707092285156
0 0.9835361242294312 0.7107985615730286 0.03308439254760742 0.1522018015384674
0 0.5651863813400269 0.7180623412132263 0.21797414124011993 0.49038591980934143
0 0.75843346118927 0.7254642248153687 0.020327329635620117 0.11542868614196777
0 0.9234060049057007 0.7200959920883179 0.0224932674318552 0.11800074577331543
