0 0.7313209772109985 0.6851416826248169 0.42531609535217285 0.6311761140823364
0 0.3376260995864868 0.6795650124549866 0.04134373739361763 0.07820463180541992
0 0.07534428685903549 0.7013636827468872 0.04359870031476021 0.11153960227966309
0 0.4085216522216797 0.6786152720451355 0.028272558003664017 0.076380155980587
0 0.9708331227302551 0.6727021336555481 0.05867939069867134 0.1493951380252838
0 0.2728021442890167 0.704560399055481 0.5048296451568604 0.5945748090744019
0 0.04234191030263901 0.6884156465530396 0.04675321653485298 0.1394265592098236
0 0.9366579055786133 0.6282575726509094 0.034149933606386185 0.05654635280370712
0 0.9133451581001282 0.6988350749015808 0.056369878351688385 0.14976930618286133
0 0.5228059887886047 0.722953200340271 0.3275766372680664 0.5509474277496338
0 0.6906158328056335 0.6612656712532043 0.04462265968322754 0.11246848106384277
