0 0.29647597670555115 0.37630075216293335 0.034924913197755814 0.0897647887468338
0 0.07676529139280319 0.3847588002681732 0.03338879346847534 0.09066478908061981
0 0.27711373567581177 0.3694203495979309 0.02820611000061035 0.06668396294116974
0 0.039284925907850266 0.3881604075431824 0.07944947481155396 0.3116307854652405
0 0.13495667278766632 0.382670521736145 0.03477124124765396 0.09051060676574707
0 0.2547065317630768 0.3794900178909302 0.028469204902648926 0.09490380436182022
0 0.1875523328781128 0.3829055726528168 0.02989974059164524 0.09195196628570557
0 0.22744111716747284 0.38130754232406616 0.0330972895026207 0.09420423209667206
0 0.16098999977111816 0.38547390699386597 0.026227617636322975 0.08833358436822891
0 0.5233290195465088 0.5393877625465393 0.6471117734909058 0.9216334223747253
0 0.917528510093689 0.3976461589336395 0.08017530292272568 0.21731515228748322
0 0.7645370364189148 0.4012058675289154 0.08336257934570312 0.3009808659553528
