0 0.6087455749511719 0.5596195459365845 0.03212881088256836 0.10248112678527832
0 0.7316038012504578 0.5669933557510376 0.0309600830078125 0.10930142551660538
0 0.6383908987045288 0.5562505722045898 0.03362846374511719 0.1109018325805664
0 0.7833848595619202 0.5641619563102722 0.031563661992549896 0.11444530636072159
0 0.015909958630800247 0.5545116662979126 0.03387891501188278 0.11411795765161514
0 0.9063841104507446 0.6278043985366821 0.1062132865190506 0.31127429008483887
0 0.9776216745376587 0.6253699064254761 0.048793695867061615 0.31769290566444397
0 0.3017157018184662 0.6348563432693481 0.3060224652290344 0.7307300567626953
0 0.7603152990341187 0.5600123405456543 0.03686928749084473 0.12254538387060165
0 0.14716531336307526 0.5550342798233032 0.02256319485604763 0.06706547737121582
0 0.5319991707801819 0.6583739519119263 0.1375817358493805 0.3988617956638336
0 0.8260577321052551 0.5577895641326904 0.03199462965130806 0.11239051818847656
0 0.6944323778152466 0.5548288822174072 0.03222145885229111 0.09626398235559464
0 0.8519587516784668 0.6035393476486206 0.045557212084531784 0.20731043815612793
