0 0.7392564415931702 0.36439791321754456 0.06396865844726562 0.10541808605194092
0 0.5657632350921631 0.3614354133605957 0.025506019592285156 0.07315988838672638
0 0.4437105059623718 0.39557671546936035 0.055592965334653854 0.16773100197315216
0 0.32256436347961426 0.37968888878822327 0.034244585782289505 0.11118459701538086
0 0.295310378074646 0.37108153104782104 0.03969902917742729 0.10660488903522491
0 0.7504622936248779 0.6892988085746765 0.27433347702026367 0.56617271900177
0 0.5085750222206116 0.37675514817237854 0.031745053827762604 0.10523798316717148
0 0.39172112941741943 0.3569425642490387 0.020428990945219994 0.05599183961749077
0 0.023646101355552673 0.4404199719429016 0.04839480668306351 0.28451764583587646
0 0.4770048260688782 0.3894200921058655 0.031942129135131836 0.1466716080904007
0 0.267738938331604 0.3666342794895172 0.037926435470581055 0.10928821563720703
0 0.26027950644493103 0.6957829594612122 0.24499881267547607 0.5465476512908936
0 0.36289769411087036 0.38395363092422485 0.049997925758361816 0.14372193813323975
0 0.5932973027229309 0.3518370985984802 0.01763153076171875 0.047460317611694336
0 0.24119476974010468 0.3788394629955292 0.050388216972351074 0.12335820496082306
0 0.5175410509109497 0.7027881145477295 0.2798420488834381 0.5514304041862488
0 0.5450412034988403 0.3611224889755249 0.02246403694152832 0.07236428558826447
0 0.6394981741905212 0.36224979162216187 0.027169227600097656 0.07497675716876984
0 0.676206648349762 0.3937017619609833 0.06420755386352539 0.16177019476890564
