0 0.14812159538269043 0.5751043558120728 0.024364423006772995 0.06822967529296875
0 0.588277280330658 0.5815129280090332 0.02941904030740261 0.07424812018871307
0 0.10024595260620117 0.5803134441375732 0.017667312175035477 0.055701542645692825
0 0.46135735511779785 0.580916702747345 0.02017688751220703 0.06697607040405273
0 0.9923539161682129 0.5293805599212646 0.012621688656508923 0.014637947082519531
0 0.8276433944702148 0.5519315004348755 0.015037250705063343 0.031636714935302734
0 0.7874430418014526 0.6134756803512573 0.05668354034423828 0.19281038641929626
0 0.30536597967147827 0.6286913752555847 0.063651442527771 0.13489016890525818
0 0.1818068027496338 0.5484021902084351 0.01071090716868639 0.015722036361694336
0 0.8210395574569702 0.5918940305709839 0.026006411761045456 0.10626063495874405
0 0.1177024096250534 0.5883631706237793 0.022415291517972946 0.069341279566288
0 0.3888591527938843 0.6560671329498291 0.10785765945911407 0.22907447814941406
0 0.9096840023994446 0.64488285779953 0.07475843280553818 0.23074746131896973
0 0.479576051235199 0.5811793804168701 0.018177319318056107 0.06813917309045792
0 0.03374020755290985 0.6702819466590881 0.07036148011684418 0.2816237509250641
0 0.19612345099449158 0.5650702714920044 0.020678723230957985 0.04384293407201767
0 0.977790355682373 0.6539175510406494 0.04978809505701065 0.24210405349731445
0 0.7106167674064636 0.567670464515686 0.013530254364013672 0.040194034576416016
0 0.5611979365348816 0.6129547357559204 0.019735336303710938 0.08119282871484756
0 0.2719651460647583 0.6732175946235657 0.12610307335853577 0.2230595052242279
0 0.2819080352783203 0.5553117990493774 0.0530397891998291 0.06365847587585449
0 0.4889340400695801 0.5828529596328735 0.013625049963593483 0.06956219673156738
0 0.4010074734687805 0.6069043874740601 0.04549045488238335 0.10684037208557129
0 0.8711675405502319 0.5567671060562134 0.018075084313750267 0.03522229194641113
0 0.4719030261039734 0.5802778005599976 0.01468968391418457 0.06471109390258789
0 0.1730862557888031 0.5573348999023438 0.028398429974913597 0.03624238818883896
0 0.4194256663322449 0.5947983860969543 0.029672622680664062 0.09620080143213272
0 0.7600328922271729 0.5840350985527039 0.019491195678710938 0.08934726566076279
0 0.21565589308738708 0.5762866139411926 0.028046060353517532 0.07174062728881836
0 0.2551305890083313 0.6277155876159668 0.09113065898418427 0.13077124953269958
0 0.45054030418395996 0.5817768573760986 0.017085934057831764 0.06469564139842987
0 0.15944312512874603 0.5473214983940125 0.009017730131745338 0.02015233039855957
0 0.23842981457710266 0.5540069937705994 0.025597285479307175 0.03749837726354599
0 0.3706127405166626 0.5366362929344177 0.017464781180024147 0.013387203216552734
0 0.7270870804786682 0.5828530192375183 0.025965213775634766 0.1023317351937294
0 0.6661170721054077 0.5916187167167664 0.03077712096273899 0.09918632358312607
0 0.5015219449996948 0.592780590057373 0.02832946740090847 0.10038356482982635
0 0.9545125961303711 0.5785279870033264 0.025168800726532936 0.08795347064733505
0 0.8445150256156921 0.6385456919670105 0.06270990520715714 0.2115110456943512
0 0.4368252754211426 0.5838384032249451 0.013407230377197266 0.06762494891881943
0 0.1068611592054367 0.6261123418807983 0.03332696482539177 0.046575069427490234
0 0.3943639099597931 0.5484554171562195 0.014946794137358665 0.01418151892721653
0 0.5412136912345886 0.6022341847419739 0.05884704738855362 0.15387019515037537
0 0.4689370095729828 0.5807558298110962 0.016421889886260033 0.06715903431177139
0 0.6913655996322632 0.5876700282096863 0.026143789291381836 0.08217892795801163
0 0.7414452433586121 0.5928003787994385 0.03082108497619629 0.1068563461303711
0 0.9326074719429016 0.5680354833602905 0.03234720230102539 0.06880507618188858
0 0.22805456817150116 0.6906968355178833 0.177620068192482 0.23524561524391174
0 0.34147924184799194 0.5642827153205872 0.019383549690246582 0.05818762630224228
