1 0.6083654165267944 0.6221456527709961 0.029366159811615944 0.013609123416244984
1 0.5406704545021057 0.6217312216758728 0.025180721655488014 0.010387420654296875
1 0.8710177540779114 0.6251968145370483 0.02839202806353569 0.01604175567626953
1 0.4906296730041504 0.621143639087677 0.017188023775815964 0.014180326834321022
1 0.5090033411979675 0.621025562286377 0.031348466873168945 0.014789963141083717
1 0.36181360483169556 0.6330199241638184 0.042302489280700684 0.03678856045007706
1 0.7493124604225159 0.6243352890014648 0.03572263568639755 0.014910316094756126
1 0.690260112285614 0.6260796785354614 0.027983808889985085 0.013290071859955788
1 0.9725524187088013 0.6223109364509583 0.04840850830078125 0.019413137808442116
1 0.7223091125488281 0.6260854005813599 0.026699542999267578 0.011687040328979492
1 0.6184285283088684 0.6233338713645935 0.02356543578207493 0.014395808801054955
1 0.7841148376464844 0.6254997253417969 0.025307655334472656 0.014235401526093483
