0 0.4077131152153015 0.6277929544448853 0.03734283521771431 0.0942537784576416
0 0.3570573925971985 0.6187219619750977 0.042960476130247116 0.09943695366382599
0 0.445620059967041 0.6210379600524902 0.025148581713438034 0.062093257904052734
0 0.789486289024353 0.6605439186096191 0.06825995445251465 0.24149055778980255
0 0.4768258035182953 0.6213878393173218 0.015931177884340286 0.050809383392333984
0 0.39279070496559143 0.6215236783027649 0.012074708938598633 0.06138572841882706
0 0.38149791955947876 0.6183295249938965 0.016442418098449707 0.061179257929325104
0 0.8556215167045593 0.6551589965820312 0.07761164009571075 0.24875259399414062
0 0.322643905878067 0.7284961938858032 0.2730657458305359 0.4122902452945709
0 0.42018407583236694 0.6156632900238037 0.01220703125 0.060463905334472656
0 0.503232479095459 0.6266518831253052 0.044173240661621094 0.10688591003417969
0 0.5585444569587708 0.6322795152664185 0.05863475799560547 0.14560255408287048
0 0.46952933073043823 0.6222952008247375 0.020552922040224075 0.05219316482543945
