0 0.48787441849708557 0.5151583552360535 0.03741044923663139 0.06366996467113495
0 0.4112106263637543 0.522049069404602 0.03262734413146973 0.08271946758031845
0 0.4355287551879883 0.5314969420433044 0.03083953820168972 0.0743798241019249
0 0.8512967824935913 0.5824306011199951 0.0827968567609787 0.2555299699306488
0 0.9836797714233398 0.5705224871635437 0.03757467120885849 0.33141112327575684
0 0.21592125296592712 0.5162642598152161 0.06374923139810562 0.10312161594629288
0 0.3725068271160126 0.5084774494171143 0.04645056650042534 0.06388463824987411
0 0.31121426820755005 0.6691149473190308 0.23682120442390442 0.5312615633010864
0 0.18793825805187225 0.545333743095398 0.036822639405727386 0.12998747825622559
0 0.13720279932022095 0.549394965171814 0.06970827281475067 0.15212664008140564
0 0.6360144019126892 0.5056865215301514 0.06109418720006943 0.10509614646434784
0 0.5535092353820801 0.675623893737793 0.24114975333213806 0.5101756453514099
