0 0.22411000728607178 0.5798608064651489 0.06913962215185165 0.10020413249731064
0 0.7391109466552734 0.6498522758483887 0.08140392601490021 0.18857631087303162
0 0.8836743235588074 0.6676334738731384 0.12355823814868927 0.3130427300930023
0 0.44546881318092346 0.6190197467803955 0.021453524008393288 0.07845945656299591
0 0.5656786561012268 0.6493813395500183 0.05414304882287979 0.15998339653015137
0 0.40796416997909546 0.6561391949653625 0.0547378771007061 0.16531029343605042
0 0.6126406788825989 0.6525351405143738 0.04091167449951172 0.1424720287322998
0 0.32035917043685913 0.7377120852470398 0.31029802560806274 0.5265899896621704
0 0.5311978459358215 0.6410643458366394 0.028316974639892578 0.10867442935705185
0 0.46338337659835815 0.6432703733444214 0.030881643295288086 0.10091757774353027
0 0.35514792799949646 0.6510504484176636 0.052164316177368164 0.1502736508846283
0 0.6715162992477417 0.6480741500854492 0.05244765430688858 0.1630658209323883
0 0.5047909617424011 0.6501575112342834 0.058176182210445404 0.17837533354759216
0 0.794614315032959 0.6343202590942383 0.047392986714839935 0.13374575972557068
0 0.9851168394088745 0.6544634103775024 0.03334922716021538 0.17259621620178223
