0 0.769203782081604 0.64958655834198 0.0944891944527626 0.271014541387558
0 0.4582449793815613 0.6263658404350281 0.044564057141542435 0.09238243103027344
0 0.3996298611164093 0.6802171468734741 0.6060361266136169 0.6218615174293518
0 0.9032077789306641 0.6137863397598267 0.13217143714427948 0.3743221163749695
0 0.9818853139877319 0.6490618586540222 0.03920326381921768 0.23488998413085938
0 0.6079997420310974 0.6388517022132874 0.060484886169433594 0.16326817870140076
0 0.029454689472913742 0.6344622373580933 0.06083326414227486 0.26490846276283264
0 0.5700920224189758 0.652029275894165 0.030330801382660866 0.11857233196496964
0 0.49310779571533203 0.6283925771713257 0.043225906789302826 0.18390822410583496
0 0.691043496131897 0.6340139508247375 0.03538336604833603 0.10602722316980362
0 0.12408959865570068 0.6172439455986023 0.0635753646492958 0.19351878762245178
0 0.6602649092674255 0.6412963271141052 0.047461412847042084 0.13242340087890625
0 0.5332208871841431 0.6289385557174683 0.08679833263158798 0.22408995032310486
0 0.8350315093994141 0.6395620107650757 0.04758443683385849 0.13293790817260742
