0 0.7429728507995605 0.6764586567878723 0.38684195280075073 0.6470043063163757
0 0.887930691242218 0.5203527808189392 0.03937330096960068 0.08747720718383789
0 0.07080377638339996 0.5453534126281738 0.04340275749564171 0.12439479678869247
0 0.9867620468139648 0.5917067527770996 0.031970977783203125 0.26148271560668945
0 0.15403766930103302 0.5564820766448975 0.05891438573598862 0.10671548545360565
0 0.2522316575050354 0.7464519143104553 0.27540791034698486 0.5083218812942505
0 0.05571644753217697 0.5710538029670715 0.038537099957466125 0.11028752475976944
0 0.11080224812030792 0.5774729251861572 0.054298628121614456 0.1443978250026703
0 0.018311992287635803 0.5735064744949341 0.03885875269770622 0.17639851570129395
0 0.4707532823085785 0.7374847531318665 0.3137142062187195 0.5255343914031982
0 0.9293996095657349 0.5366607904434204 0.04326057434082031 0.1327042132616043
