0 0.5988702178001404 0.538687527179718 0.024105072021484375 0.0917448028922081
0 0.5673875212669373 0.549414873123169 0.036810874938964844 0.1380692422389984
0 0.43047332763671875 0.5402714014053345 0.03979482501745224 0.08434844017028809
0 0.13251662254333496 0.5624393224716187 0.043973468244075775 0.15383276343345642
0 0.9001714587211609 0.5876219272613525 0.10379590839147568 0.32597246766090393
0 0.13442213833332062 0.5192888975143433 0.03825851529836655 0.06658649444580078
0 0.30299538373947144 0.6846073269844055 0.32966694235801697 0.6308456659317017
0 0.9831666946411133 0.5187996625900269 0.03787584230303764 0.10394635051488876
0 0.6305983662605286 0.5512944459915161 0.04889202117919922 0.1284225434064865
0 0.5197044610977173 0.5752411484718323 0.07427148520946503 0.22927427291870117
0 0.7708276510238647 0.5480159521102905 0.05222177505493164 0.12580856680870056
