0 0.6068025827407837 0.628090500831604 0.027440691366791725 0.0865723118185997
0 0.7821939587593079 0.6450667381286621 0.04910149425268173 0.1266627311706543
0 0.35123372077941895 0.63493412733078 0.03147907182574272 0.0980016216635704
0 0.500231921672821 0.6516660451889038 0.06256918609142303 0.16704845428466797
0 0.9100443124771118 0.6450276374816895 0.07884244620800018 0.2434004843235016
0 0.634339451789856 0.6342560052871704 0.030443524941802025 0.08922276645898819
0 0.8526590466499329 0.6416863203048706 0.04501848295331001 0.159895658493042
0 0.9733536839485168 0.6474649906158447 0.059049032628536224 0.23820647597312927
0 0.5685063004493713 0.6438857316970825 0.04736042022705078 0.1430199146270752
0 0.6909101009368896 0.6460830569267273 0.04240865632891655 0.09920191764831543
0 0.44519490003585815 0.6254971623420715 0.02232532575726509 0.0648249164223671
0 0.3917800486087799 0.7129086852073669 0.38727399706840515 0.46931448578834534
0 0.37048226594924927 0.6354914903640747 0.02663247659802437 0.1039276123046875
0 0.6620062589645386 0.6278184652328491 0.0269301887601614 0.09372248500585556
0 0.7370392680168152 0.6335399746894836 0.04303798824548721 0.11924133449792862
0 0.406097948551178 0.6378039121627808 0.03886423259973526 0.1100318431854248
0 0.8196326494216919 0.6422709226608276 0.03061828576028347 0.13397812843322754
