0 0.4539802670478821 0.6037012338638306 0.030757760629057884 0.06190013885498047
0 0.4022204279899597 0.6766924858093262 0.5719228982925415 0.6504472494125366
0 0.8733787536621094 0.6208752393722534 0.08358411490917206 0.2670769691467285
0 0.8024660348892212 0.6323893666267395 0.05954236909747124 0.10420346260070801
0 0.9717270135879517 0.6477597951889038 0.05989961698651314 0.14914417266845703
0 0.3880443274974823 0.6022821664810181 0.03685460239648819 0.08523273468017578
0 0.5117701888084412 0.5970419645309448 0.03424825519323349 0.05063033103942871
0 0.4125818610191345 0.6103833317756653 0.0261886827647686 0.06553421169519424
0 0.48367589712142944 0.5923231840133667 0.030016422271728516 0.05464301258325577
0 0.6386830806732178 0.6138558387756348 0.04388141632080078 0.1328098326921463
0 0.5614641904830933 0.6085913181304932 0.03548407554626465 0.09109697490930557
0 0.7458606362342834 0.6140838861465454 0.058193109929561615 0.23272672295570374
0 0.6962807774543762 0.602195680141449 0.058402061462402344 0.1746731698513031
