0 0.4909645915031433 0.6750702857971191 0.01063613872975111 0.024049948900938034
0 0.8932313919067383 0.6832484006881714 0.0320645347237587 0.049370430409908295
0 0.225559800863266 0.788860023021698 0.16286826133728027 0.29251328110694885
0 0.44696226716041565 0.6794559359550476 0.007319021038711071 0.027682160958647728
0 0.45328742265701294 0.6791490316390991 0.008346986956894398 0.025369882583618164
0 0.4355244040489197 0.6827719211578369 0.01387853641062975 0.040178872644901276
0 0.4081515371799469 0.7044586539268494 0.037839412689208984 0.1062769889831543
0 0.47666120529174805 0.6756216287612915 0.010052871890366077 0.024793148040771484
0 0.46275752782821655 0.6805483102798462 0.01211767178028822 0.037911415100097656
0 0.5078953504562378 0.6883131265640259 0.018457556143403053 0.05692005157470703
