0 0.15335917472839355 0.5955727696418762 0.011980628594756126 0.0232378002256155
0 0.5194864869117737 0.5967668890953064 0.01838216744363308 0.026065731421113014
0 0.842392086982727 0.6180106997489929 0.0290374755859375 0.09106459468603134
0 0.5758931636810303 0.5991712808609009 0.016989421099424362 0.021164417266845703
0 0.8606566190719604 0.5756767988204956 0.021923065185546875 0.035637713968753815
0 0.5235896110534668 0.6016429662704468 0.022556304931640625 0.021524429321289062
0 0.9724799990653992 0.6844617128372192 0.0583769790828228 0.16184601187705994
0 0.4289916157722473 0.7196064591407776 0.16476042568683624 0.2627030313014984
0 0.6099041104316711 0.6114284992218018 0.02584228478372097 0.0770973190665245
0 0.15815818309783936 0.6282994151115417 0.0390002503991127 0.047620296478271484
0 0.3662970960140228 0.6018414497375488 0.022313475608825684 0.04378976672887802
0 0.4462467133998871 0.6012489199638367 0.01897740364074707 0.044188499450683594
0 0.4848549962043762 0.5985034704208374 0.020907927304506302 0.03945336490869522
0 0.4603903889656067 0.6041414141654968 0.028458546847105026 0.03850879520177841
0 0.3104143738746643 0.6950969696044922 0.16250498592853546 0.3282535970211029
0 0.8485631942749023 0.6124168634414673 0.04036540910601616 0.10338053852319717
0 0.20493194460868835 0.6111900806427002 0.014213025569915771 0.03877973556518555
0 0.6587861776351929 0.6133644580841064 0.025638580322265625 0.07470512390136719
0 0.989226222038269 0.6022902131080627 0.025109481066465378 0.046543121337890625
0 0.6838342547416687 0.6500231027603149 0.04739270359277725 0.12495169788599014
0 0.5064557194709778 0.5935361385345459 0.01911005936563015 0.03911600261926651
0 0.5625519156455994 0.592941403388977 0.02030935324728489 0.03892836719751358
0 0.7990952730178833 0.6153587102890015 0.02131204679608345 0.08372845500707626
0 0.6940333843231201 0.5846057534217834 0.01453618984669447 0.04228391498327255
0 0.8150385022163391 0.6100515723228455 0.027079392224550247 0.09994268417358398
