0 0.8091201782226562 0.7191624641418457 0.09433583915233612 0.28209859132766724
0 0.4772070050239563 0.7122071981430054 0.04878034442663193 0.13566851615905762
0 0.02857685461640358 0.7202097177505493 0.0581851527094841 0.1873437464237213
0 0.9857403039932251 0.7260957360267639 0.029567813500761986 0.2060776650905609
0 0.8913982510566711 0.7209476828575134 0.08550576865673065 0.2779715657234192
0 0.26551875472068787 0.7414436936378479 0.15872323513031006 0.4987526834011078
0 0.177644282579422 0.7212279438972473 0.05057159811258316 0.15611886978149414
0 0.1429603546857834 0.7216012477874756 0.029152726754546165 0.1302916556596756
0 0.11155040562152863 0.7206220030784607 0.05342923477292061 0.16729898750782013
0 0.5605639219284058 0.7420251965522766 0.1836964637041092 0.4846063554286957
0 0.3989534378051758 0.7822751402854919 0.14572231471538544 0.40992918610572815
0 0.6654474139213562 0.7230799794197083 0.0743165984749794 0.18573513627052307
