0 0.5093898177146912 0.5856723189353943 0.08032532036304474 0.23989591002464294
0 0.5926430821418762 0.5653973817825317 0.027956485748291016 0.10198292881250381
0 0.5623773336410522 0.568676769733429 0.03243670612573624 0.1423788070678711
0 0.013911932706832886 0.5135359764099121 0.031565211713314056 0.10789985954761505
0 0.3960091471672058 0.5418137311935425 0.033243656158447266 0.0787820816040039
0 0.3579896092414856 0.5693869590759277 0.6762048602104187 0.8594506978988647
0 0.9098809957504272 0.5514804720878601 0.08275022357702255 0.2532782554626465
0 0.9829336404800415 0.5530645251274109 0.03940381854772568 0.16152921319007874
0 0.8538089990615845 0.565235435962677 0.030858611688017845 0.1153356060385704
0 0.757918119430542 0.5579779148101807 0.031035900115966797 0.1370898187160492
0 0.7884595990180969 0.5724833607673645 0.035082243382930756 0.11023950576782227
0 0.6279748678207397 0.5614436268806458 0.05053868144750595 0.1380494087934494
0 0.8238919973373413 0.5677873492240906 0.027514170855283737 0.10762810707092285
