0 0.22646751999855042 0.5290144681930542 0.031763531267642975 0.04832711070775986
0 0.7664453387260437 0.7598055601119995 0.18557734787464142 0.3748902678489685
0 0.03919696807861328 0.5218284726142883 0.020669233053922653 0.05812182277441025
0 0.15791146457195282 0.5316745042800903 0.03055497445166111 0.0539490208029747
0 0.06399868428707123 0.5228594541549683 0.021161019802093506 0.0804203525185585
0 0.316440224647522 0.7179144620895386 0.2186998873949051 0.4419330656528473
0 0.43386325240135193 0.5165348052978516 0.028053712099790573 0.046132516115903854
0 0.07944360375404358 0.52227383852005 0.021020328626036644 0.08179354667663574
0 0.012897469103336334 0.5233805179595947 0.02778581716120243 0.10245122760534286
0 0.8876365423202515 0.4924207627773285 0.02095928229391575 0.03033003769814968
0 0.6861603856086731 0.5095296502113342 0.03399324417114258 0.03632364422082901
0 0.9887807965278625 0.51319819688797 0.017533589154481888 0.07671637833118439
0 0.5438624620437622 0.720874011516571 0.22827672958374023 0.4426727294921875
0 0.6064264178276062 0.5252929329872131 0.029948711395263672 0.05134773254394531
0 0.6428815722465515 0.526016354560852 0.027522897347807884 0.05109810829162598
0 0.9420722723007202 0.5082440972328186 0.02537393569946289 0.05870828777551651
