0 0.6041775941848755 0.6170274019241333 0.03724956512451172 0.10816989094018936
0 0.52324378490448 0.6099505424499512 0.028204679489135742 0.07745666801929474
0 0.46088680624961853 0.6297704577445984 0.4833144247531891 0.7368317246437073
0 0.8436260223388672 0.6222470998764038 0.06495380401611328 0.1776573657989502
0 0.10284201055765152 0.6031314730644226 0.03314890339970589 0.08789753913879395
0 0.9828397035598755 0.6398438215255737 0.04172191768884659 0.196685791015625
0 0.7384807467460632 0.6275491118431091 0.0437990203499794 0.1501936912536621
0 0.6390556693077087 0.6190980076789856 0.033786870539188385 0.10473904758691788
0 0.7847421765327454 0.6307021379470825 0.0565488338470459 0.1559835970401764
0 0.5656111836433411 0.6108282208442688 0.035431623458862305 0.10931000858545303
0 0.6882728338241577 0.592574417591095 0.026618480682373047 0.0687965378165245
