0 0.7094155550003052 0.7486092448234558 0.014685392379760742 0.041033029556274414
0 0.3022221624851227 0.7586840391159058 0.02154214307665825 0.037564992904663086
0 0.9040214419364929 0.7478336691856384 0.026217937469482422 0.060898877680301666
0 0.7858010530471802 0.7544838190078735 0.015404080972075462 0.029052114114165306
0 0.7437024116516113 0.7559181451797485 0.01844615861773491 0.026794910430908203
0 0.0055372570641338825 0.7552963495254517 0.010165981017053127 0.05114235728979111
0 0.15411123633384705 0.7480008006095886 0.012974798679351807 0.035172462463378906
0 0.9312639236450195 0.7501547336578369 0.025547314435243607 0.05706977844238281
0 0.12318533658981323 0.7499977350234985 0.026823878288269043 0.06825137138366699
0 0.14399972558021545 0.7507213354110718 0.017861926928162575 0.06395912170410156
0 0.06377583742141724 0.7493213415145874 0.019072532653808594 0.038205765187740326
0 0.1702965795993805 0.7524714469909668 0.018093908205628395 0.04686737060546875
0 0.8782332539558411 0.7519515752792358 0.01737213134765625 0.035556793212890625
0 0.9942973256111145 0.7319404482841492 0.012339210137724876 0.06375288963317871
0 0.49101167917251587 0.7488783001899719 0.2808135151863098 0.34810224175453186
0 0.7996280789375305 0.7543861865997314 0.015465497970581055 0.02606048621237278
