0 0.6949785351753235 0.6016610264778137 0.015325689688324928 0.04197540134191513
0 0.6118349432945251 0.6006696820259094 0.014957427978515625 0.03809847682714462
0 0.7838340997695923 0.6085494756698608 0.019420480355620384 0.06404461711645126
0 0.8588569760322571 0.6068007349967957 0.0281659122556448 0.07475390285253525
0 0.44613486528396606 0.6057308912277222 0.018123388290405273 0.04808297008275986
0 0.5045616030693054 0.6097782850265503 0.04048323631286621 0.07659067958593369
0 0.9843136668205261 0.6387661099433899 0.03660450130701065 0.14088129997253418
0 0.5624427795410156 0.6090679168701172 0.01998882368206978 0.06310196220874786
0 0.3265240788459778 0.7267364263534546 0.23559124767780304 0.48322567343711853
0 0.8246099352836609 0.6082864999771118 0.01666097715497017 0.061644889414310455
0 0.7364568710327148 0.6056571006774902 0.026330089196562767 0.055478859692811966
0 0.8772878646850586 0.6093851923942566 0.015831470489501953 0.06465325504541397
0 0.8065675497055054 0.6119136810302734 0.029347706586122513 0.07206173241138458
