0 0.6906994581222534 0.6091461181640625 0.02617516554892063 0.05842113494873047
0 0.3249134123325348 0.6073179244995117 0.022205233573913574 0.057527732104063034
0 0.398118257522583 0.610744297504425 0.016407107934355736 0.06145644187927246
0 0.8460080027580261 0.6071792840957642 0.05523967742919922 0.1406862735748291
0 0.808761477470398 0.6178652048110962 0.030762623995542526 0.11765551567077637
0 0.34831616282463074 0.6079343557357788 0.023827314376831055 0.07041239738464355
0 0.9891549944877625 0.6185603141784668 0.02258748933672905 0.10100927203893661
0 0.32281652092933655 0.7230234742164612 0.3408098816871643 0.5557011365890503
0 0.38877832889556885 0.6099046468734741 0.027982568368315697 0.06937136501073837
0 0.17288394272327423 0.612131655216217 0.0239296555519104 0.06564626842737198
0 0.36614328622817993 0.6116002202033997 0.02161264419555664 0.06922803074121475
0 0.4176763594150543 0.6089827418327332 0.018710803240537643 0.04904761165380478
0 0.14929239451885223 0.6089848279953003 0.02675762213766575 0.07590198516845703
0 0.11315195262432098 0.6078094244003296 0.038645125925540924 0.08216333389282227
0 0.9707731008529663 0.6118984222412109 0.017469311133027077 0.07658195495605469
0 0.737636923789978 0.6123525500297546 0.04877486079931259 0.13547301292419434
0 0.4461885988712311 0.6120927929878235 0.019210051745176315 0.048470258712768555
0 0.7784255743026733 0.6159840822219849 0.037003278732299805 0.12850508093833923
0 0.8802865743637085 0.6113176941871643 0.02289724349975586 0.06271371990442276
