0 0.03276259824633598 0.5001705288887024 0.06790553033351898 0.18236780166625977
0 0.7724544405937195 0.5435017943382263 0.347159206867218 0.6266728639602661
0 0.004254542291164398 0.5100401639938354 0.011212843470275402 0.1471712589263916
0 0.06855907291173935 0.507567822933197 0.028085434809327126 0.05374898761510849
0 0.9887229800224304 0.5087304711341858 0.02513265609741211 0.16912679374217987
0 0.2359251230955124 0.5673285126686096 0.410266637802124 0.6301552653312683
0 0.4688984751701355 0.5593811869621277 0.25216829776763916 0.5252654552459717
0 0.6082474589347839 0.5249050855636597 0.027109146118164062 0.05873284488916397
0 0.6369349360466003 0.5124250650405884 0.020878076553344727 0.037405826151371
0 0.930010199546814 0.5033285021781921 0.046776868402957916 0.13673195242881775
