0 0.025477301329374313 0.7631587982177734 0.02251729741692543 0.09054966270923615
0 0.2192656248807907 0.7567181587219238 0.027386808767914772 0.06104869768023491
0 0.27216023206710815 0.7709852457046509 0.09205460548400879 0.27662864327430725
0 0.32227596640586853 0.7430586218833923 0.02416057512164116 0.06439218670129776
0 0.9056702852249146 0.7920247316360474 0.08436203002929688 0.19223718345165253
0 0.013528907671570778 0.7626266479492188 0.02509174309670925 0.095489501953125
0 0.14398780465126038 0.7532942295074463 0.02472749911248684 0.06800661236047745
0 0.0393047109246254 0.7531430125236511 0.018500909209251404 0.0697840228676796
0 0.11472320556640625 0.7629299759864807 0.033665288239717484 0.11301393806934357
0 0.17925316095352173 0.7546058893203735 0.03227512910962105 0.08835363388061523
0 0.713533878326416 0.7620102167129517 0.024121856316924095 0.07031798362731934
0 0.8618400692939758 0.754928469657898 0.02233428880572319 0.0455935001373291
0 0.9690291285514832 0.771281898021698 0.032842256128787994 0.07255420833826065
0 0.506964385509491 0.6489495038986206 0.3726464509963989 0.5638595819473267
0 0.9966549873352051 0.7613720297813416 0.009306525811553001 0.04821443557739258
0 0.832405686378479 0.7600468397140503 0.03052816353738308 0.05275464057922363
