0 0.7373520731925964 0.7180221080780029 0.21921595931053162 0.5000977516174316
0 0.3288324475288391 0.7227063775062561 0.2417186051607132 0.4925793707370758
0 0.18187327682971954 0.61070716381073 0.02035675011575222 0.07901158183813095
0 0.006115206517279148 0.5823920965194702 0.011993249878287315 0.031754158437252045
0 0.9769502878189087 0.6413463354110718 0.05099983140826225 0.22476831078529358
0 0.024607393890619278 0.6535859107971191 0.0509796068072319 0.1749686300754547
0 0.4189888834953308 0.6055371761322021 0.02864241600036621 0.0817791000008583
0 0.16269317269325256 0.6213991641998291 0.03613048791885376 0.1026144027709961
0 0.8537721633911133 0.6026223301887512 0.07493791729211807 0.1585434377193451
0 0.1951446831226349 0.6056154370307922 0.018049275502562523 0.0664680004119873
0 0.003964500967413187 0.6351761817932129 0.01085921935737133 0.1340937614440918
0 0.9230644106864929 0.6056443452835083 0.0225811954587698 0.07768130302429199
0 0.9462507367134094 0.6025847792625427 0.029970169067382812 0.08769607543945312
0 0.5441442728042603 0.6995441317558289 0.2291266918182373 0.525913655757904
0 0.9004276394844055 0.6074612736701965 0.03699483722448349 0.09375610202550888
