0 0.811677098274231 0.6771944165229797 0.012508774176239967 0.037145137786865234
0 0.02889426425099373 0.6769647002220154 0.0186416357755661 0.046486757695674896
0 0.1959172636270523 0.6741354465484619 0.010017896071076393 0.028836537152528763
0 0.08520491421222687 0.6771159172058105 0.011333423666656017 0.026738738641142845
0 0.467607319355011 0.66730135679245 0.018686246126890182 0.016990279778838158
0 0.9838327169418335 0.6833878755569458 0.02988729439675808 0.0753929615020752
0 0.04885615035891533 0.679107129573822 0.025083374232053757 0.05784034729003906
0 0.8943002820014954 0.6791585683822632 0.022531891241669655 0.045479916036129
0 0.8237287402153015 0.6788133382797241 0.015627097338438034 0.041847944259643555
0 0.3998083770275116 0.7646165490150452 0.16338352859020233 0.35254374146461487
0 0.8816133737564087 0.6787492036819458 0.01058740634471178 0.03730940818786621
0 0.1874283254146576 0.6765495538711548 0.012586414813995361 0.03569674491882324
