0 0.7337957620620728 0.6868602633476257 0.3021102845668793 0.6279187798500061
0 0.3643551468849182 0.6963962316513062 0.02321314811706543 0.06504702568054199
0 0.9827287793159485 0.65831059217453 0.04220914840698242 0.2657797336578369
0 0.9171500205993652 0.6619778275489807 0.07837314903736115 0.25458765029907227
0 0.03896899148821831 0.6669152975082397 0.08060415089130402 0.2999792993068695
0 0.254201740026474 0.7150076031684875 0.2501228451728821 0.5708829164505005
0 0.3671514093875885 0.6420363187789917 0.029623698443174362 0.17659106850624084
0 0.8358474969863892 0.7356029152870178 0.02011871337890625 0.05530271679162979
0 0.11210640519857407 0.6153921484947205 0.05890123173594475 0.1646265983581543
0 0.6051799058914185 0.7153052687644958 0.03398871421813965 0.07145977020263672
0 0.48445457220077515 0.6871885061264038 0.220647931098938 0.6257289052009583
