1 0.7255493998527527 0.5596283674240112 0.10440173000097275 0.06972918659448624
1 0.7914828062057495 0.5582059621810913 0.09179601818323135 0.0567326545715332
1 0.34907323122024536 0.5940454602241516 0.3170407712459564 0.21755394339561462
1 0.020099926739931107 0.6712726950645447 0.041151635348796844 0.15033236145973206
1 0.48470592498779297 0.5810791254043579 0.19210390746593475 0.15695476531982422
1 0.8016607165336609 0.5574562549591064 0.07930407673120499 0.053934477269649506
1 0.24022364616394043 0.47639256715774536 0.0724707841873169 0.018590450286865234
1 0.1645599901676178 0.6074104309082031 0.33087435364723206 0.30160921812057495
1 0.7532076835632324 0.557971715927124 0.11074714362621307 0.06347799301147461
1 0.5640566945075989 0.5813015699386597 0.18494758009910583 0.14649835228919983
1 0.6481579542160034 0.5752870440483093 0.14457765221595764 0.11595401912927628
1 0.15960335731506348 0.8562480807304382 0.3237706124782562 0.26197749376296997
1 0.6994406580924988 0.5624561905860901 0.12964358925819397 0.08058824390172958
