1 0.977766215801239 0.3962119519710541 0.04779043048620224 0.01654520072042942
1 0.6522324085235596 0.4363947808742523 0.05759105831384659 0.050527237355709076
1 0.6816996932029724 0.44602251052856445 0.03868293762207031 0.05816187709569931
1 0.3230973184108734 0.43634098768234253 0.038218092173337936 0.029363680630922318
1 0.9406336545944214 0.46297597885131836 0.12523308396339417 0.11986245959997177
1 0.28846755623817444 0.43014973402023315 0.041689276695251465 0.05321459844708443
1 0.20337876677513123 0.4526042342185974 0.15189239382743835 0.1037323921918869
1 0.06945855170488358 0.4636748731136322 0.14271727204322815 0.11088380962610245
1 0.7106534838676453 0.44122999906539917 0.05915331840515137 0.04983997344970703
1 0.44647330045700073 0.504736602306366 0.48189324140548706 0.2788856029510498
1 0.8270463943481445 0.4506532549858093 0.10802450031042099 0.0730915516614914
