0 0.5255978107452393 0.7138214111328125 0.05530261993408203 0.17302322387695312
0 0.5982328653335571 0.6715552806854248 0.013959646224975586 0.03939876705408096
0 0.7806383967399597 0.6674797534942627 0.03611946105957031 0.058104515075683594
0 0.6558424830436707 0.6696666479110718 0.011956453323364258 0.04418158531188965
0 0.4096220135688782 0.7494562864303589 0.3338184356689453 0.5003133416175842
0 0.5547484159469604 0.6852619647979736 0.022135114297270775 0.0644521713256836
0 0.782274603843689 0.6986812949180603 0.03531327098608017 0.11987505108118057
0 0.6125694513320923 0.6723573803901672 0.013235330581665039 0.03697466850280762
0 0.1166931614279747 0.7116737961769104 0.03298560529947281 0.1112765297293663
0 0.5869401693344116 0.6692909598350525 0.010638952255249023 0.035279370844364166
0 0.2890132963657379 0.6870450973510742 0.10081727802753448 0.1669558584690094
0 0.6935136914253235 0.6731299161911011 0.01613769493997097 0.04872383922338486
0 0.7998464703559875 0.6526139974594116 0.013252449221909046 0.031885385513305664
0 0.7676693797111511 0.6776624917984009 0.014156198129057884 0.041509151458740234
0 0.6373776197433472 0.674608588218689 0.01796746253967285 0.05280804634094238
0 0.5682710409164429 0.6769476532936096 0.014301443472504616 0.053597547113895416
0 0.6195551156997681 0.671059787273407 0.011606836691498756 0.03303956985473633
0 0.6719502210617065 0.6787365078926086 0.02327704429626465 0.07241153717041016
0 0.7022271752357483 0.6749225854873657 0.012807751074433327 0.04733014106750488
