0 0.6420640349388123 0.5191391110420227 0.023426532745361328 0.05866808816790581
0 0.758314847946167 0.6895748376846313 0.27024489641189575 0.5631824135780334
0 0.9449477195739746 0.5166670680046082 0.019676780328154564 0.09436345100402832
0 0.2699720561504364 0.7000474333763123 0.2401013821363449 0.5397641062736511
0 0.42797985672950745 0.5140347480773926 0.02030939981341362 0.03775610774755478
0 0.06038679927587509 0.5195914506912231 0.015487885102629662 0.10731673240661621
0 0.01272609829902649 0.52444988489151 0.026988636702299118 0.11165408790111542
0 0.9909132122993469 0.509111762046814 0.022325515747070312 0.11731543391942978
0 0.4762573838233948 0.7118357419967651 0.2838097810745239 0.572297215461731
0 0.8652739524841309 0.5225893259048462 0.025719452649354935 0.05632338672876358
