1 0.6021770238876343 0.4325583577156067 0.024739980697631836 0.022452592849731445
1 0.662089467048645 0.43311142921447754 0.023190831765532494 0.04171409457921982
1 0.37856870889663696 0.5599175691604614 0.4859045445919037 0.3069351315498352
1 0.6333924531936646 0.4312807619571686 0.0431673526763916 0.031116962432861328
1 0.9439312219619751 0.44889992475509644 0.1182551383972168 0.12588250637054443
1 0.2803199887275696 0.41723498702049255 0.039940427988767624 0.031067276373505592
1 0.7073338627815247 0.4402357041835785 0.06582202762365341 0.04985613748431206
1 0.0728052407503128 0.4548162519931793 0.1480480432510376 0.10693573951721191
1 0.6796839833259583 0.43444690108299255 0.04702296108007431 0.046843480318784714
1 0.21723118424415588 0.4455394744873047 0.11285312473773956 0.08817362785339355
1 0.8385829925537109 0.4480420649051666 0.09379587322473526 0.0706876739859581
