1 0.49194639921188354 0.3708379864692688 0.013596152886748314 0.012767625041306019
1 0.46409711241722107 0.4232054352760315 0.04124927520751953 0.03416299819946289
1 0.8028383255004883 0.5756949782371521 0.18232393264770508 0.14773282408714294
1 0.15519151091575623 0.4683380126953125 0.021434903144836426 0.04023752361536026
1 0.5341525077819824 0.5964692831039429 0.23548021912574768 0.19218143820762634
1 0.2452336549758911 0.669776201248169 0.35056203603744507 0.29523801803588867
1 0.5364874005317688 0.4547373652458191 0.07694172859191895 0.07420668751001358
1 0.5442387461662292 0.37252265214920044 0.01821422576904297 0.01316821575164795
1 0.5109456181526184 0.37531229853630066 0.02045440673828125 0.01695866510272026
1 0.5160344839096069 0.4016304910182953 0.025298595428466797 0.015697145834565163
1 0.5511449575424194 0.38786953687667847 0.020757341757416725 0.01752622053027153
