1 0.7699680328369141 0.5835349559783936 0.21714743971824646 0.1790461540222168
1 0.2242262363433838 0.4703054428100586 0.0345691442489624 0.01379017811268568
1 0.45187416672706604 0.5316133499145508 0.036549996584653854 0.05549659579992294
1 0.45095139741897583 0.5179178714752197 0.036115217953920364 0.029202843084931374
1 0.42164745926856995 0.5406277775764465 0.05321383476257324 0.060019634664058685
1 0.5193692445755005 0.4708788990974426 0.052840568125247955 0.03873114660382271
1 0.2453833818435669 0.6133727431297302 0.3608672618865967 0.27444544434547424
1 0.630477249622345 0.5077332258224487 0.07341156154870987 0.05624890327453613
1 0.9012794494628906 0.5273202657699585 0.05601081997156143 0.03033270873129368
1 0.5291872024536133 0.5614145994186401 0.1637258529663086 0.15687313675880432
