0 0.7931102514266968 0.45629382133483887 0.03601236268877983 0.06030549854040146
0 0.7499608993530273 0.7049151659011841 0.33935850858688354 0.5930131673812866
0 0.8541811108589172 0.4902932047843933 0.02849721908569336 0.04617118835449219
0 0.9337030649185181 0.5189257860183716 0.04175977781414986 0.10753311961889267
0 0.015183900482952595 0.5168073773384094 0.031205561012029648 0.12025656551122665
0 0.162682443857193 0.544787585735321 0.051337599754333496 0.09459700435400009
0 0.1309809386730194 0.5106757879257202 0.03172643110156059 0.04507098346948624
0 0.9854534268379211 0.5207880735397339 0.035100460052490234 0.14270338416099548
0 0.07224182784557343 0.517096221446991 0.0400896854698658 0.0920870304107666
0 0.2526261508464813 0.7465571761131287 0.2735116481781006 0.5074505805969238
0 0.8886834979057312 0.5043972730636597 0.02514934539794922 0.06905331462621689
0 0.49330997467041016 0.7364190220832825 0.36403608322143555 0.5272151231765747
