0 0.6302589178085327 0.3642946779727936 0.03620114177465439 0.0771196112036705
0 0.5492473840713501 0.3858237564563751 0.02966618537902832 0.06528468430042267
0 0.3657570779323578 0.40816593170166016 0.03565788269042969 0.11983480304479599
0 0.7508336305618286 0.42541152238845825 0.08184504508972168 0.20681647956371307
0 0.601325511932373 0.36949366331100464 0.027361106127500534 0.03550593927502632
0 0.6721433401107788 0.3264016807079315 0.023235559463500977 0.03308434411883354
0 0.3299770653247833 0.3773306608200073 0.03483843803405762 0.06581330299377441
0 0.1089661568403244 0.397970587015152 0.035021424293518066 0.039195798337459564
0 0.5188657641410828 0.4102850556373596 0.039217136800289154 0.12242396175861359
0 0.3049166202545166 0.6219647526741028 0.3020375370979309 0.4310108721256256
0 0.9956443905830383 0.37615489959716797 0.010528087615966797 0.03179989010095596
0 0.4363862872123718 0.41302210092544556 0.051752377301454544 0.1288052499294281
0 0.15149405598640442 0.44230538606643677 0.04216700792312622 0.053762007504701614
0 0.30631667375564575 0.37322917580604553 0.0619584321975708 0.07873590290546417
0 0.25802135467529297 0.40741413831710815 0.041665077209472656 0.12533649802207947
0 0.18947240710258484 0.4071105122566223 0.03891303390264511 0.057950593531131744
0 0.6665751338005066 0.33588624000549316 0.03624582290649414 0.052176713943481445
0 0.17406965792179108 0.382642924785614 0.017343759536743164 0.049103714525699615
0 0.8280603289604187 0.4009496569633484 0.01890401914715767 0.057564377784729004
0 0.5799418687820435 0.608806848526001 0.298872709274292 0.44383668899536133
0 0.4825553894042969 0.4100457727909088 0.040112875401973724 0.13431861996650696
0 0.5722010731697083 0.3728950321674347 0.02439594268798828 0.032396793365478516
0 0.6747332811355591 0.41693371534347534 0.06576156616210938 0.17133650183677673
