0 0.7478346824645996 0.439492404460907 0.09032344818115234 0.222939133644104
0 0.9283587336540222 0.43034476041793823 0.106145478785038 0.2878313958644867
0 0.4372407793998718 0.675897479057312 0.5182607173919678 0.6114257574081421
0 0.3792545199394226 0.3678545355796814 0.04659414291381836 0.039032697677612305
0 0.9783642888069153 0.5092809796333313 0.049344636499881744 0.3754303455352783
0 0.6505622267723083 0.5098294019699097 0.13226881623268127 0.24463340640068054
0 0.646329402923584 0.37986430525779724 0.028911685571074486 0.06064913421869278
0 0.8602393865585327 0.40189114212989807 0.0404505729675293 0.12984037399291992
0 0.6758740544319153 0.3912425935268402 0.05091152340173721 0.12880106270313263
0 0.7958166003227234 0.4154638350009918 0.035420846194028854 0.14912620186805725
0 0.8345037698745728 0.405496746301651 0.0263487808406353 0.11129315197467804
