0 0.608152449131012 0.4348636567592621 0.013690471649169922 0.03339104726910591
0 0.7537508010864258 0.4608706831932068 0.05089683458209038 0.13405409455299377
0 0.4445424973964691 0.44698160886764526 0.020570993423461914 0.06130566447973251
0 0.5803318023681641 0.42997798323631287 0.010909175500273705 0.027620648965239525
0 0.9356498718261719 0.4812059998512268 0.060552120208740234 0.1711438149213791
0 0.6348327398300171 0.4490374028682709 0.020117616280913353 0.05858192592859268
0 0.3887351453304291 0.6411386728286743 0.3669520616531372 0.47139254212379456
0 0.6624540686607361 0.44532299041748047 0.030715083703398705 0.07185955345630646
0 0.5949028134346008 0.43299394845962524 0.012676477432250977 0.031094646081328392
0 0.692489504814148 0.4496912956237793 0.02540421485900879 0.07159700244665146
0 0.42436736822128296 0.4466732144355774 0.022671222686767578 0.06441926956176758
