0 0.5463098883628845 0.3839622139930725 0.025606250390410423 0.05271446704864502
0 0.15523451566696167 0.40105676651000977 0.03679623454809189 0.11942563205957413
0 0.5736372470855713 0.39286285638809204 0.021717453375458717 0.07133734226226807
0 0.6557127833366394 0.3875419497489929 0.022902965545654297 0.0857682004570961
0 0.4379110336303711 0.39912962913513184 0.0397585853934288 0.09436817467212677
0 0.7903233766555786 0.6243977546691895 0.29962682723999023 0.4127395749092102
0 0.4126228392124176 0.3833664357662201 0.01873307302594185 0.0431181900203228
0 0.037076402455568314 0.4345319867134094 0.075464628636837 0.29547396302223206
0 0.3244780898094177 0.3934468626976013 0.03564655780792236 0.10089907795190811
0 0.2949409484863281 0.38549643754959106 0.030452203005552292 0.08180344104766846
0 0.253491073846817 0.6256634593009949 0.2778516709804535 0.40848350524902344
0 0.361669659614563 0.4030245840549469 0.03809075430035591 0.10403521358966827
0 0.99498051404953 0.3855460286140442 0.011185264214873314 0.03492407873272896
0 0.06329803913831711 0.425428569316864 0.05066489055752754 0.19816604256629944
0 0.228142648935318 0.4020172655582428 0.025876427069306374 0.1067141517996788
0 0.1825476437807083 0.405437171459198 0.041829027235507965 0.1138615608215332
0 0.5987993478775024 0.39617377519607544 0.037523411214351654 0.0932336300611496
0 0.2547590136528015 0.3856698274612427 0.035064052790403366 0.085086390376091
0 0.47440195083618164 0.3742970824241638 0.031042909249663353 0.045799899846315384
0 0.743950605392456 0.38389918208122253 0.06749000400304794 0.118160679936409
0 0.9064657092094421 0.4179452359676361 0.03490877151489258 0.05309450626373291
0 0.5129498839378357 0.6177265644073486 0.26814204454421997 0.43968838453292847
0 0.48790353536605835 0.3869045674800873 0.043083857744932175 0.06403608620166779
0 0.5101175308227539 0.37654057145118713 0.025126218795776367 0.03417663648724556
0 0.6836324334144592 0.4077375829219818 0.05712080001831055 0.15477721393108368
