0 0.548237144947052 0.37362751364707947 0.019577408209443092 0.04779930040240288
0 0.5712965130805969 0.37820887565612793 0.015009641647338867 0.03547663614153862
0 0.43604201078414917 0.3879031240940094 0.040581654757261276 0.0929139107465744
0 0.7800588607788086 0.5951247215270996 0.33318859338760376 0.4750509262084961
0 0.03375567868351936 0.35768574476242065 0.034851860255002975 0.053225040435791016
0 0.2959315776824951 0.37061741948127747 0.03108697012066841 0.049735069274902344
0 0.2403595745563507 0.38349655270576477 0.03910317271947861 0.07820411026477814
0 0.23545804619789124 0.6080685257911682 0.292111873626709 0.4363476634025574
0 0.35697299242019653 0.3951866328716278 0.04056847095489502 0.10856671631336212
0 0.1879843771457672 0.39881330728530884 0.03690222650766373 0.11680467426776886
0 0.5063005685806274 0.599318265914917 0.2591433823108673 0.4585537910461426
0 0.48013049364089966 0.37141793966293335 0.03335251659154892 0.04513370990753174
