0 0.7046911120414734 0.5166281461715698 0.024977445602416992 0.04169821739196777
0 0.6707655191421509 0.7175965309143066 0.19643282890319824 0.4372194707393646
0 0.9355559349060059 0.5076217651367188 0.03860034793615341 0.10360097885131836
0 0.01955203339457512 0.5307039022445679 0.041604556143283844 0.14534792304039001
0 0.031500108540058136 0.49158135056495667 0.025317609310150146 0.055978916585445404
0 0.0756969079375267 0.5034146308898926 0.04149287939071655 0.09281883388757706
0 0.31559520959854126 0.6943162679672241 0.2611510753631592 0.4884028434753418
0 0.7568978071212769 0.5075720548629761 0.029688596725463867 0.08348479121923447
0 0.9889761209487915 0.5073606967926025 0.025466155260801315 0.1137610450387001
0 0.10602854192256927 0.4803084433078766 0.02728673815727234 0.047394465655088425
0 0.4859503209590912 0.7207116484642029 0.1844252645969391 0.4409119486808777
0 0.8546403646469116 0.5057486891746521 0.032311342656612396 0.0767660140991211
