0 0.6488773822784424 0.5741367340087891 0.06875743716955185 0.13796348869800568
0 0.3600132465362549 0.5643013119697571 0.037716008722782135 0.06442942470312119
0 0.7653595209121704 0.6327807903289795 0.09249567985534668 0.2783704698085785
0 0.20728683471679688 0.6242231726646423 0.061853982508182526 0.3052492141723633
0 0.26312455534935 0.6447057127952576 0.12972259521484375 0.3668908178806305
0 0.9066362380981445 0.6099290251731873 0.13041897118091583 0.3688173294067383
0 0.17249733209609985 0.6848251223564148 0.03529999405145645 0.1242682933807373
0 0.982465922832489 0.611160159111023 0.03804445266723633 0.33017563819885254
0 0.05721975490450859 0.635636568069458 0.11593668162822723 0.4335017204284668
0 0.3287980556488037 0.6045168042182922 0.047348689287900925 0.19315680861473083
0 0.4943419396877289 0.6603156328201294 0.4412153363227844 0.5918858051300049
0 0.1410461962223053 0.6336050629615784 0.08526824414730072 0.29833316802978516
0 0.8404291272163391 0.634749710559845 0.06229667738080025 0.20160603523254395
