0 0.9359811544418335 0.4983955919742584 0.062003232538700104 0.17333965003490448
0 0.6414233446121216 0.4938741624355316 0.05170416831970215 0.14013800024986267
0 0.034082069993019104 0.5313577651977539 0.07135032117366791 0.2535548210144043
0 0.15120750665664673 0.4507578909397125 0.03173382207751274 0.034014321863651276
0 0.3097423017024994 0.6840575933456421 0.2475523203611374 0.5683544278144836
0 0.7534637451171875 0.4842661917209625 0.04617881774902344 0.12355904281139374
0 0.9907213449478149 0.504012942314148 0.022536754608154297 0.16057109832763672
0 0.5458812713623047 0.697609543800354 0.22693996131420135 0.5371473431587219
0 0.6841000318527222 0.49059391021728516 0.039702557027339935 0.11356692016124725
0 0.22041554749011993 0.48616504669189453 0.0513569600880146 0.11630425602197647
