0 0.611717939376831 0.6186839938163757 0.015453052707016468 0.05213141441345215
0 0.7383168339729309 0.6343726515769958 0.03965497016906738 0.11513853073120117
0 0.8515432476997375 0.6299996376037598 0.06398840248584747 0.16752299666404724
0 0.40920290350914 0.6384318470954895 0.03560369089245796 0.1071067824959755
0 0.31322503089904785 0.7444443106651306 0.3422020971775055 0.5131390690803528
0 0.44477933645248413 0.6177442669868469 0.024043560028076172 0.053554534912109375
0 0.34616273641586304 0.6273832321166992 0.02479398250579834 0.07300738990306854
0 0.586833119392395 0.6165236234664917 0.026314496994018555 0.062423087656497955
0 0.7851518392562866 0.6354191303253174 0.044886112213134766 0.11693219840526581
0 0.5022117495536804 0.6291564106941223 0.048086978495121 0.11550784111022949
0 0.6334110498428345 0.6164821982383728 0.025701284408569336 0.05449876934289932
0 0.37149927020072937 0.623445451259613 0.031098414212465286 0.08473024517297745
