0 0.7671704292297363 0.6193303465843201 0.3388589918613434 0.7596427202224731
0 0.9658828973770142 0.6126658916473389 0.07325086742639542 0.33131465315818787
0 0.056889671832323074 0.6328437924385071 0.11383019387722015 0.4059934616088867
0 0.22865888476371765 0.670464813709259 0.3090249001979828 0.6589975953102112
0 0.12110315263271332 0.6298101544380188 0.07839718461036682 0.3453513979911804
0 0.9446585774421692 0.5636491775512695 0.03207550197839737 0.16199469566345215
0 0.1324753761291504 0.4955308437347412 0.022715508937835693 0.01937837526202202
0 0.4986310601234436 0.6468944549560547 0.4416360855102539 0.7065178155899048
0 0.8879522085189819 0.5112762451171875 0.030337905511260033 0.061900995671749115
0 0.9160722494125366 0.5545280575752258 0.044498346745967865 0.1434633731842041
