0 0.7841878533363342 0.5976613759994507 0.34307852387428284 0.555309534072876
0 0.3003978133201599 0.35786712169647217 0.026718497276306152 0.04144711419939995
0 0.04468807578086853 0.3643527030944824 0.018917251378297806 0.05010175704956055
0 0.2380126267671585 0.6082496047019958 0.2914429306983948 0.5353119969367981
0 0.4188981056213379 0.3773500323295593 0.018884802237153053 0.05337529256939888
0 0.3638865053653717 0.38021156191825867 0.04764707013964653 0.1208045482635498
0 0.17133954167366028 0.3670007884502411 0.029074251651763916 0.055286455899477005
0 0.1387869417667389 0.3879123628139496 0.04094594717025757 0.10867767035961151
0 0.8978509902954102 0.3613242208957672 0.020227719098329544 0.05896098539233208
0 0.9258659482002258 0.38433924317359924 0.05536852031946182 0.16555920243263245
0 0.5099923610687256 0.6252880096435547 0.29656657576560974 0.5195558667182922
0 0.5492750406265259 0.36081963777542114 0.03614296764135361 0.07149970531463623
0 0.5701756477355957 0.37882107496261597 0.02623882330954075 0.09253759682178497
0 0.6660019755363464 0.3650907874107361 0.022791624069213867 0.036139797419309616
0 0.5951811671257019 0.3846702575683594 0.03659782558679581 0.08579929172992706
