0 0.3927149176597595 0.6260300874710083 0.020929504185914993 0.08576836436986923
0 0.6638462543487549 0.6259639263153076 0.03692588955163956 0.10705862194299698
0 0.3555026948451996 0.6263840794563293 0.03153514862060547 0.09186649322509766
0 0.601176381111145 0.6299274563789368 0.031240224838256836 0.12033390998840332
0 0.7117468118667603 0.6281376481056213 0.03248725086450577 0.1146487221121788
0 0.7367280721664429 0.6308169960975647 0.04312119632959366 0.12376032024621964
0 0.7824615240097046 0.6362894773483276 0.04882321506738663 0.11688590049743652
0 0.44491466879844666 0.6215684413909912 0.024146175011992455 0.06276178359985352
0 0.5041037797927856 0.6402066946029663 0.05027508735656738 0.1369582712650299
0 0.9133020639419556 0.6497559547424316 0.09321737289428711 0.2834795117378235
0 0.9820915460586548 0.6476379632949829 0.04346742480993271 0.23689579963684082
0 0.6308394074440002 0.637393593788147 0.039043329656124115 0.11882948875427246
0 0.8546615839004517 0.6379055380821228 0.0484376922249794 0.1313742697238922
0 0.4111105501651764 0.6297186613082886 0.03147945553064346 0.09131798893213272
0 0.6910296678543091 0.6386821866035461 0.036015987396240234 0.09387803077697754
0 0.31188055872917175 0.7737115621566772 0.3101915717124939 0.4524073600769043
0 0.3640117049217224 0.6270910501480103 0.04744689539074898 0.09112429618835449
0 0.37518835067749023 0.622532844543457 0.026183700188994408 0.07937612384557724
0 0.4712997078895569 0.619857668876648 0.020613670349121094 0.06068930774927139
0 0.8410682678222656 0.5997487902641296 0.02464580535888672 0.05696596950292587
0 0.5652579069137573 0.641025722026825 0.04918527603149414 0.12626075744628906
0 0.7684663534164429 0.6352952122688293 0.02770686149597168 0.11144900321960449
