0 0.3692110478878021 0.5436550378799438 0.07428369671106339 0.09212331473827362
0 0.6828832626342773 0.5813745260238647 0.04537792131304741 0.1423894464969635
0 0.25224989652633667 0.7116931676864624 0.16181647777557373 0.4972953796386719
0 0.9117435216903687 0.6802066564559937 0.17673596739768982 0.5034462809562683
0 0.9889494180679321 0.6543751358985901 0.026240158826112747 0.3951626718044281
0 0.08223417401313782 0.7025806307792664 0.16561856865882874 0.593125581741333
0 0.3193386495113373 0.5426100492477417 0.04011988639831543 0.08160734176635742
0 0.14556363224983215 0.6419064402580261 0.08709593862295151 0.3149906098842621
0 0.6436870098114014 0.5768786668777466 0.08006620407104492 0.1575150042772293
0 0.48390406370162964 0.7116461992263794 0.4217946529388428 0.5766696929931641
0 0.7831622362136841 0.6476312875747681 0.11329483985900879 0.3668503165245056
