0 0.8364181518554688 0.4504758417606354 0.04771452024579048 0.10703487694263458
0 0.6010413765907288 0.49133187532424927 0.04805135726928711 0.19274182617664337
0 0.791647732257843 0.6119959950447083 0.31421923637390137 0.4504430890083313
0 0.4287746548652649 0.4404626786708832 0.039632320404052734 0.06197719648480415
0 0.239706352353096 0.6228854656219482 0.3023760914802551 0.43557748198509216
0 0.43307390809059143 0.47943297028541565 0.04544224590063095 0.13822594285011292
0 0.6428879499435425 0.5003364682197571 0.0705048069357872 0.23699238896369934
0 0.513174295425415 0.6294816136360168 0.24460414052009583 0.4237142503261566
0 0.7108325362205505 0.48100656270980835 0.041735172271728516 0.10981035232543945
0 0.3732335865497589 0.4996858537197113 0.05827508121728897 0.17962679266929626
