0 0.8751074075698853 0.46093201637268066 0.059754181653261185 0.12898781895637512
0 0.7972182631492615 0.490037202835083 0.02713022194802761 0.05602884292602539
0 0.7185283899307251 0.5582361817359924 0.06992769241333008 0.2605153024196625
0 0.13167352974414825 0.5246655344963074 0.0362621545791626 0.07575154304504395
0 0.8301432728767395 0.5573493242263794 0.1474711000919342 0.3093503415584564
0 0.3711923360824585 0.5410282015800476 0.0641171932220459 0.14783725142478943
0 0.14157216250896454 0.4792141020298004 0.056257009506225586 0.09352459758520126
0 0.5659999847412109 0.583045482635498 0.04749917984008789 0.21756787598133087
0 0.8262591361999512 0.4962845742702484 0.05623893812298775 0.12028570473194122
0 0.35947948694229126 0.5061740875244141 0.03924739360809326 0.077021025121212
0 0.43439364433288574 0.5619473457336426 0.05652351304888725 0.17971229553222656
0 0.18834437429904938 0.45228928327560425 0.08035151660442352 0.09230518341064453
0 0.3019973635673523 0.6734908819198608 0.42469263076782227 0.6545894742012024
0 0.8325756192207336 0.4755987226963043 0.04330778121948242 0.07764782756567001
0 0.8039490580558777 0.5714260339736938 0.10180149227380753 0.2687126696109772
0 0.6248964667320251 0.5761381387710571 0.08996763080358505 0.25547298789024353
0 0.519143283367157 0.5936421155929565 0.0959102138876915 0.27338600158691406
0 0.7930186986923218 0.5030340552330017 0.03462691232562065 0.08437929302453995
