0 0.5814613103866577 0.35842064023017883 0.03334403038024902 0.08059076964855194
0 0.43867531418800354 0.36901968717575073 0.04461707919836044 0.1467972993850708
0 0.7922008633613586 0.6645764112472534 0.2723671495914459 0.4410842955112457
0 0.5530567169189453 0.35618504881858826 0.038340188562870026 0.09119348227977753
0 0.5056878328323364 0.35850393772125244 0.030523205175995827 0.07873120158910751
0 0.2596612870693207 0.6368550062179565 0.28989312052726746 0.5228850245475769
0 0.3601081669330597 0.3660912811756134 0.04656977578997612 0.13361315429210663
0 0.7469075322151184 0.3616105914115906 0.07653727382421494 0.25280293822288513
0 0.4751843512058258 0.3546411991119385 0.04603094980120659 0.12691715359687805
0 0.52195805311203 0.6458829045295715 0.27442359924316406 0.5011717081069946
0 0.6821662187576294 0.3740788698196411 0.0661613941192627 0.22774215042591095
