0 0.48024559020996094 0.49417877197265625 0.043420933187007904 0.13869109749794006
0 0.5050445795059204 0.44671598076820374 0.01815342903137207 0.02574605867266655
0 0.4070328176021576 0.4970704913139343 0.03227701038122177 0.10321278870105743
0 0.44464606046676636 0.5133833885192871 0.06087613105773926 0.16358909010887146
0 0.6299837827682495 0.5063520669937134 0.08491168171167374 0.16501164436340332
0 0.5178255438804626 0.5083706974983215 0.04338664934039116 0.16442570090293884
0 0.35356491804122925 0.6489778161048889 0.3009558916091919 0.33293160796165466
0 0.3795061409473419 0.4850364625453949 0.04719948768615723 0.08269858360290527
0 0.5609139204025269 0.5311233997344971 0.07947907596826553 0.1997872292995453
0 0.5977712869644165 0.5008248686790466 0.03408370167016983 0.14689350128173828
0 0.5986508131027222 0.4553581178188324 0.03333582729101181 0.054903458803892136
