0 0.9012044668197632 0.40015706419944763 0.0495852455496788 0.1662108451128006
0 0.5444059371948242 0.37622520327568054 0.01905050314962864 0.0855163112282753
0 0.7105661034584045 0.6158735156059265 0.46968087553977966 0.7344035506248474
0 0.5199579000473022 0.40456515550613403 0.04822492599487305 0.1634095460176468
0 0.9401313662528992 0.43258196115493774 0.03885851055383682 0.21095974743366241
0 0.3612584173679352 0.388274610042572 0.04758281633257866 0.15197458863258362
0 0.28431421518325806 0.6407020688056946 0.39860254526138306 0.6866343021392822
0 0.5969412922859192 0.3947974741458893 0.04561018943786621 0.12238200008869171
0 0.9403005838394165 0.3622421324253082 0.037483882158994675 0.07152612507343292
0 0.463947057723999 0.4094026982784271 0.06972799450159073 0.20658442378044128
0 0.796688973903656 0.3848453164100647 0.054575253278017044 0.16149918735027313
