0 0.01232603657990694 0.363977313041687 0.024994617328047752 0.0396001823246479
0 0.9374141693115234 0.2877092957496643 0.03651542589068413 0.08017046749591827
0 0.545745849609375 0.36162349581718445 0.02308673784136772 0.08749298751354218
0 0.35895976424217224 0.35637304186820984 0.03300654888153076 0.06695885956287384
0 0.30022069811820984 0.3675016462802887 0.03840775415301323 0.09973366558551788
0 0.11872478574514389 0.3835422992706299 0.06285073608160019 0.09866762161254883
0 0.7720913887023926 0.6483324766159058 0.3242262303829193 0.5329334735870361
0 0.17600172758102417 0.3268316388130188 0.03866410255432129 0.11073553562164307
0 0.04014210030436516 0.3645983040332794 0.03660079091787338 0.041561126708984375
0 0.9035447835922241 0.3660354018211365 0.05874376371502876 0.10202405601739883
0 0.4314238131046295 0.3419535756111145 0.0320829376578331 0.06617450714111328
0 0.24418774247169495 0.6489208936691284 0.3254469037055969 0.4991021156311035
0 0.154133602976799 0.3677210211753845 0.07870650291442871 0.1986721307039261
0 0.44247502088546753 0.3841165006160736 0.057932425290346146 0.15393809974193573
0 0.7979726791381836 0.3596132695674896 0.07075119018554688 0.12400362640619278
0 0.6355456113815308 0.35746926069259644 0.030323266983032227 0.08695793151855469
0 0.6765991449356079 0.3667318522930145 0.06206059455871582 0.1663358211517334
0 0.394805371761322 0.35497474670410156 0.031296491622924805 0.07847090065479279
0 0.965289294719696 0.32810157537460327 0.06959982216358185 0.1331566572189331
0 0.5151029825210571 0.6597484350204468 0.3013078272342682 0.5150589942932129
0 0.4901922643184662 0.35654181241989136 0.060846805572509766 0.11014218628406525
0 0.5656388998031616 0.3611067831516266 0.02200913429260254 0.08569624274969101
0 0.8456894755363464 0.3570820689201355 0.05518322065472603 0.13759319484233856
0 0.7347434163093567 0.355272114276886 0.057946205139160156 0.12236197292804718
0 0.2727944850921631 0.3665286600589752 0.06011991575360298 0.08720159530639648
0 0.9392811059951782 0.35638272762298584 0.027855873107910156 0.06189465522766113
0 0.33475247025489807 0.37543511390686035 0.04707689210772514 0.0849708765745163
