0 0.4395259916782379 0.5831000804901123 0.016393041238188744 0.08375968784093857
0 0.3518604338169098 0.5400387048721313 0.016261935234069824 0.025532007217407227
0 0.3972538709640503 0.6141744256019592 0.0534391887485981 0.17194461822509766
0 0.6832451224327087 0.6342588663101196 0.07178544998168945 0.19866728782653809
0 0.3394959270954132 0.5555011034011841 0.017108917236328125 0.04677901417016983
0 0.15543687343597412 0.6285659074783325 0.13752321898937225 0.37081179022789
0 0.35684123635292053 0.625308632850647 0.037071894854307175 0.14355263113975525
0 0.28269147872924805 0.6370576620101929 0.11648432910442352 0.3266217112541199
0 0.4255531430244446 0.5933301448822021 0.022797727957367897 0.10747556388378143
0 0.5885701775550842 0.6109031438827515 0.055400945246219635 0.18660259246826172
0 0.3690487742424011 0.5557173490524292 0.027311254292726517 0.05035843700170517
0 0.45645952224731445 0.5935108661651611 0.036512233316898346 0.11846446990966797
0 0.4789244532585144 0.7640991806983948 0.3744441270828247 0.4732287526130676
0 0.6377991437911987 0.6280580163002014 0.04384913295507431 0.1610865592956543
