0 0.5889357328414917 0.5820239186286926 0.0404602512717247 0.13872066140174866
0 0.8300569653511047 0.7746092677116394 0.15621261298656464 0.4131055772304535
0 0.29353904724121094 0.5563886761665344 0.03729276731610298 0.0713810920715332
0 0.9021711349487305 0.7576411366462708 0.0717962235212326 0.36650338768959045
0 0.2470874786376953 0.7481755018234253 0.1949387639760971 0.5077418088912964
0 0.14554670453071594 0.7089043259620667 0.11091329902410507 0.42221611738204956
0 0.6553937196731567 0.6477380394935608 0.09100880473852158 0.29388904571533203
0 0.040460046380758286 0.7085875868797302 0.08331120759248734 0.3991963267326355
0 0.04775399714708328 0.9000915288925171 0.0965612530708313 0.1990649253129959
0 0.3240138590335846 0.5274372100830078 0.025067806243896484 0.04527110978960991
0 0.5023385286331177 0.7447059750556946 0.3586758077144623 0.5121520757675171
0 0.36234956979751587 0.611466109752655 0.10724036395549774 0.22756052017211914
0 0.0476221926510334 0.8491255044937134 0.09461530297994614 0.3014500141143799
0 0.76047682762146 0.612062931060791 0.07187509536743164 0.10209693759679794
