0 0.601793110370636 0.3597254157066345 0.03716564178466797 0.07571113109588623
0 0.7452939748764038 0.3912627696990967 0.0711219310760498 0.167388916015625
0 0.43490391969680786 0.3731769919395447 0.04111075401306152 0.06797824054956436
0 0.5112131834030151 0.36321765184402466 0.02287912368774414 0.06055557727813721
0 0.2765795588493347 0.3656613230705261 0.035706114023923874 0.058959364891052246
0 0.333595335483551 0.6794986724853516 0.2593538165092468 0.3757208287715912
0 0.3782346844673157 0.3594845235347748 0.04737713187932968 0.050991177558898926
0 0.3099217414855957 0.3592982888221741 0.052501775324344635 0.06244480609893799
0 0.6453974843025208 0.36514902114868164 0.057914018630981445 0.09054670482873917
0 0.9167556762695312 0.3624996244907379 0.08422689139842987 0.07030542194843292
0 0.5840133428573608 0.6918495297431946 0.2727334499359131 0.36406993865966797
0 0.4873972535133362 0.36969009041786194 0.04591379314661026 0.07713420689105988
0 0.5569948554039001 0.3643568456172943 0.03748750686645508 0.06307017803192139
0 0.682709813117981 0.37179479002952576 0.02984023094177246 0.09120206534862518
