0 0.7909703254699707 0.7203647494316101 0.33219242095947266 0.31879371404647827
0 0.35613662004470825 0.329406201839447 0.04899322986602783 0.11046791076660156
0 0.47965097427368164 0.3414812684059143 0.037932492792606354 0.13195708394050598
0 0.24113807082176208 0.6890203952789307 0.2990769147872925 0.37516433000564575
0 0.43457311391830444 0.34483593702316284 0.058699894696474075 0.14061589539051056
0 0.7335938215255737 0.34807419776916504 0.09382834285497665 0.22291190922260284
0 0.9739831686019897 0.30200234055519104 0.036981962621212006 0.10418279469013214
0 0.5124785900115967 0.6767555475234985 0.2603015899658203 0.38812175393104553
0 0.551545262336731 0.33097249269485474 0.04087996482849121 0.11101134121417999
0 0.6469899415969849 0.34127894043922424 0.0606691837310791 0.13019295036792755
