0 0.9034587144851685 0.7442337274551392 0.01801013946533203 0.041146278381347656
0 0.1133740171790123 0.8215079307556152 0.09485898911952972 0.07947178184986115
0 0.07045623660087585 0.8246533274650574 0.04393674060702324 0.053434230387210846
0 0.31901001930236816 0.7358864545822144 0.33340731263160706 0.5300444960594177
0 0.8890420794487 0.8196174502372742 0.10198335349559784 0.09059572219848633
0 0.9872879981994629 0.8099424242973328 0.02637195587158203 0.055094338953495026
0 0.9464292526245117 0.8081772923469543 0.05377607420086861 0.07884082943201065
0 0.02018554136157036 0.8660838007926941 0.04356133192777634 0.06645069271326065
0 0.14369557797908783 0.7598694562911987 0.016768455505371094 0.07307562977075577
0 0.11899733543395996 0.7433894872665405 0.015481817536056042 0.04030356556177139
0 0.026011129841208458 0.8096912503242493 0.040818266570568085 0.05204601213335991
0 0.005303629674017429 0.8843795657157898 0.013386254198849201 0.027083873748779297
0 0.9310798645019531 0.7413960099220276 0.01703815534710884 0.0402316078543663
0 0.6506436467170715 0.6994282007217407 0.32692208886146545 0.4872104525566101
0 0.5523077249526978 0.43629997968673706 0.049703121185302734 0.050829075276851654
0 0.8304139971733093 0.8237598538398743 0.03821105882525444 0.06624412536621094
