1 0.735482931137085 0.4254036545753479 0.07265567779541016 0.05285775661468506
1 0.8942751884460449 0.4518142342567444 0.21482142806053162 0.11923446506261826
1 0.015408377163112164 0.5073168277740479 0.03379369527101517 0.05888567119836807
1 0.31906986236572266 0.41612428426742554 0.07191791385412216 0.03026113472878933
1 0.28152573108673096 0.42878156900405884 0.10026717185974121 0.06260931491851807
1 0.17111074924468994 0.454441636800766 0.16518230736255646 0.08422493934631348
1 0.08085847645998001 0.45000672340393066 0.1616685688495636 0.14281275868415833
1 0.4831969141960144 0.5925882458686829 0.8569746017456055 0.3730386793613434
1 0.36632877588272095 0.4080890715122223 0.07893729209899902 0.02766137197613716
1 0.19000059366226196 0.43406057357788086 0.2139701545238495 0.08794021606445312
