0 0.7836166620254517 0.6857172250747681 0.06978144496679306 0.17635712027549744
0 0.4629194140434265 0.670143723487854 0.03544125705957413 0.09508814662694931
0 0.5024393796920776 0.6723638772964478 0.041208408772945404 0.13056769967079163
0 0.9146347045898438 0.6863826513290405 0.07718934863805771 0.18932628631591797
0 0.5377827882766724 0.6709291934967041 0.03613247722387314 0.12145014107227325
0 0.6767842173576355 0.6828508377075195 0.05786953121423721 0.16808433830738068
0 0.4222283363342285 0.7165654301643372 0.16095182299613953 0.2576957643032074
0 0.9890937805175781 0.6484203934669495 0.023543834686279297 0.07171068340539932
0 0.6178789138793945 0.6636291742324829 0.03644905239343643 0.09763369709253311
0 0.8210768699645996 0.6769338846206665 0.02516765519976616 0.049538753926754
