0 0.8199575543403625 0.5104987025260925 0.030008411034941673 0.04209627956151962
0 0.7337279319763184 0.6919134259223938 0.28458061814308167 0.5627496242523193
0 0.8576655387878418 0.5396926999092102 0.0388578400015831 0.10579705238342285
0 0.07690804451704025 0.5601153373718262 0.04174305126070976 0.2234106957912445
0 0.9732804298400879 0.5748827457427979 0.058428384363651276 0.3378047049045563
0 0.12289617210626602 0.5412027835845947 0.06494585424661636 0.16688375174999237
0 0.26039761304855347 0.6849457025527954 0.24703502655029297 0.5845975875854492
0 0.04630739241838455 0.5690227746963501 0.09578458964824677 0.2831895351409912
0 0.37428951263427734 0.518018901348114 0.061888981610536575 0.06723475456237793
0 0.9565833210945129 0.5291540622711182 0.049848366528749466 0.20594653487205505
0 0.18577063083648682 0.5023958086967468 0.0422976016998291 0.05385994911193848
0 0.49221715331077576 0.6973223686218262 0.24830707907676697 0.5733081698417664
0 0.630203902721405 0.5417571067810059 0.056719303131103516 0.1255348175764084
0 0.8880779147148132 0.5539828538894653 0.03348388522863388 0.10168709605932236
