0 0.8647415041923523 0.5805646777153015 0.017001915723085403 0.03009319305419922
0 0.6990547776222229 0.5854785442352295 0.018963336944580078 0.031285952776670456
0 0.3937550187110901 0.7527385354042053 0.1319027692079544 0.32243412733078003
0 0.6415115594863892 0.5999375581741333 0.023241663351655006 0.051824331283569336
0 0.5616675615310669 0.6097305417060852 0.024123430252075195 0.07236742973327637
0 0.7826629877090454 0.5875373482704163 0.025414228439331055 0.023169517517089844
0 0.9025444984436035 0.6612595319747925 0.06083221361041069 0.2140963077545166
0 0.6826906204223633 0.602558970451355 0.018292617052793503 0.06349072605371475
0 0.32562050223350525 0.6039215326309204 0.017720412462949753 0.04585089534521103
0 0.9840694665908813 0.6666847467422485 0.04134836047887802 0.19857630133628845
0 0.8016229867935181 0.5871422290802002 0.017470264807343483 0.025583744049072266
0 0.2078787386417389 0.757921040058136 0.13625505566596985 0.31698569655418396
0 0.4191388189792633 0.6011420488357544 0.017063092440366745 0.04037809371948242
0 0.43515080213546753 0.6026913523674011 0.015418577007949352 0.03895139694213867
0 0.34806200861930847 0.6035959124565125 0.0274781696498394 0.04841303825378418
0 0.7394459247589111 0.5904009342193604 0.02603759802877903 0.03738202899694443
0 0.29492053389549255 0.7651649117469788 0.08342485129833221 0.3069527745246887
0 0.46610546112060547 0.597545862197876 0.014642715454101562 0.0334988608956337
0 0.8440850377082825 0.5874453783035278 0.026608848944306374 0.03360867500305176
0 0.6067396998405457 0.6149808168411255 0.03389396518468857 0.0880502238869667
0 0.5022727847099304 0.6223429441452026 0.048169802874326706 0.10214900970458984
0 0.7401583194732666 0.6052817106246948 0.028768444433808327 0.06704449653625488
0 0.8180837631225586 0.5879495739936829 0.020111655816435814 0.029758309945464134
0 0.6979958415031433 0.6012207269668579 0.02156367339193821 0.06247448921203613
