0 0.6413522958755493 0.5223497152328491 0.024344205856323242 0.041695356369018555
0 0.22647686302661896 0.5460195541381836 0.03426673263311386 0.08504009246826172
0 0.3184264600276947 0.7137705683708191 0.22470872104167938 0.4433539807796478
0 0.8020169138908386 0.6980286240577698 0.21871033310890198 0.25294771790504456
0 0.019590668380260468 0.5541523098945618 0.041490282863378525 0.13579925894737244
0 0.12464465945959091 0.5444996953010559 0.020297516137361526 0.08290767669677734
0 0.07260013371706009 0.5448387861251831 0.035921454429626465 0.10881280899047852
0 0.9804477691650391 0.5376532673835754 0.03801612928509712 0.12055663764476776
0 0.5429995656013489 0.7111719846725464 0.22956690192222595 0.4576682448387146
0 0.9428287744522095 0.5151465535163879 0.029803847894072533 0.06668086349964142
0 0.14458712935447693 0.5464045405387878 0.018916761502623558 0.0760643482208252
