0 0.6531622409820557 0.607866108417511 0.0177473071962595 0.05863513797521591
0 0.8493192791938782 0.6380665898323059 0.05564756318926811 0.14760398864746094
0 0.6832174062728882 0.6041756272315979 0.020047521218657494 0.06993770599365234
0 0.6975553631782532 0.6051132678985596 0.019745254889130592 0.0669565200805664
0 0.1842871457338333 0.6697733402252197 0.10343098640441895 0.2530951499938965
0 0.9839754104614258 0.649625301361084 0.0363621711730957 0.18286094069480896
0 0.8831087350845337 0.6135377883911133 0.030013084411621094 0.08021412044763565
0 0.48211073875427246 0.7613780498504639 0.32319363951683044 0.41693735122680664
0 0.2151426523923874 0.7317692637443542 0.16515716910362244 0.3756246566772461
0 0.2706889510154724 0.6179230213165283 0.11641521751880646 0.1469309777021408
0 0.5890132784843445 0.6126991510391235 0.024293089285492897 0.06928906589746475
0 0.5038881301879883 0.6428990364074707 0.05144214630126953 0.14780807495117188
0 0.27074742317199707 0.7320556044578552 0.118677519261837 0.3751141428947449
0 0.8124340772628784 0.6211082935333252 0.032742880284786224 0.11953411251306534
0 0.767038106918335 0.6028289198875427 0.02093362808227539 0.051425933837890625
0 0.6093195080757141 0.6064591407775879 0.017847299575805664 0.05401191860437393
0 0.8998178243637085 0.6167675256729126 0.019432544708251953 0.06805086135864258
0 0.5620883107185364 0.616448163986206 0.025264883413910866 0.08048944175243378
0 0.6374895572662354 0.6052614450454712 0.02355203591287136 0.05916094779968262
0 0.7831758260726929 0.6266387701034546 0.033213138580322266 0.11087179183959961
0 0.7377718091011047 0.6044498085975647 0.022303199395537376 0.06904792785644531
0 0.3351591229438782 0.7467154264450073 0.24101953208446503 0.39966195821762085
