0 0.04692796990275383 0.6071791648864746 0.04553452879190445 0.1627151519060135
0 0.6349030137062073 0.6267541646957397 0.023863697424530983 0.10771059989929199
0 0.7366592288017273 0.6130878329277039 0.03202094882726669 0.08190307766199112
0 0.18300876021385193 0.6316593885421753 0.03560612350702286 0.10106406360864639
0 0.39978599548339844 0.6297944784164429 0.5699704885482788 0.7365859746932983
0 0.8392353057861328 0.6250104904174805 0.05963392183184624 0.16777372360229492
0 0.9787762761116028 0.6368240118026733 0.045384980738162994 0.21299108862876892
0 0.8899937868118286 0.627157986164093 0.04501666873693466 0.1253669261932373
0 0.032597653567790985 0.6051315069198608 0.066441610455513 0.17035269737243652
0 0.08730897307395935 0.6159666776657104 0.06922701746225357 0.14207664132118225
0 0.7709406018257141 0.6270194053649902 0.03676237910985947 0.11349401623010635
0 0.0744265615940094 0.6174376606941223 0.04336782544851303 0.144846111536026
0 0.6593706011772156 0.6298168897628784 0.034113071858882904 0.11654829978942871
0 0.10457290709018707 0.635382890701294 0.03553476929664612 0.10011520236730576
0 0.6211797595024109 0.6345926523208618 0.0367884635925293 0.13359308242797852
0 0.7971621751785278 0.6270554065704346 0.02768530882894993 0.11459226906299591
0 0.14365139603614807 0.6248561143875122 0.0394611731171608 0.1032719612121582
