0 0.2751765251159668 0.8194872140884399 0.10523462295532227 0.13071122765541077
0 0.21423716843128204 0.7443920969963074 0.027216171845793724 0.06719326972961426
0 0.7235285043716431 0.7382740378379822 0.007918691262602806 0.016557693481445312
0 0.6764253377914429 0.7399808764457703 0.011004114523530006 0.021454667672514915
0 0.01075247023254633 0.7448219060897827 0.022718779742717743 0.10724606364965439
0 0.6491816639900208 0.7426483035087585 0.00895676575601101 0.028026962652802467
0 0.13176636397838593 0.7507141828536987 0.03987792879343033 0.09111261367797852
0 0.6033820509910583 0.7349046468734741 0.010193824768066406 0.024649763479828835
0 0.6398370265960693 0.7394770979881287 0.01411981601268053 0.030282115563750267
0 0.40936145186424255 0.7400715947151184 0.024321984499692917 0.046013832092285156
