0 0.4329814016819 0.5374882221221924 0.025004053488373756 0.0588500015437603
0 0.7490975856781006 0.6929876208305359 0.24318380653858185 0.5506149530410767
0 0.02104485221207142 0.5574690699577332 0.04329526051878929 0.12894806265830994
0 0.17702969908714294 0.5312263369560242 0.027608871459960938 0.06294608116149902
0 0.23079633712768555 0.528955340385437 0.037853263318538666 0.052458904683589935
0 0.32546210289001465 0.698447585105896 0.24450750648975372 0.5182422399520874
0 0.1456628143787384 0.5461760759353638 0.030551111325621605 0.09025063365697861
0 0.08534760773181915 0.545062243938446 0.03249777480959892 0.1079021468758583
0 0.9749113917350769 0.5487416982650757 0.02293109893798828 0.06548595428466797
0 0.537389874458313 0.6985527873039246 0.21620020270347595 0.5320162177085876
0 0.6666573286056519 0.5274993777275085 0.034026287496089935 0.05396542698144913
