0 0.9122976064682007 0.4919000566005707 0.03770017623901367 0.05273900181055069
0 0.7902531027793884 0.7582824230194092 0.25489169359207153 0.3965298533439636
0 0.06486225873231888 0.5140846371650696 0.029793154448270798 0.08698463439941406
0 0.9861570596694946 0.5147696733474731 0.03157968446612358 0.13474050164222717
0 0.08833932876586914 0.5094820857048035 0.03406701236963272 0.10539698600769043
0 0.23592090606689453 0.5547484755516052 0.022130083292722702 0.018700694665312767
0 0.2740369737148285 0.7547708749771118 0.3147965669631958 0.4168276786804199
0 0.02176915854215622 0.5358904004096985 0.04707956686615944 0.17686958611011505
0 0.5484259128570557 0.7386337518692017 0.29338082671165466 0.4286786615848541
0 0.8858093023300171 0.4875219464302063 0.025306224822998047 0.03233003616333008
0 0.9407342076301575 0.4983329772949219 0.028142739087343216 0.05731053277850151
