0 0.1541295349597931 0.7490502595901489 0.19908317923545837 0.4409921169281006
0 0.637833833694458 0.6090936064720154 0.022289371117949486 0.05858621746301651
0 0.5884163975715637 0.6146566867828369 0.02248859405517578 0.06273622810840607
0 0.33826810121536255 0.7258895039558411 0.26876139640808105 0.4825645387172699
0 0.8380886316299438 0.7420756816864014 0.23126840591430664 0.4159693717956543
0 0.022371286526322365 0.5246542692184448 0.019145570695400238 0.018918991088867188
0 0.41707754135131836 0.6123725771903992 0.024413634091615677 0.05622043460607529
0 0.4442749619483948 0.6175276041030884 0.024522781372070312 0.06281409412622452
0 0.7374826669692993 0.6318892240524292 0.04505190998315811 0.11259150505065918
0 0.11248154938220978 0.6066912412643433 0.04029540345072746 0.08030619472265244
0 0.031566791236400604 0.6490703821182251 0.06767912209033966 0.23592600226402283
0 0.9032011032104492 0.6076534986495972 0.02884073182940483 0.06442093849182129
0 0.5651624798774719 0.6169509887695312 0.02595958672463894 0.08156375586986542
0 0.6941854953765869 0.6085869669914246 0.018497753888368607 0.04871487617492676
0 0.6085790395736694 0.6176048517227173 0.02454209327697754 0.07288074493408203
0 0.9817716479301453 0.6301238536834717 0.04238862916827202 0.1661314070224762
0 0.5024285316467285 0.6234816312789917 0.04544048383831978 0.10219883918762207
0 0.6660463213920593 0.6175135374069214 0.024095773696899414 0.07451367378234863
