0 0.8652315139770508 0.683021605014801 0.013506126590073109 0.03992462158203125
0 0.6341955661773682 0.6824319958686829 0.020732592791318893 0.056414127349853516
0 0.4168190360069275 0.6878436207771301 0.010089588351547718 0.04866423457860947
0 0.854151725769043 0.6891501545906067 0.015339374542236328 0.05000267177820206
0 0.91749507188797 0.693831205368042 0.014133453369140625 0.043132781982421875
0 0.9832814335823059 0.6882365345954895 0.02898845635354519 0.07673931121826172
0 0.5074604749679565 0.6858056783676147 0.016377782449126244 0.037247322499752045
0 0.34054821729660034 0.6933562755584717 0.2843136191368103 0.4814528524875641
0 0.8198074102401733 0.6866203546524048 0.016199398785829544 0.046653129160404205
0 0.7856401205062866 0.682894229888916 0.021741628646850586 0.060064125806093216
0 0.6685358285903931 0.6865376830101013 0.01727604866027832 0.047257423400878906
0 0.7677444815635681 0.6852719187736511 0.015593623742461205 0.0495145320892334
0 0.6965863704681396 0.6859920024871826 0.018393516540527344 0.04882097244262695
0 0.61510169506073 0.6859019994735718 0.01587376557290554 0.044783733785152435
0 0.9311672449111938 0.693349301815033 0.011565876193344593 0.033715248107910156
