0 0.33755117654800415 0.5250666737556458 0.013146519660949707 0.035790443420410156
0 0.3526665270328522 0.5206463932991028 0.01607818529009819 0.03589797019958496
0 0.9449300765991211 0.5117184519767761 0.019327830523252487 0.05930924415588379
0 0.2795296013355255 0.5276714563369751 0.020595598965883255 0.059296559542417526
0 0.21795949339866638 0.5209865570068359 0.02458803728222847 0.06468281894922256
0 0.01369059644639492 0.5288053154945374 0.030444080010056496 0.09598865360021591
0 0.2637687921524048 0.5282851457595825 0.015483712777495384 0.05748762935400009
0 0.083478182554245 0.5152580142021179 0.01684778928756714 0.04033193737268448
0 0.9877424240112305 0.521382212638855 0.01671581342816353 0.045839738100767136
0 0.3213968873023987 0.5211405754089355 0.01740853860974312 0.04467730596661568
0 0.37263479828834534 0.5202623605728149 0.014032363891601562 0.030728816986083984
0 0.3013293743133545 0.5251172780990601 0.021199703216552734 0.0650627613067627
0 0.24067242443561554 0.5248435735702515 0.021040678024291992 0.05643448978662491
0 0.4950743615627289 0.6887298226356506 0.356799453496933 0.5605160593986511
0 0.6417434215545654 0.5222665071487427 0.0213044174015522 0.04393792152404785
