0 0.3929418623447418 0.6012504696846008 0.5730385780334473 0.4093555510044098
1 0.39182886481285095 0.6017336249351501 0.5681853294372559 0.40373164415359497
1 0.07329285144805908 0.46621036529541016 0.12008516490459442 0.1072566956281662
1 0.754345715045929 0.47520822286605835 0.056649111211299896 0.03740730136632919
1 0.14337961375713348 0.45732539892196655 0.0388733372092247 0.05633420869708061
2 0.3919225335121155 0.6016528010368347 0.5693907737731934 0.4060541093349457
3 0.39216768741607666 0.6018320918083191 0.5693109035491943 0.4061874449253082
4 0.391838014125824 0.6014463901519775 0.5690070986747742 0.4050959646701813
6 0.3921453058719635 0.6017863750457764 0.5672003626823425 0.403954416513443
6 0.07304982095956802 0.4658956527709961 0.11999547481536865 0.10722704231739044
