0 0.25705790519714355 0.5948474407196045 0.5108487010002136 0.46760472655296326
0 0.7495211958885193 0.6049525141716003 0.49600744247436523 0.4339544177055359
1 0.2558474540710449 0.5945541262626648 0.5110813975334167 0.4668288826942444
1 0.7509143352508545 0.6060867309570312 0.49765270948410034 0.42937278747558594
1 0.2260594367980957 0.43810468912124634 0.11273938417434692 0.07789735496044159
1 0.49118131399154663 0.45318713784217834 0.09661407768726349 0.07751073688268661
1 0.3852689862251282 0.4463959336280823 0.09346716105937958 0.07684002071619034
1 0.6392623782157898 0.4604458212852478 0.09122838824987411 0.0697779655456543
1 0.3367873728275299 0.42552345991134644 0.03710231930017471 0.03677930682897568
1 0.5826021432876587 0.4536632001399994 0.04377470165491104 0.04658842086791992
1 0.7040185928344727 0.4322114884853363 0.036705970764160156 0.03804368898272514
1 0.1372915357351303 0.4356117248535156 0.07076708972454071 0.04249725490808487
1 0.29159677028656006 0.4334504008293152 0.053856514394283295 0.06312742084264755
1 0.9190692901611328 0.4246607720851898 0.11377792060375214 0.059615302830934525
1 0.546352207660675 0.4412001967430115 0.03607301786541939 0.0446355827152729
1 0.8338376879692078 0.44968217611312866 0.08467850834131241 0.07254495471715927
1 0.6568748950958252 0.4456440806388855 0.09768371284008026 0.07529325783252716
2 0.7502769231796265 0.605096697807312 0.4966907501220703 0.43204665184020996
2 0.2561073303222656 0.5943377614021301 0.5111480951309204 0.46732598543167114
3 0.7505713105201721 0.6054767370223999 0.49603110551834106 0.4312688708305359
3 0.2561180591583252 0.5943825840950012 0.511005699634552 0.4668964445590973
4 0.7506633996963501 0.6051600575447083 0.4963146150112152 0.4307810366153717
4 0.2561871409416199 0.5937808156013489 0.5115821957588196 0.46724453568458557
6 0.9213069081306458 0.42366939783096313 0.11030025780200958 0.05808069556951523
