0 0.5041548013687134 0.49199897050857544 0.5703632235527039 0.42104023694992065
1 0.0680532455444336 0.45265993475914 0.13561634719371796 0.13468694686889648
1 0.5041912794113159 0.4917157292366028 0.5624316930770874 0.41554737091064453
1 0.9359868168830872 0.4312400817871094 0.1274360716342926 0.18617859482765198
1 0.8396942019462585 0.43050616979599 0.09966430813074112 0.11558256298303604
1 0.18828430771827698 0.43986502289772034 0.08713917434215546 0.08855076134204865
1 0.24235573410987854 0.45901790261268616 0.0886232852935791 0.17153501510620117
2 0.5034013390541077 0.49176302552223206 0.5656094551086426 0.4174489974975586
3 0.5036805868148804 0.4917477071285248 0.565621018409729 0.41722068190574646
4 0.5036251544952393 0.49134501814842224 0.5646758079528809 0.41647854447364807
5 0.5036454796791077 0.4918120503425598 0.5638893842697144 0.4153762757778168
6 0.5039873123168945 0.49151673913002014 0.5631241798400879 0.41469430923461914
