0 0.4246123433113098 0.5617741942405701 0.30093470215797424 0.17988137900829315
1 0.42434924840927124 0.5629759430885315 0.2929059863090515 0.17080163955688477
1 0.9039469957351685 0.5276292562484741 0.15300102531909943 0.10955305397510529
1 0.6359377503395081 0.5054627656936646 0.06440334022045135 0.04842414706945419
1 0.24715808033943176 0.5180196762084961 0.13716281950473785 0.0883447676897049
1 0.7844825387001038 0.5145816206932068 0.05934629589319229 0.047220803797245026
1 0.8273447155952454 0.5193017721176147 0.03672180324792862 0.0631682425737381
1 0.3261067271232605 0.501338541507721 0.04138140752911568 0.03821439668536186
1 0.7312543988227844 0.5043676495552063 0.04195528104901314 0.041319943964481354
2 0.13189569115638733 0.5129430890083313 0.0302338358014822 0.07551555335521698
2 0.015298249199986458 0.5204545259475708 0.030149754136800766 0.09890098869800568
3 0.13192978501319885 0.5129032135009766 0.030437063425779343 0.07593584060668945
4 0.4241151809692383 0.5624669790267944 0.2939918637275696 0.17231082916259766
6 0.2466023713350296 0.5178488492965698 0.13665147125720978 0.08817615360021591
