0 0.22843866050243378 0.612817645072937 0.4124506115913391 0.3064693510532379
1 0.2281334400177002 0.6134164929389954 0.4082493782043457 0.3020228445529938
1 0.5343415141105652 0.6007482409477234 0.22666291892528534 0.18534202873706818
1 0.8179118037223816 0.6151236295700073 0.3395305573940277 0.25981074571609497
1 0.9768043756484985 0.5996810793876648 0.04617786407470703 0.14417800307273865
2 0.22808456420898438 0.6129328012466431 0.4102512300014496 0.30360689759254456
2 0.02277316153049469 0.5661870241165161 0.0448308065533638 0.11566372215747833
2 0.8187097311019897 0.6142305135726929 0.34223517775535583 0.2613687515258789
3 0.022744005545973778 0.5661370158195496 0.04458864778280258 0.11544494330883026
4 0.22787074744701385 0.6128436923027039 0.4086437225341797 0.3032676577568054
4 0.8182761073112488 0.6141881942749023 0.340371698141098 0.2611772418022156
4 0.5341340899467468 0.6003003716468811 0.22628402709960938 0.18599119782447815
6 0.2279546707868576 0.6132538914680481 0.40789899230003357 0.3025517463684082
