0 0.3154647946357727 0.6131306886672974 0.5328763723373413 0.4323194622993469
1 0.751213550567627 0.5740180611610413 0.30609530210494995 0.24863091111183167
1 0.31498226523399353 0.6136746406555176 0.5287488698959351 0.42788106203079224
1 0.9649718999862671 0.5647105574607849 0.06992149353027344 0.08361806720495224
1 0.5910475850105286 0.5599513053894043 0.10771532356739044 0.1663810759782791
1 0.9069307446479797 0.5516029596328735 0.0654376968741417 0.08441410213708878
2 0.31519198417663574 0.6133741736412048 0.5309160947799683 0.4304776191711426
2 0.7524917125701904 0.5733087062835693 0.3097630441188812 0.2513398230075836
3 0.31536799669265747 0.6131765246391296 0.530426025390625 0.4296030104160309
4 0.314920037984848 0.6132563948631287 0.5296443700790405 0.42980146408081055
4 0.7524084448814392 0.5733757019042969 0.30633801221847534 0.2510404586791992
5 0.31523042917251587 0.6136401295661926 0.5291241407394409 0.42798978090286255
6 0.31504398584365845 0.6135340332984924 0.5285435914993286 0.42816591262817383
6 0.753205418586731 0.5739338397979736 0.3019668459892273 0.24964046478271484
6 0.5912991762161255 0.5595722198486328 0.10675420612096786 0.16594114899635315
