0 0.7519567608833313 0.6720407605171204 0.34230875968933105 0.26446041464805603
0 0.25550544261932373 0.6649424433708191 0.356220006942749 0.2649255692958832
1 0.7519963979721069 0.6721356511116028 0.3378331661224365 0.26032471656799316
1 0.25585922598838806 0.6649636626243591 0.3521231710910797 0.25994405150413513
1 0.46899110078811646 0.6002092957496643 0.05120592191815376 0.042342089116573334
2 0.7517791986465454 0.6718319654464722 0.3392959535121918 0.26160264015197754
2 0.2554667890071869 0.6646957397460938 0.35323116183280945 0.26170119643211365
3 0.7519351840019226 0.6719658374786377 0.3392835259437561 0.2615264058113098
3 0.25550341606140137 0.6647611856460571 0.3529673218727112 0.2614738345146179
4 0.7518477439880371 0.6718277931213379 0.3379758894443512 0.26103705167770386
4 0.2555389702320099 0.6646445393562317 0.35248103737831116 0.26103514432907104
4 0.46860942244529724 0.5998707413673401 0.051516342908144 0.04287605360150337
5 0.25574979186058044 0.6647462248802185 0.35241326689720154 0.260488897562027
5 0.7518755197525024 0.6722801923751831 0.3374698758125305 0.26051193475723267
6 0.25563138723373413 0.6648917198181152 0.35210520029067993 0.2604467272758484
6 0.4686409831047058 0.6001870632171631 0.05146922916173935 0.04257011413574219
6 0.7519317269325256 0.6724210977554321 0.33733853697776794 0.260192334651947
