0 0.269319623708725 0.6799265146255493 0.31565147638320923 0.22229424118995667
1 0.2695024013519287 0.6805694699287415 0.309276282787323 0.2165980339050293
1 0.7508231997489929 0.6561986207962036 0.18697361648082733 0.14347343146800995
1 0.5095857977867126 0.634671688079834 0.12284574657678604 0.10868807137012482
2 0.2691587805747986 0.6804152131080627 0.3108542561531067 0.21879072487354279
2 0.7506218552589417 0.6542881727218628 0.18803396821022034 0.1475435197353363
2 0.5094677209854126 0.6344656944274902 0.12351827323436737 0.10912742465734482
3 0.2692485749721527 0.6804029941558838 0.3108992576599121 0.21844597160816193
3 0.7507944107055664 0.6549745798110962 0.18817520141601562 0.1468803435564041
3 0.5096429586410522 0.6346549987792969 0.12328539043664932 0.1088440865278244
4 0.2691875696182251 0.6801570653915405 0.3101228177547455 0.21805477142333984
4 0.5092788338661194 0.6342577934265137 0.12286482006311417 0.1090250015258789
4 0.7507312297821045 0.6550120711326599 0.18735532462596893 0.14599446952342987
6 0.26929184794425964 0.6804315447807312 0.30990442633628845 0.2171541154384613
