0 0.9179524183273315 0.6740394234657288 0.07761840522289276 0.1730894148349762
1 0.29167085886001587 0.7035894393920898 0.35098525881767273 0.2091442048549652
1 0.6520299315452576 0.6556246876716614 0.10671892017126083 0.08066339790821075
1 0.46457546949386597 0.6529209613800049 0.10197944939136505 0.08182992786169052
1 0.5788187980651855 0.6300677061080933 0.04812145233154297 0.04091949388384819
1 0.5113997459411621 0.6311331391334534 0.03565158694982529 0.0355655662715435
2 0.918573260307312 0.6742767691612244 0.07350101321935654 0.1679517775774002
2 0.9777460098266602 0.6760425567626953 0.04255218431353569 0.18540887534618378
2 0.8539732694625854 0.6534155607223511 0.05948581546545029 0.13681212067604065
3 0.9186000823974609 0.6742165684700012 0.07394485175609589 0.1681751310825348
3 0.8539890050888062 0.6533588767051697 0.05882282182574272 0.1369381844997406
3 0.9777271151542664 0.6759462952613831 0.04208507388830185 0.18560533225536346
4 0.11605648696422577 0.6064286231994629 0.2316146343946457 0.17132148146629333
