0 0.26328474283218384 0.5715499520301819 0.47932738065719604 0.414609432220459
0 0.7453254461288452 0.571713387966156 0.5028806924819946 0.41193073987960815
1 0.26261550188064575 0.5714434385299683 0.4783855378627777 0.41105252504348755
1 0.7464218735694885 0.5711841583251953 0.5047467350959778 0.4088716506958008
1 0.9278446435928345 0.45933809876441956 0.14369182288646698 0.1288294792175293
1 0.07593140751123428 0.47464197874069214 0.15200456976890564 0.1964021623134613
1 0.09573902189731598 0.47512879967689514 0.19111254811286926 0.19621047377586365
2 0.26292091608047485 0.5710522532463074 0.47876882553100586 0.41258716583251953
2 0.7459138035774231 0.5710086822509766 0.5035175085067749 0.4098869264125824
3 0.2630935311317444 0.5710349678993225 0.47817564010620117 0.4117947518825531
3 0.7461432218551636 0.5712571740150452 0.5034324526786804 0.40936413407325745
4 0.2628509998321533 0.5708374977111816 0.47854891419410706 0.41171225905418396
4 0.7462517619132996 0.5709185600280762 0.5028783679008484 0.4093689024448395
6 0.26286426186561584 0.5712533593177795 0.47821569442749023 0.4111155569553375
6 0.746505856513977 0.57110196352005 0.503940761089325 0.4088495373725891
