0 0.49814218282699585 0.7271707057952881 0.26178568601608276 0.20433779060840607
1 0.49804672598838806 0.7267211079597473 0.2590697407722473 0.19934597611427307
1 0.18477383255958557 0.7252164483070374 0.310483455657959 0.19557371735572815
1 0.7954613566398621 0.7349357604980469 0.3105476498603821 0.17699508368968964
1 0.3873514235019684 0.6665533185005188 0.04727163165807724 0.045546434819698334
1 0.33646664023399353 0.671978235244751 0.06056976318359375 0.060209084302186966
1 0.6227974891662598 0.659554660320282 0.10685539245605469 0.0701068863272667
2 0.49802809953689575 0.7264978289604187 0.25986236333847046 0.20125889778137207
3 0.453151136636734 0.6628687977790833 0.0418359749019146 0.03605031967163086
3 0.528120219707489 0.6650586128234863 0.047457315027713776 0.037389468401670456
4 0.4979482591152191 0.7265067100524902 0.2591747045516968 0.2007618397474289
4 0.7952209115028381 0.7343171834945679 0.3107386529445648 0.17841525375843048
4 0.1845715045928955 0.7248899936676025 0.310992956161499 0.19673433899879456
6 0.6228862404823303 0.6585779786109924 0.10636548697948456 0.06764344871044159
