1 0.7391687631607056 0.5532869696617126 0.4146137833595276 0.3112780451774597
1 0.9412824511528015 0.4717610478401184 0.11709632724523544 0.1070619598031044
1 0.25878944993019104 0.5510081052780151 0.44252586364746094 0.36175718903541565
1 0.06136401370167732 0.4618338644504547 0.12224818766117096 0.11982794106006622
1 0.5431342124938965 0.4559547007083893 0.08205433189868927 0.07559194415807724
1 0.4890890121459961 0.44078391790390015 0.05615387111902237 0.05817470699548721
2 0.25805506110191345 0.49288278818130493 0.44372549653053284 0.48435622453689575
2 0.739447295665741 0.5067198872566223 0.41484466195106506 0.4101436734199524
3 0.25815385580062866 0.4930432438850403 0.4430638253688812 0.4843992292881012
4 0.2581667900085449 0.5505353212356567 0.44296932220458984 0.3645974099636078
4 0.7391677498817444 0.5528989434242249 0.4141337275505066 0.31391143798828125
5 0.25852951407432556 0.5509644150733948 0.44287997484207153 0.36169537901878357
6 0.2586069107055664 0.5510073900222778 0.4416164457798004 0.36193445324897766
