0 0.27281081676483154 0.5610358715057373 0.4981846213340759 0.39751625061035156
1 0.27326950430870056 0.5577499270439148 0.49470263719558716 0.4001310467720032
1 0.7788737416267395 0.5478906035423279 0.33653703331947327 0.25648584961891174
1 0.5415811538696289 0.5260922312736511 0.1983700692653656 0.23096808791160583
2 0.2725258767604828 0.5553621649742126 0.49634742736816406 0.407024085521698
2 0.7780792713165283 0.5476742386817932 0.3382376730442047 0.25777703523635864
3 0.27282851934432983 0.5577356815338135 0.49587544798851013 0.40175142884254456
3 0.7785957455635071 0.5476807951927185 0.3372604250907898 0.25749245285987854
4 0.2722635269165039 0.5547569394111633 0.4948848783969879 0.4070158898830414
4 0.7786439657211304 0.5473938584327698 0.3366409242153168 0.2575390934944153
4 0.5424919724464417 0.5240087509155273 0.201337531208992 0.2360355406999588
5 0.27260565757751465 0.5550203323364258 0.4944060444831848 0.4048381745815277
6 0.27281519770622253 0.5616670846939087 0.49454838037490845 0.3917366862297058
