0 0.319169282913208 0.5460414886474609 0.6142705082893372 0.3871173858642578
1 0.31845903396606445 0.546707034111023 0.6112769246101379 0.3841443955898285
1 0.827723503112793 0.5232967734336853 0.23265953361988068 0.20523051917552948
1 0.07837711274623871 0.48425254225730896 0.15633723139762878 0.14340047538280487
2 0.31817299127578735 0.5466966032981873 0.6122192144393921 0.3867560625076294
3 0.9880205988883972 0.49537450075149536 0.023029327392578125 0.09704780578613281
3 0.9623304605484009 0.4966110289096832 0.031273651868104935 0.09348754584789276
4 0.31824955344200134 0.545902669429779 0.6114860773086548 0.38436880707740784
4 0.8274734616279602 0.5228326320648193 0.233180433511734 0.20628900825977325
5 0.3182782530784607 0.5476166605949402 0.6114020347595215 0.3862069845199585
6 0.07834255695343018 0.4842104911804199 0.15627071261405945 0.14367428421974182
