0 0.26036909222602844 0.538569450378418 0.48747554421424866 0.3395632803440094
1 0.25975391268730164 0.5378449559211731 0.48415741324424744 0.33232593536376953
1 0.8331464529037476 0.5297861695289612 0.2794340252876282 0.1912035048007965
1 0.5537595748901367 0.5228087902069092 0.21970996260643005 0.2524927258491516
1 0.7068949937820435 0.49148616194725037 0.06778649985790253 0.07396068423986435
2 0.2598172724246979 0.5365827679634094 0.48524293303489685 0.33612051606178284
2 0.5538704991340637 0.5204147100448608 0.21987152099609375 0.2557697296142578
2 0.8327485918998718 0.5300217866897583 0.28019899129867554 0.1939651519060135
3 0.25998935103416443 0.5371784567832947 0.48513707518577576 0.33587849140167236
3 0.8328089714050293 0.5301423072814941 0.28004035353660583 0.1946568489074707
4 0.25972357392311096 0.5371551513671875 0.48479634523391724 0.33488932251930237
4 0.5530624985694885 0.5196634531021118 0.22004947066307068 0.2555408179759979
4 0.832705020904541 0.5292008519172668 0.27974390983581543 0.19265298545360565
5 0.25976067781448364 0.5369364619255066 0.48450595140457153 0.3322565257549286
6 0.25960269570350647 0.537484884262085 0.4840533137321472 0.3312682509422302
6 0.553398847579956 0.526148796081543 0.21962252259254456 0.2467903196811676
