0 0.26589322090148926 0.5562014579772949 0.45765599608421326 0.3358798921108246
0 0.7379046082496643 0.5511102676391602 0.4233904778957367 0.3119505047798157
1 0.26663872599601746 0.5562984347343445 0.4558163285255432 0.33143845200538635
1 0.7372357845306396 0.5503866672515869 0.4202050268650055 0.30592983961105347
1 0.5333534479141235 0.4630374014377594 0.05657186359167099 0.039344120770692825
1 0.0930275097489357 0.466768354177475 0.10256536304950714 0.10671024024486542
1 0.9634073972702026 0.48264917731285095 0.07241535186767578 0.08943776786327362
1 0.026976948603987694 0.4743162989616394 0.05363999679684639 0.1418343484401703
1 0.4588204026222229 0.46247369050979614 0.03317375108599663 0.03479576110839844
2 0.26613011956214905 0.5555931925773621 0.45654362440109253 0.3341781497001648
2 0.7372013926506042 0.5507151484489441 0.4206228256225586 0.3090565800666809
3 0.2662544846534729 0.556019127368927 0.4559047818183899 0.3331710696220398
3 0.7374907732009888 0.5507979989051819 0.420384019613266 0.3086093068122864
4 0.26620930433273315 0.5552415251731873 0.45606938004493713 0.3342862129211426
4 0.7372890710830688 0.550353467464447 0.4200684130191803 0.30795782804489136
6 0.9324442148208618 0.45829707384109497 0.0650445967912674 0.06678752601146698
