0 0.25860506296157837 0.6820635795593262 0.3317496180534363 0.22658948600292206
1 0.7884268760681152 0.6636102199554443 0.2561773359775543 0.1773102730512619
1 0.25842952728271484 0.6821974515914917 0.32655495405197144 0.22026881575584412
1 0.5136978030204773 0.636185884475708 0.1440717726945877 0.11768779903650284
1 0.4527764320373535 0.6027394533157349 0.03424987941980362 0.03086557425558567
1 0.41749995946884155 0.6128499507904053 0.03890419006347656 0.024177933111786842
2 0.2584482431411743 0.6823103427886963 0.32821983098983765 0.22303076088428497
2 0.7880969643592834 0.663303017616272 0.25734224915504456 0.17928656935691833
2 0.5131934285163879 0.6360443234443665 0.14649982750415802 0.11873473972082138
3 0.2586282789707184 0.682387113571167 0.32779809832572937 0.22267445921897888
3 0.788125216960907 0.663359522819519 0.2573198676109314 0.1794055998325348
4 0.2583278715610504 0.6818184852600098 0.32737162709236145 0.22241564095020294
4 0.513117253780365 0.6358157992362976 0.14571265876293182 0.11826419830322266
4 0.7882024645805359 0.6631685495376587 0.25680309534072876 0.17842121422290802
6 0.25848618149757385 0.681993305683136 0.3274988532066345 0.2211441993713379
6 0.7883615493774414 0.6633895635604858 0.25650277733802795 0.17806825041770935
