0 0.4891262650489807 0.5433036684989929 0.5775070190429688 0.40326231718063354
1 0.11662278324365616 0.4624105393886566 0.05864248797297478 0.10219116508960724
1 0.8278857469558716 0.44422441720962524 0.07367458194494247 0.04427614063024521
1 0.05302714183926582 0.46104946732521057 0.10565602779388428 0.12097950279712677
1 0.1778428554534912 0.4449947476387024 0.0695861205458641 0.06514129787683487
1 0.4891897141933441 0.5436015725135803 0.5684456825256348 0.3966761827468872
2 0.48882827162742615 0.5439666509628296 0.5709091424942017 0.4003189206123352
2 0.907676100730896 0.4315814971923828 0.047171782702207565 0.05991525575518608
3 0.9075447916984558 0.43157297372817993 0.0467187874019146 0.05983123928308487
4 0.4887196123600006 0.5433427691459656 0.5699299573898315 0.39874690771102905
5 0.48905420303344727 0.5437278747558594 0.5687036514282227 0.39767178893089294
6 0.48907485604286194 0.5434868335723877 0.5689030885696411 0.3974452018737793
