12 0.027898 0.451196 0.048750 0.023798
8 0.608340 0.530422 0.061523 0.038570
10 0.313629 0.675539 0.141445 0.190727
11 0.771312 0.508464 0.040000 0.029777
12 0.980395 0.491501 0.039211 0.033974
8 0.205176 0.463394 0.027242 0.022145
4 0.869184 0.460170 0.037148 0.258910
12 0.916098 0.490088 0.079086 0.049648
8 0.172867 0.459004 0.025141 0.019132
10 0.888297 0.512737 0.024375 0.023341
8 0.717812 0.525334 0.040937 0.036342
8 0.073414 0.452157 0.033359 0.019226
4 0.548102 0.445692 0.041641 0.182309
12 0.041121 0.570598 0.082242 0.097257
8 0.069195 0.467456 0.033984 0.020985
11 0.648297 0.506542 0.047500 0.040445
11 0.238309 0.453242 0.035008 0.029343
4 0.301492 0.451049 0.082719 0.243247
4 0.300793 0.414279 0.032258 0.116694
4 0.705621 0.445727 0.024289 0.135393
8 0.525695 0.452128 0.014484 0.018581
4 0.859734 0.462784 0.036937 0.160434
4 0.039223 0.414174 0.027789 0.110762
4 0.799551 0.453986 0.033461 0.234771
8 0.146539 0.463458 0.027156 0.023845
11 0.964816 0.519332 0.031680 0.040586
4 0.115734 0.435715 0.043250 0.103411
11 0.725809 0.567937 0.051570 0.061782
10 0.613480 0.648998 0.063664 0.078581
12 0.980648 0.547808 0.038703 0.032075
4 0.298137 0.528558 0.058008 0.261805
4 0.418484 0.439666 0.035375 0.227632
8 0.042008 0.477597 0.039141 0.025322
