8 0.585868 0.500792 0.052236 0.022389
8 0.556250 0.519451 0.028722 0.029403
8 0.599889 0.510521 0.068972 0.063542
8 0.092986 0.533361 0.113083 0.026000
8 0.902590 0.491979 0.057903 0.022847
8 0.932549 0.511424 0.071236 0.034153
8 0.064333 0.479424 0.105611 0.034819
8 0.847639 0.491069 0.078694 0.033250
8 0.747340 0.488694 0.103347 0.049306
8 0.131319 0.513458 0.036861 0.015611
8 0.322528 0.493563 0.062417 0.029625
8 0.958306 0.481681 0.083389 0.035278
8 0.756271 0.479535 0.073264 0.029625
8 0.849896 0.519229 0.048403 0.016736
8 0.539285 0.488014 0.047708 0.022167
8 0.878278 0.470375 0.038222 0.024417
8 0.199951 0.492431 0.080958 0.073500
8 0.829431 0.526118 0.076667 0.024653
8 0.339035 0.508826 0.122569 0.058792
8 0.650097 0.502375 0.076222 0.043639
0 0.536757 0.383368 0.174514 0.075764
8 0.415472 0.468229 0.097250 0.050431
