0 0.122944 0.457028 0.019326 0.050161
1 0.929873 0.533624 0.140254 0.098668
0 0.642178 0.351318 0.095176 0.070776
0 0.050557 0.449700 0.101113 0.053075
0 0.899956 0.356977 0.071943 0.055857
0 0.300801 0.403309 0.029453 0.029019
1 0.812617 0.502848 0.059512 0.067745
0 0.770044 0.544531 0.108604 0.077496
0 0.580361 0.466581 0.033027 0.028038
0 0.606084 0.449173 0.028359 0.040249
0 0.462847 0.415695 0.116768 0.038302
0 0.581826 0.356003 0.037578 0.067291
0 0.732227 0.356069 0.080703 0.062182
0 0.370000 0.396413 0.072227 0.041611
0 0.820537 0.356859 0.090801 0.053836
0 0.649297 0.442613 0.033633 0.031669
