8 0.984102 0.464854 0.031797 0.021792
7 0.312363 0.752681 0.231555 0.070585
12 0.888102 0.490170 0.223797 0.118021
10 0.657937 0.697020 0.324016 0.172799
12 0.009293 0.484303 0.018586 0.025094
10 0.328961 0.489561 0.056781 0.024204
10 0.531852 0.480293 0.069391 0.027611
8 0.647871 0.522746 0.159102 0.061089
10 0.258109 0.500322 0.087188 0.034016
8 0.179820 0.490878 0.095141 0.052951
10 0.131508 0.509526 0.100062 0.033852
12 0.371535 0.516019 0.209742 0.101311
10 0.445043 0.493150 0.082523 0.028735
8 0.912418 0.467436 0.048695 0.017705
