8 0.611658 0.606500 0.072750 0.052200
8 0.723888 0.698556 0.039392 0.035763
4 0.953371 0.624931 0.093258 0.175512
12 0.463712 0.611094 0.055242 0.043462
4 0.177592 0.469606 0.085133 0.304837
8 0.808783 0.701612 0.062800 0.038275
12 0.492242 0.604187 0.069733 0.058650
8 0.870517 0.698106 0.074283 0.033963
8 0.838592 0.701838 0.069600 0.038725
8 0.769092 0.700819 0.051017 0.038037
12 0.362588 0.601606 0.113675 0.081287
12 0.695450 0.645906 0.167800 0.085087
11 0.271371 0.605075 0.062192 0.064525
12 0.428696 0.607812 0.089058 0.053200
