8 0.819557 0.796891 0.051677 0.025781
8 0.071911 0.811633 0.122635 0.052516
8 0.284266 0.821906 0.096094 0.037562
12 0.575865 0.765375 0.074271 0.046719
0 0.614417 0.711766 0.029583 0.009687
12 0.300286 0.787281 0.096240 0.044375
8 0.655026 0.835930 0.122385 0.046984
12 0.008453 0.801578 0.016906 0.031125
12 0.248010 0.767672 0.071479 0.027344
12 0.326953 0.780719 0.064781 0.020938
8 0.468703 0.793391 0.073656 0.025812
12 0.042203 0.780742 0.084406 0.046703
12 0.113464 0.757117 0.062635 0.040203
12 0.393771 0.796625 0.131396 0.052875
12 0.899771 0.777250 0.061250 0.033906
12 0.594458 0.796391 0.071875 0.037500
12 0.692688 0.801234 0.129167 0.070938
12 0.810719 0.755773 0.073354 0.033109
12 0.993010 0.827719 0.013979 0.014531
12 0.141448 0.777195 0.113333 0.039234
8 0.470047 0.828711 0.098490 0.041891
12 0.951490 0.773500 0.049687 0.029219
8 0.820823 0.792250 0.037833 0.010219
8 0.804573 0.812695 0.096750 0.036016
12 0.263047 0.780094 0.030094 0.036250
12 0.968010 0.784984 0.063979 0.033438
12 0.844510 0.762797 0.072396 0.030312
12 0.374031 0.752234 0.066875 0.048344
12 0.360333 0.765016 0.086354 0.038594
12 0.988427 0.808266 0.023146 0.025625
0 0.872021 0.711297 0.043750 0.014688
8 0.942688 0.830984 0.064875 0.025000
12 0.020823 0.753547 0.041646 0.055187
12 0.759875 0.763031 0.094167 0.052656
12 0.669094 0.762016 0.062813 0.070937
8 0.531693 0.776031 0.051073 0.051313
8 0.145969 0.804281 0.119646 0.041719
12 0.477688 0.772172 0.065833 0.040312
