10 0.915372 0.939926 0.064849 0.032685
10 0.657576 0.982889 0.070464 0.034222
10 0.665617 0.919366 0.057193 0.027454
12 0.823971 0.859588 0.055911 0.036306
10 0.912117 0.923477 0.047359 0.026102
12 0.822951 0.975523 0.071234 0.048954
12 0.825375 0.960694 0.069698 0.052426
12 0.663065 0.943199 0.049786 0.029731
8 0.035435 0.342588 0.007339 0.006046
4 0.982221 0.790231 0.035557 0.142426
8 0.092596 0.403287 0.009089 0.006833
12 0.674872 0.897468 0.058339 0.043120
4 0.292333 0.290810 0.031531 0.087139
4 0.264568 0.253708 0.021448 0.049694
4 0.014940 0.315093 0.025151 0.068981
12 0.924052 0.950602 0.082208 0.051759
10 0.673469 0.887824 0.065490 0.032907
12 0.821674 0.878537 0.062547 0.030185
12 0.823919 0.841773 0.047891 0.024731
12 0.931711 0.972042 0.091401 0.052880
12 0.915372 0.895222 0.078120 0.050833
10 0.659490 0.963620 0.062042 0.034259
12 0.922456 0.988005 0.045318 0.023991
12 0.979487 0.810713 0.041026 0.042481
4 0.056813 0.347319 0.051958 0.068083
10 0.686599 0.856130 0.052833 0.042870
12 0.820719 0.912468 0.073146 0.044472
4 0.187977 0.285593 0.020682 0.057185
12 0.902289 0.855162 0.059870 0.035176
4 0.296479 0.267435 0.025531 0.065815
12 0.820078 0.895333 0.078250 0.037444
12 0.905924 0.870032 0.068422 0.039491
12 0.822503 0.933574 0.074932 0.059000
4 0.058341 0.346069 0.047870 0.138657
4 0.156315 0.248037 0.014807 0.059685
12 0.972755 0.785361 0.054490 0.044389
