12 0.641430 0.497687 0.092727 0.061306
12 0.607877 0.449934 0.088379 0.068243
12 0.414980 0.627316 0.072250 0.049021
12 0.406805 0.584764 0.075328 0.042444
12 0.827840 0.482694 0.049680 0.044819
8 0.864436 0.517302 0.040957 0.035743
12 0.692980 0.564271 0.074023 0.066194
10 0.965121 0.612333 0.051914 0.047278
12 0.149615 0.791615 0.076379 0.044438
12 0.327758 0.673944 0.074039 0.052194
4 0.592379 0.497455 0.089734 0.261646
12 0.474148 0.828385 0.083359 0.065812
12 0.399916 0.566156 0.076082 0.035632
12 0.410066 0.605531 0.070852 0.045840
12 0.163021 0.593990 0.068082 0.038771
12 0.161902 0.883146 0.119039 0.081889
12 0.302385 0.503174 0.048613 0.020806
12 0.681453 0.721910 0.075883 0.047056
4 0.445713 0.314542 0.074340 0.202347
12 0.338768 0.758858 0.077121 0.062785
12 0.779066 0.422271 0.071914 0.079806
12 0.624719 0.476253 0.090156 0.049007
10 0.354938 0.871951 0.092867 0.059000
10 0.730016 0.379646 0.027125 0.031514
4 0.479527 0.344736 0.071250 0.211375
12 0.432279 0.676108 0.082848 0.051285
6 0.007117 0.205462 0.010859 0.009590
12 0.583055 0.435042 0.077391 0.059250
12 0.309408 0.578444 0.069465 0.047278
12 0.771900 0.649896 0.094207 0.083736
4 0.516918 0.411010 0.070586 0.194118
12 0.849488 0.497823 0.048937 0.040660
8 0.409172 0.657722 0.042508 0.028139
12 0.148977 0.736583 0.069570 0.046708
12 0.753305 0.618250 0.105672 0.081792
12 0.378447 0.492205 0.062230 0.040090
4 0.488904 0.365715 0.069707 0.205486
4 0.527264 0.315576 0.062996 0.184472
12 0.301641 0.555844 0.067336 0.042174
4 0.539527 0.430618 0.060664 0.196472
10 0.389891 0.541983 0.059117 0.039035
12 0.385578 0.508753 0.070328 0.039910
12 0.510080 0.462969 0.057793 0.039215
8 0.715201 0.754458 0.046324 0.038431
12 0.657920 0.506986 0.095387 0.079903
8 0.798178 0.710267 0.039449 0.035146
12 0.457738 0.763250 0.087555 0.063542
12 0.441980 0.705722 0.088211 0.058778
12 0.476510 0.797292 0.111059 0.073069
12 0.945176 0.581413 0.051594 0.063729
4 0.457139 0.339247 0.069707 0.187063
10 0.154830 0.615361 0.060848 0.025153
8 0.416502 0.516517 0.011168 0.017021
12 0.678617 0.535115 0.083242 0.070285
12 0.449512 0.723653 0.080805 0.041528
12 0.572531 0.546052 0.053766 0.041396
12 0.151904 0.634931 0.050957 0.043875
12 0.348873 0.824014 0.091379 0.059194
12 0.374350 0.474997 0.054254 0.021937
4 0.615012 0.527340 0.097938 0.266819
12 0.788293 0.688049 0.081023 0.058472
10 0.301641 0.486153 0.045000 0.020806
12 0.921080 0.567701 0.052762 0.046903
10 0.332332 0.473483 0.037445 0.013243
12 0.550389 0.406045 0.059043 0.042868
12 0.300365 0.515562 0.056488 0.027417
12 0.331533 0.703451 0.067762 0.038958
12 0.726799 0.588069 0.103012 0.081319
4 0.658154 0.577399 0.103457 0.306910
12 0.321268 0.654090 0.064676 0.041611
12 0.316961 0.615604 0.074570 0.070167
12 0.900176 0.549642 0.049891 0.045201
12 0.299885 0.538146 0.072551 0.043847
12 0.313182 0.603500 0.064465 0.042556
8 0.482760 0.705271 0.015816 0.017931
12 0.149617 0.772608 0.067656 0.033660
12 0.329777 0.728792 0.082977 0.056736
12 0.341268 0.789778 0.083402 0.054653
12 0.156691 0.711052 0.079891 0.045576
4 0.551330 0.463361 0.067059 0.163917
4 0.584307 0.484986 0.070941 0.210347
12 0.811512 0.467090 0.048719 0.040097
12 0.138818 0.821309 0.060527 0.059951
4 0.640160 0.572514 0.085234 0.234819
12 0.575742 0.423382 0.089711 0.047278
