4 0.657573 0.569241 0.101437 0.308222
12 0.150167 0.732755 0.068896 0.050787
12 0.325849 0.636259 0.051979 0.019463
10 0.156357 0.650912 0.071016 0.039935
12 0.657677 0.510593 0.092917 0.062222
4 0.456878 0.332472 0.070786 0.188111
12 0.300719 0.488519 0.043438 0.016333
4 0.444497 0.307861 0.077026 0.202463
4 0.612372 0.517444 0.097714 0.265259
12 0.156534 0.630162 0.051557 0.045287
12 0.573086 0.417403 0.088484 0.048083
12 0.919932 0.563292 0.049000 0.043861
10 0.154279 0.612162 0.065089 0.031287
10 0.385310 0.525593 0.038401 0.020667
12 0.849352 0.493796 0.051307 0.040093
12 0.674411 0.527847 0.085125 0.075528
4 0.552768 0.457398 0.070776 0.160093
10 0.730701 0.379417 0.027745 0.035296
12 0.456344 0.754944 0.086833 0.063130
12 0.303125 0.535241 0.072250 0.040667
12 0.770068 0.645491 0.094927 0.087481
12 0.965859 0.606806 0.054656 0.044167
8 0.798505 0.707843 0.045385 0.051352
10 0.168297 0.876759 0.117552 0.080370
4 0.593279 0.490213 0.091109 0.257741
12 0.416922 0.619861 0.071927 0.049204
12 0.391159 0.540403 0.061349 0.030250
12 0.475849 0.829130 0.083594 0.067278
10 0.807227 0.443287 0.023214 0.014537
12 0.641781 0.490486 0.095062 0.063306
4 0.581391 0.479852 0.070500 0.205204
12 0.944521 0.578074 0.053417 0.058333
12 0.388760 0.502463 0.069750 0.039204
12 0.432151 0.668528 0.082135 0.051333
4 0.635563 0.568481 0.077896 0.233241
10 0.150964 0.756023 0.069781 0.045435
10 0.155341 0.673398 0.077297 0.055037
12 0.477469 0.788583 0.111458 0.068667
12 0.864789 0.507949 0.037766 0.030657
12 0.507380 0.455606 0.057948 0.042639
12 0.306812 0.573185 0.070250 0.046333
12 0.422589 0.644718 0.068708 0.040546
8 0.328964 0.726528 0.062250 0.034130
12 0.408333 0.576593 0.077552 0.049593
12 0.142604 0.815532 0.070219 0.060065
4 0.467055 0.342741 0.081609 0.206056
12 0.546341 0.401375 0.062203 0.041028
12 0.301312 0.479019 0.044500 0.020222
10 0.349164 0.862426 0.092828 0.058000
12 0.347828 0.817194 0.090813 0.065759
12 0.300375 0.523407 0.061625 0.026333
12 0.748227 0.605546 0.109578 0.095093
8 0.711242 0.748324 0.047526 0.042111
12 0.158656 0.589106 0.074198 0.035491
12 0.313281 0.592907 0.064438 0.044222
12 0.539388 0.394037 0.064495 0.035593
12 0.884555 0.525870 0.058901 0.046389
12 0.400310 0.557861 0.073203 0.048130
12 0.341214 0.747912 0.076865 0.058083
12 0.302844 0.500630 0.051187 0.023000
12 0.377544 0.486991 0.060974 0.043204
12 0.332487 0.690259 0.069453 0.048537
12 0.447596 0.717963 0.087995 0.057833
4 0.514477 0.404815 0.070245 0.192019
4 0.523172 0.304722 0.065656 0.181852
12 0.443190 0.697921 0.087224 0.059213
12 0.686789 0.713954 0.083286 0.065204
12 0.410888 0.598593 0.070661 0.048796
4 0.490831 0.370458 0.059109 0.177361
10 0.329458 0.305463 0.014896 0.008704
4 0.529133 0.411384 0.076849 0.223009
12 0.828896 0.479051 0.049010 0.041528
10 0.160878 0.568898 0.054161 0.037981
12 0.317219 0.614130 0.072938 0.055556
12 0.775583 0.690995 0.054865 0.043194
12 0.371810 0.472727 0.052047 0.030398
12 0.568951 0.541171 0.054536 0.039565
10 0.755854 0.402009 0.018646 0.021889
10 0.809510 0.454417 0.019240 0.012185
12 0.343057 0.789597 0.080729 0.046398
12 0.302500 0.553185 0.067875 0.047667
12 0.143180 0.856097 0.070307 0.041509
12 0.622068 0.470111 0.094448 0.067111
10 0.712995 0.255148 0.009948 0.009722
12 0.603039 0.449597 0.086651 0.061398
12 0.319773 0.667727 0.079276 0.055194
12 0.586917 0.434653 0.087115 0.054880
