10 0.910727 0.920125 0.043401 0.026806
12 0.821240 0.876097 0.060250 0.026306
12 0.824115 0.839106 0.047615 0.023120
10 0.515893 0.442856 0.022234 0.016454
10 0.660927 0.962588 0.061594 0.038583
10 0.676193 0.915593 0.035104 0.024778
10 0.672984 0.885894 0.065448 0.036861
12 0.825005 0.955856 0.070083 0.051972
12 0.819263 0.664444 0.037786 0.040852
4 0.238437 0.292583 0.033406 0.091537
12 0.907599 0.867014 0.070083 0.040398
12 0.824049 0.973787 0.070974 0.052426
12 0.824112 0.861801 0.055276 0.023620
12 0.665609 0.931667 0.054146 0.042167
4 0.983617 0.786852 0.032766 0.137796
4 0.146531 0.287986 0.024083 0.057843
12 0.674813 0.896583 0.058083 0.043500
4 0.235042 0.253019 0.023531 0.051963
12 0.924065 0.988551 0.064724 0.022898
10 0.607393 0.448255 0.019682 0.011343
12 0.932620 0.960398 0.089740 0.069222
3 0.697583 0.247218 0.009062 0.011120
12 0.917109 0.892440 0.080167 0.051306
12 0.972281 0.783588 0.055438 0.044657
4 0.261786 0.267560 0.026656 0.067972
12 0.905620 0.853745 0.051062 0.031065
4 0.142120 0.249912 0.029229 0.061435
12 0.979711 0.807690 0.040578 0.043843
12 0.822005 0.849194 0.044167 0.023370
12 0.923810 0.956426 0.082339 0.031778
12 0.826409 0.908884 0.059870 0.043343
12 0.822068 0.932824 0.073146 0.055833
12 0.820729 0.891745 0.078125 0.035861
10 0.916406 0.940778 0.068292 0.029074
4 0.007521 0.359968 0.015042 0.059009
