4 0.313802 0.408694 0.038042 0.081944
4 0.738495 0.372722 0.023729 0.053537
9 0.385216 0.488875 0.009974 0.017157
9 0.442719 0.535736 0.011615 0.010565
4 0.750568 0.390218 0.028729 0.066583
10 0.457052 0.504838 0.010708 0.008417
7 0.338870 0.673704 0.006167 0.015333
3 0.900641 0.606958 0.048510 0.067176
7 0.313703 0.707574 0.014990 0.008870
4 0.494510 0.438278 0.046333 0.085333
4 0.488013 0.445616 0.041974 0.130102
9 0.322190 0.499634 0.014401 0.013620
4 0.484297 0.412065 0.028979 0.065130
4 0.551937 0.376329 0.021458 0.049269
4 0.327456 0.441486 0.038568 0.093065
9 0.371474 0.622356 0.011813 0.019306
10 0.439341 0.531843 0.021359 0.014333
4 0.648279 0.365736 0.029255 0.058620
4 0.643812 0.402333 0.029677 0.051630
4 0.721898 0.410926 0.036714 0.094389
