12 0.582756 0.435642 0.076973 0.043118
12 0.771619 0.644538 0.090379 0.086007
12 0.314502 0.598358 0.064785 0.044063
12 0.411477 0.599170 0.071914 0.043313
10 0.418180 0.645115 0.057656 0.043701
4 0.455621 0.337090 0.072242 0.188556
12 0.811959 0.463538 0.050090 0.041118
12 0.573949 0.415896 0.089484 0.045389
4 0.639814 0.570351 0.086027 0.229174
12 0.448336 0.721149 0.080953 0.045951
12 0.921453 0.564677 0.052234 0.045007
4 0.445326 0.311274 0.068566 0.202285
12 0.343543 0.783219 0.076914 0.062785
12 0.640328 0.493965 0.093063 0.059917
4 0.537697 0.425490 0.060660 0.196729
12 0.162023 0.882437 0.119102 0.074208
12 0.899379 0.546049 0.049148 0.046333
12 0.142172 0.816514 0.064594 0.058097
10 0.154045 0.657771 0.067402 0.033819
4 0.551025 0.454243 0.069301 0.179736
12 0.161000 0.589576 0.069062 0.045389
12 0.390041 0.532788 0.061809 0.044063
12 0.476898 0.791312 0.110422 0.070542
4 0.657816 0.575292 0.102969 0.304000
12 0.692154 0.557056 0.073145 0.072167
12 0.860604 0.514840 0.034785 0.034986
12 0.442859 0.701104 0.087867 0.055792
4 0.591279 0.493965 0.089152 0.259833
12 0.726174 0.587806 0.102379 0.078292
12 0.316896 0.618684 0.072340 0.054465
4 0.524271 0.313833 0.064590 0.179292
12 0.157873 0.703722 0.082465 0.050833
12 0.509664 0.458167 0.056062 0.040528
4 0.515445 0.406861 0.070203 0.192806
10 0.143566 0.939990 0.136578 0.083007
12 0.457857 0.758597 0.087441 0.062222
12 0.946186 0.577726 0.054043 0.063924
12 0.348490 0.821986 0.090848 0.065056
12 0.332480 0.702653 0.062445 0.041986
12 0.879328 0.524299 0.049891 0.052764
12 0.844807 0.494986 0.039574 0.041417
10 0.158830 0.677174 0.079527 0.042208
12 0.334959 0.472139 0.030848 0.016264
12 0.303492 0.502003 0.051914 0.026854
12 0.659730 0.504743 0.091781 0.080111
12 0.675049 0.534472 0.086676 0.069667
12 0.399455 0.557753 0.079996 0.041799
12 0.826936 0.479476 0.047871 0.042174
12 0.149129 0.630424 0.053742 0.045847
12 0.539863 0.400240 0.057570 0.043118
12 0.302375 0.485927 0.045633 0.029507
10 0.167445 0.566260 0.065953 0.040188
12 0.386498 0.506181 0.069465 0.034042
8 0.483016 0.701389 0.015211 0.017403
4 0.487145 0.362580 0.069484 0.204896
8 0.797023 0.708226 0.038906 0.051743
12 0.753301 0.608795 0.106078 0.095312
12 0.379479 0.490580 0.062871 0.039521
10 0.169662 0.547740 0.065246 0.036563
12 0.144406 0.787920 0.064977 0.045840
12 0.685275 0.715851 0.083488 0.062090
4 0.583283 0.482351 0.072059 0.206535
12 0.304449 0.514767 0.060000 0.032715
12 0.779561 0.418736 0.071074 0.078431
12 0.301418 0.539729 0.073297 0.036875
12 0.341789 0.753903 0.075742 0.061653
10 0.731951 0.375976 0.030957 0.030257
12 0.474133 0.823653 0.086164 0.065250
8 0.713309 0.749753 0.051008 0.043840
12 0.575104 0.547545 0.051652 0.034965
12 0.152447 0.734701 0.062168 0.051972
12 0.328014 0.653861 0.074145 0.081319
10 0.354926 0.867479 0.093508 0.061069
12 0.311098 0.575757 0.070742 0.045389
12 0.623924 0.470476 0.089871 0.056965
12 0.785725 0.681872 0.079527 0.062188
4 0.475750 0.341174 0.067648 0.210458
8 0.155000 0.614538 0.058594 0.030410
12 0.330512 0.724781 0.080211 0.056354
12 0.371234 0.475545 0.055531 0.031771
12 0.139619 0.860427 0.073020 0.040618
12 0.416105 0.623188 0.071594 0.045958
12 0.433551 0.671316 0.083719 0.052576
4 0.614006 0.521174 0.097941 0.265403
10 0.964430 0.610535 0.052234 0.044819
12 0.306631 0.550038 0.062020 0.033660
12 0.410199 0.580448 0.081273 0.042924
12 0.605287 0.450382 0.090637 0.053125
8 0.418893 0.512139 0.014254 0.014181
