12 0.053610 0.628897 0.065335 0.066427
12 0.055847 0.679856 0.062780 0.046523
12 0.674473 0.571679 0.058626 0.078897
4 0.159681 0.510384 0.038658 0.168106
8 0.510423 0.682170 0.066246 0.064388
4 0.027252 0.528249 0.043770 0.124700
12 0.061486 0.771163 0.095783 0.105300
12 0.279816 0.598213 0.054105 0.052974
8 0.663123 0.860947 0.102827 0.062854
12 0.400647 0.807170 0.171933 0.085324
4 0.312476 0.512158 0.026997 0.115108
8 0.495240 0.802182 0.026038 0.033094
8 0.944457 0.677746 0.083866 0.051559
8 0.700735 0.873717 0.101214 0.042830
4 0.565112 0.486643 0.045367 0.157986
4 0.576166 0.505947 0.053674 0.152278
8 0.804065 0.730060 0.098546 0.076235
4 0.440911 0.515516 0.039457 0.075300
12 0.951398 0.564005 0.053211 0.119281
8 0.859026 0.659712 0.030192 0.016787
4 0.281629 0.513189 0.069010 0.177938
8 0.334329 0.695204 0.094824 0.038849
12 0.487716 0.591583 0.083227 0.083693
8 0.475128 0.669388 0.062620 0.041031
12 0.368546 0.631031 0.081949 0.074820
