0 0.204531 0.440200 0.013969 0.009176
0 0.229891 0.476553 0.095812 0.033882
0 0.104539 0.602894 0.043406 0.028376
0 0.914285 0.638100 0.065055 0.040435
0 0.802383 0.484624 0.125781 0.035129
0 0.905723 0.515571 0.078930 0.035282
0 0.507047 0.613088 0.042766 0.032200
0 0.470621 0.462882 0.066492 0.020329
12 0.906234 0.765841 0.016219 0.010624
0 0.859250 0.441647 0.026094 0.011765
0 0.465605 0.485671 0.035117 0.019153
0 0.534383 0.434494 0.040547 0.010941
0 0.737691 0.476729 0.083477 0.017365
0 0.888152 0.553565 0.151195 0.048306
0 0.614203 0.513412 0.099469 0.035129
0 0.733117 0.488224 0.019688 0.012447
0 0.320680 0.437047 0.029062 0.013647
0 0.573945 0.440624 0.036953 0.013529
0 0.369430 0.470341 0.072969 0.019059
0 0.383336 0.507518 0.065469 0.025176
0 0.101477 0.432765 0.014516 0.007788
0 0.935984 0.471182 0.072063 0.018694
0 0.966738 0.589247 0.066523 0.043694
0 0.046762 0.555288 0.093523 0.049776
0 0.634023 0.434153 0.018516 0.009529
0 0.792465 0.661435 0.101461 0.060518
12 0.903758 0.500153 0.008234 0.004706
0 0.962324 0.508241 0.075352 0.020624
0 0.384742 0.535576 0.095469 0.036353
0 0.014258 0.425312 0.028516 0.013894
0 0.173340 0.425294 0.014914 0.013059
0 0.585195 0.458094 0.067734 0.019765
0 0.513426 0.495747 0.071102 0.025071
0 0.165766 0.491024 0.067687 0.037129
0 0.084430 0.458682 0.076500 0.022706
0 0.732797 0.430529 0.027266 0.009529
0 0.731895 0.536471 0.081805 0.030494
