8 0.775302 0.453611 0.045885 0.022407
8 0.957479 0.521514 0.059000 0.023787
8 0.192349 0.738514 0.124250 0.061676
8 0.480188 0.448111 0.030729 0.012222
10 0.796435 0.471069 0.054349 0.031028
8 0.810125 0.510028 0.027000 0.026722
8 0.582721 0.568148 0.071318 0.037167
12 0.395276 0.436352 0.034271 0.021222
8 0.761182 0.441338 0.018229 0.007139
8 0.731339 0.444019 0.028438 0.008981
8 0.769260 0.477472 0.020250 0.018889
12 0.419078 0.439093 0.034167 0.025185
8 0.733716 0.532144 0.081214 0.028176
8 0.850292 0.440583 0.009313 0.006222
8 0.489901 0.441722 0.023802 0.008333
8 0.851479 0.453972 0.050437 0.014111
8 0.706286 0.446287 0.027188 0.018889
8 0.795906 0.437713 0.026927 0.016574
10 0.919667 0.480241 0.072625 0.025222
8 0.517563 0.492644 0.069771 0.023806
8 0.474953 0.439870 0.011823 0.008704
10 0.303867 0.509074 0.116911 0.058870
8 0.833479 0.465361 0.021437 0.013778
8 0.722875 0.454481 0.025260 0.007870
8 0.993417 0.460602 0.013167 0.007870
8 0.279414 0.867190 0.200203 0.126343
8 0.512635 0.438667 0.006979 0.004074
8 0.355469 0.449694 0.035052 0.013889
8 0.325651 0.449282 0.011146 0.009917
8 0.053867 0.517454 0.078703 0.031926
8 0.791651 0.490806 0.068927 0.029870
8 0.838979 0.445083 0.035687 0.009444
8 0.678383 0.766403 0.108516 0.063676
8 0.686208 0.439713 0.022656 0.020370
8 0.518443 0.436537 0.016510 0.006667
8 0.883479 0.441028 0.009313 0.009333
8 0.923104 0.451185 0.026750 0.008444
8 0.939010 0.465185 0.040688 0.013333
8 0.602396 0.439398 0.011198 0.005833
8 0.809917 0.438037 0.012031 0.013704
8 0.569161 0.440880 0.015573 0.014907
8 0.754099 0.438324 0.015000 0.007222
8 0.497479 0.436630 0.012917 0.012222
8 0.645453 0.502912 0.040948 0.014806
8 0.626000 0.445361 0.025156 0.011852
8 0.657458 0.437815 0.028906 0.016759
8 0.610760 0.638981 0.098260 0.088056
8 0.747875 0.454343 0.013802 0.008148
8 0.067146 0.609194 0.134292 0.078019
8 0.221479 0.576116 0.037062 0.025806
8 0.632068 0.441981 0.023542 0.013981
8 0.772760 0.565819 0.060156 0.087546
8 0.938917 0.447236 0.029000 0.010102
8 0.551792 0.448704 0.035000 0.011111
8 0.594792 0.443519 0.016458 0.005000
