3 0.728547 0.334866 0.018234 0.017412
4 0.010336 0.692729 0.020672 0.119634
4 0.817754 0.753896 0.027539 0.084276
4 0.990039 0.827827 0.019922 0.146399
8 0.049312 0.466146 0.014344 0.016231
4 0.247441 0.231997 0.009930 0.028551
8 0.810008 0.916364 0.021391 0.030084
8 0.127246 0.232947 0.004508 0.012644
3 0.063176 0.320443 0.056617 0.052785
8 0.803023 0.850696 0.013734 0.011406
4 0.595031 0.726589 0.024297 0.154726
4 0.715348 0.671913 0.018320 0.140281
2 0.449125 0.317412 0.194453 0.139212
4 0.225312 0.356639 0.030625 0.074402
4 0.861391 0.890696 0.026844 0.211772
8 0.431625 0.808256 0.014953 0.033699
3 0.659973 0.668952 0.024117 0.042968
8 0.166582 0.334515 0.010117 0.014318
4 0.598145 0.936603 0.053070 0.126793
3 0.780703 0.832384 0.031281 0.044093
4 0.284984 0.644613 0.058969 0.146414
4 0.786246 0.591449 0.012477 0.067370
3 0.127250 0.804993 0.034375 0.046245
8 0.480527 0.735422 0.017961 0.020127
4 0.372805 0.805415 0.019437 0.135049
2 0.485836 0.231456 0.415125 0.157060
4 0.864898 0.653277 0.015875 0.121041
8 0.279723 0.485098 0.016008 0.013572
4 0.582711 0.553966 0.016547 0.124557
3 0.661289 0.346392 0.013187 0.025752
4 0.042676 0.675246 0.033477 0.110858
