7 0.351679 0.630494 0.014558 0.010344
7 0.490446 0.742422 0.030058 0.018889
7 0.121067 0.740522 0.029000 0.015400
7 0.435438 0.663167 0.024042 0.009422
7 0.796750 0.875233 0.060667 0.026178
7 0.323562 0.663972 0.034158 0.012878
7 0.405958 0.630978 0.025017 0.010933
7 0.377138 0.665211 0.024042 0.008800
7 0.262775 0.665106 0.021367 0.017433
7 0.202054 0.716667 0.027142 0.014267
7 0.127000 0.664422 0.019850 0.015622
7 0.881292 0.873450 0.062750 0.025056
7 0.728154 0.866028 0.045458 0.025056
7 0.246321 0.664650 0.020358 0.016522
7 0.374863 0.746822 0.025158 0.014333
