3 0.771966 0.521413 0.082674 0.117914
9 0.021322 0.369312 0.011583 0.025518
7 0.246943 0.414697 0.017811 0.019896
4 0.280314 0.204024 0.026008 0.128846
9 0.129989 0.580333 0.026371 0.030843
4 0.426811 0.142115 0.021924 0.038609
4 0.426053 0.210111 0.025152 0.074719
4 0.677769 0.185976 0.022568 0.063373
4 0.440886 0.167086 0.026439 0.075976
10 0.120777 0.614342 0.046780 0.030843
4 0.264303 0.266768 0.034818 0.129275
9 0.119970 0.406109 0.009091 0.024320
4 0.080303 0.283010 0.055015 0.131908
4 0.534178 0.169393 0.015265 0.049527
4 0.596621 0.163314 0.023652 0.047426
9 0.129424 0.598669 0.025515 0.019438
4 0.062508 0.241501 0.047106 0.107737
4 0.385750 0.178417 0.019773 0.075976
