12 0.650746 0.554046 0.039422 0.038472
12 0.562584 0.552254 0.039246 0.067493
12 0.843836 0.875824 0.142187 0.185352
10 0.926648 0.752162 0.068438 0.057465
4 0.651600 0.451046 0.013887 0.093894
12 0.299885 0.721778 0.058809 0.133021
10 0.228744 0.611592 0.059137 0.030972
12 0.299455 0.601648 0.026223 0.041732
12 0.523611 0.622968 0.041230 0.043683
12 0.948781 0.587106 0.102437 0.132690
12 0.757430 0.894130 0.127500 0.190430
12 0.084309 0.613873 0.026250 0.041915
12 0.870799 0.621011 0.093676 0.095528
12 0.027699 0.954570 0.055398 0.090859
4 0.832047 0.395296 0.060109 0.220268
4 0.793744 0.414074 0.056855 0.164711
12 0.690441 0.540482 0.042133 0.049556
4 0.719523 0.435595 0.019531 0.115415
12 0.466021 0.697215 0.063449 0.140739
8 0.691248 0.671405 0.054254 0.070641
12 0.148791 0.739275 0.066160 0.109761
12 0.700568 0.594930 0.049012 0.040423
12 0.919930 0.851313 0.105000 0.144232
12 0.723176 0.548961 0.040328 0.031951
4 0.788932 0.520035 0.071254 0.333296
12 0.616838 0.549810 0.035988 0.052817
12 0.563217 0.615141 0.057871 0.048901
12 0.138412 0.602754 0.035809 0.052169
4 0.909707 0.411824 0.051305 0.205634
12 0.520729 0.706592 0.065254 0.106775
4 0.034246 0.603056 0.052875 0.343437
12 0.383729 0.588116 0.026582 0.036838
12 0.076775 0.967092 0.077473 0.065817
4 0.671350 0.427768 0.023871 0.135761
12 0.375307 0.941063 0.107621 0.117873
12 0.325949 0.596595 0.025680 0.034232
12 0.269184 0.957292 0.092625 0.085415
4 0.529809 0.477680 0.036750 0.225190
4 0.749582 0.432465 0.017578 0.123239
12 0.636730 0.600472 0.038523 0.050211
4 0.936023 0.420039 0.049766 0.188261
12 0.062287 0.745933 0.058926 0.083951
4 0.615793 0.447722 0.013023 0.098204
12 0.687586 0.942560 0.118438 0.114880
4 0.633371 0.426007 0.022570 0.155718
12 0.975602 0.488606 0.048180 0.074338
4 0.600492 0.421313 0.016711 0.157275
12 0.477496 0.565782 0.037617 0.053465
12 0.318805 0.641877 0.046117 0.051514
12 0.583119 0.686891 0.087863 0.123894
12 0.482199 0.620035 0.041234 0.057380
12 0.879531 0.484764 0.032914 0.045317
12 0.110459 0.596039 0.032324 0.076289
12 0.590557 0.941711 0.101254 0.116577
12 0.400186 0.634218 0.039965 0.053141
12 0.831553 0.643345 0.079934 0.076944
12 0.357598 0.592190 0.026039 0.032606
12 0.352729 0.734496 0.048176 0.089599
12 0.919896 0.622965 0.070348 0.068141
12 0.597576 0.596722 0.045574 0.070754
12 0.108855 0.734384 0.048375 0.083134
12 0.274680 0.632908 0.042859 0.079225
12 0.434908 0.581757 0.035629 0.064556
12 0.406766 0.720690 0.056516 0.114113
12 0.233717 0.647746 0.040871 0.054775
12 0.163008 0.652817 0.042320 0.050563
4 0.196508 0.591965 0.059852 0.411310
