8 0.823074 0.676342 0.042805 0.071317
8 0.576971 0.608264 0.038520 0.061979
8 0.472908 0.431387 0.020512 0.034521
8 0.233891 0.554687 0.075445 0.042923
8 0.744322 0.696718 0.043746 0.065282
10 0.908992 0.557306 0.043039 0.052486
8 0.306627 0.399268 0.043863 0.015408
8 0.576088 0.746718 0.042176 0.084901
8 0.694238 0.483461 0.033820 0.044993
12 0.347246 0.352268 0.083898 0.048113
8 0.647398 0.485577 0.028031 0.039451
8 0.832703 0.667380 0.040922 0.053014
8 0.819928 0.469116 0.030926 0.036514
12 0.295338 0.426546 0.053199 0.030345
8 0.730979 0.709739 0.042176 0.069437
8 0.464012 0.439218 0.020305 0.037732
8 0.496590 0.616979 0.037211 0.057394
8 0.375184 0.631127 0.027109 0.047690
8 0.598904 0.723324 0.051176 0.073958
8 0.673783 0.714268 0.041652 0.075845
8 0.601102 0.600599 0.037938 0.060268
8 0.404070 0.626673 0.027617 0.056866
8 0.525340 0.504162 0.036945 0.059056
8 0.628070 0.603042 0.035758 0.053366
8 0.169605 0.632838 0.047828 0.029620
8 0.554898 0.499437 0.024594 0.037169
8 0.789791 0.576197 0.059152 0.048451
12 0.299389 0.445320 0.074035 0.038387
8 0.212420 0.574982 0.075480 0.038289
8 0.879062 0.460151 0.039969 0.034232
8 0.256701 0.505711 0.055645 0.023901
12 0.947850 0.374011 0.104301 0.109542
8 0.303535 0.412630 0.052500 0.021063
8 0.849586 0.464877 0.033094 0.034556
8 0.803137 0.690116 0.038094 0.072077
10 0.387510 0.519158 0.030246 0.053204
8 0.451559 0.445162 0.018422 0.034901
12 0.344434 0.613806 0.034664 0.096458
8 0.677871 0.596736 0.036195 0.051711
8 0.484316 0.511708 0.028781 0.055655
8 0.614396 0.491447 0.035082 0.055754
8 0.548590 0.600077 0.038734 0.080183
8 0.628311 0.728134 0.042387 0.065845
8 0.436488 0.443088 0.029930 0.045092
12 0.341926 0.375461 0.081633 0.043232
8 0.239914 0.531021 0.059914 0.030817
10 0.890791 0.648951 0.032770 0.033775
8 0.757076 0.571102 0.047973 0.056824
8 0.417545 0.511894 0.028777 0.065099
8 0.717900 0.584951 0.045262 0.056761
8 0.525512 0.426729 0.033820 0.041077
8 0.859285 0.666060 0.040922 0.057542
4 0.596793 0.343518 0.046898 0.210134
8 0.313094 0.624525 0.032992 0.068528
8 0.739559 0.579479 0.041820 0.047775
10 0.418486 0.448028 0.030457 0.042268
8 0.646781 0.717852 0.045211 0.065662
12 0.270656 0.479296 0.062617 0.037423
8 0.649516 0.589373 0.049711 0.074211
8 0.435941 0.627134 0.027109 0.053592
8 0.277240 0.466324 0.058520 0.029085
8 0.870588 0.652947 0.041129 0.052077
8 0.463813 0.620254 0.029797 0.061577
8 0.699979 0.583694 0.043605 0.065880
8 0.445488 0.503500 0.028570 0.063014
8 0.202467 0.601423 0.058293 0.029437
10 0.571445 0.431947 0.034539 0.043683
8 0.696912 0.713419 0.045840 0.062077
8 0.773783 0.698042 0.034012 0.072831
