8 0.842918 0.608282 0.053820 0.027775
8 0.958359 0.809532 0.083281 0.088570
8 0.572338 0.754518 0.064801 0.026035
8 0.455682 0.688923 0.062918 0.030338
8 0.933129 0.653310 0.077766 0.035592
12 0.881828 0.739437 0.114383 0.091831
8 0.499262 0.664236 0.063422 0.032585
8 0.519443 0.885539 0.119684 0.039627
8 0.562297 0.932620 0.076172 0.045380
8 0.843926 0.724359 0.105492 0.039394
8 0.399004 0.830180 0.097078 0.037134
8 0.820645 0.705067 0.082133 0.036134
8 0.674189 0.795155 0.156480 0.060225
8 0.396414 0.744739 0.078805 0.025662
8 0.835639 0.906933 0.123574 0.075261
8 0.601795 0.954180 0.084855 0.091641
8 0.419285 0.797127 0.061789 0.024451
8 0.482557 0.647595 0.052121 0.018317
8 0.955773 0.965898 0.088453 0.068204
8 0.769912 0.984746 0.066809 0.030507
8 0.513352 0.857465 0.114031 0.026944
8 0.619635 0.636500 0.054004 0.032394
8 0.585412 0.600838 0.044332 0.028099
8 0.905326 0.667440 0.079426 0.033415
8 0.465227 0.681894 0.060156 0.020352
8 0.487330 0.673856 0.050863 0.020176
8 0.387264 0.802447 0.087910 0.033289
8 0.794422 0.684961 0.046266 0.029613
