10 0.191266 0.865195 0.208154 0.089915
8 0.943661 0.868171 0.112679 0.041033
8 0.741684 0.701177 0.037389 0.031456
8 0.696981 0.691001 0.054725 0.045931
8 0.872645 0.695633 0.045792 0.061359
4 0.193776 0.546649 0.138668 0.383154
8 0.964721 0.832676 0.070559 0.046892
8 0.969335 0.704331 0.048487 0.050745
8 0.917965 0.700248 0.042715 0.054848
8 0.968302 0.829418 0.063395 0.026050
8 0.389023 0.841550 0.062981 0.051160
8 0.276219 0.742019 0.211089 0.116715
2 0.501269 0.522369 0.454341 0.254407
8 0.963634 0.845214 0.072732 0.040707
8 0.123261 0.781456 0.166986 0.117773
8 0.204383 0.779560 0.106001 0.086410
10 0.293911 0.847087 0.180754 0.070313
8 0.367314 0.833245 0.152862 0.044323
8 0.781554 0.697396 0.045247 0.048603
8 0.057522 0.811308 0.115044 0.087384
8 0.956797 0.865404 0.086407 0.030936
8 0.278785 0.786907 0.087155 0.055881
10 0.054276 0.881998 0.108552 0.148535
10 0.164563 0.880436 0.133387 0.103988
8 0.057424 0.706014 0.114849 0.102578
8 0.891631 0.968971 0.216737 0.062058
8 0.943177 0.917348 0.113647 0.065500
8 0.898734 0.949086 0.092286 0.024987
8 0.827959 0.706624 0.035298 0.033408
10 0.094093 0.899388 0.093525 0.097345
8 0.446773 0.806704 0.114651 0.045948
3 0.123187 0.598616 0.246373 0.094030
