12 0.393562 0.383957 0.034026 0.034532
12 0.202979 0.398381 0.112061 0.076283
12 0.740671 0.369173 0.144856 0.047938
8 0.898610 0.399712 0.117891 0.047962
8 0.762109 0.519856 0.259169 0.105899
12 0.277468 0.384856 0.068195 0.062278
8 0.806358 0.402590 0.042652 0.017746
12 0.061422 0.402782 0.122843 0.068153
12 0.449593 0.363981 0.034968 0.019233
8 0.148658 0.454784 0.097732 0.044820
8 0.492436 0.639592 0.444489 0.298801
8 0.802133 0.478118 0.191390 0.046019
8 0.813466 0.431727 0.183067 0.057794
12 0.486406 0.376559 0.046038 0.035228
8 0.339305 0.397314 0.034393 0.016307
8 0.500647 0.411043 0.076917 0.052446
12 0.451070 0.395827 0.060543 0.052038
