8 0.066630 0.554417 0.097407 0.034444
10 0.304444 0.350333 0.087963 0.045833
8 0.967833 0.432389 0.064333 0.058667
12 0.028981 0.303861 0.057963 0.047222
12 0.796500 0.280556 0.097111 0.084000
12 0.924056 0.342222 0.102444 0.110667
8 0.378556 0.808514 0.132815 0.068806
8 0.574731 0.498569 0.148278 0.062361
4 0.969444 0.174722 0.061111 0.173000
8 0.775972 0.780500 0.149611 0.100000
12 0.373333 0.304778 0.054259 0.042500
12 0.731611 0.258556 0.089111 0.065333
8 0.944991 0.871569 0.079500 0.140361
12 0.642056 0.324389 0.085111 0.065667
8 0.205352 0.297972 0.035556 0.008333
8 0.840602 0.903250 0.101093 0.133333
8 0.332778 0.382139 0.110926 0.055000
8 0.593704 0.387333 0.065370 0.035556
12 0.048611 0.480972 0.097222 0.085833
10 0.477407 0.421306 0.116852 0.057222
8 0.341648 0.271722 0.021111 0.013611
