7 0.618864 0.641175 0.043014 0.012607
4 0.718204 0.559721 0.016893 0.054528
10 0.551982 0.599710 0.020621 0.006781
8 0.802454 0.581314 0.008293 0.006620
7 0.723557 0.608348 0.013743 0.006459
7 0.732686 0.616223 0.019200 0.007725
4 0.457614 0.556191 0.023086 0.082082
7 0.536282 0.614710 0.013993 0.006567
7 0.231514 0.708932 0.142029 0.041298
7 0.721468 0.714651 0.053636 0.037221
7 0.620379 0.614077 0.008914 0.005644
7 0.175136 0.642988 0.050671 0.008723
8 0.103093 0.613262 0.028643 0.006459
12 0.482575 0.588825 0.034536 0.014968
12 0.553479 0.586196 0.021771 0.011556
12 0.396132 0.591974 0.042836 0.017339
7 0.573957 0.617768 0.018886 0.006459
7 0.652321 0.614887 0.017943 0.007242
7 0.674300 0.623632 0.018671 0.008981
4 0.269011 0.536411 0.054136 0.138101
7 0.707243 0.608112 0.009029 0.006931
10 0.242582 0.618659 0.049750 0.017597
7 0.161439 0.680054 0.104507 0.022854
7 0.318154 0.755300 0.141950 0.066717
7 0.253400 0.654201 0.070829 0.013079
7 0.410618 0.626003 0.037507 0.008938
12 0.508789 0.587715 0.028564 0.014056
7 0.699743 0.612994 0.012486 0.009142
12 0.430229 0.589555 0.032700 0.016663
12 0.778057 0.581084 0.020143 0.008670
8 0.423386 0.601851 0.023514 0.013401
4 0.369911 0.551459 0.072521 0.101438
7 0.825639 0.620714 0.016264 0.008830
7 0.584346 0.622259 0.027493 0.009453
7 0.598261 0.612307 0.017136 0.004464
7 0.476071 0.627768 0.020286 0.007747
