0 0.567840 0.295453 0.028955 0.006949
0 0.260614 0.320081 0.025840 0.011283
0 0.268320 0.310805 0.028149 0.009063
0 0.417270 0.314883 0.013899 0.008847
0 0.406760 0.328467 0.004760 0.006698
2 0.176220 0.486054 0.166805 0.108405
0 0.069178 0.285716 0.011373 0.003487
0 0.273192 0.280163 0.011304 0.004161
12 0.804771 0.320130 0.004489 0.002926
0 0.378547 0.298434 0.013427 0.004737
12 0.809390 0.315359 0.004072 0.004282
0 0.446519 0.296801 0.011710 0.004935
10 0.932238 0.397353 0.006566 0.002464
0 0.821815 0.327393 0.004548 0.003874
