12 0.552008 0.475431 0.046786 0.055657
12 0.496906 0.578120 0.022552 0.027389
12 0.627286 0.681352 0.045333 0.038907
8 0.399406 0.618736 0.031323 0.016509
10 0.237161 0.644093 0.045260 0.029722
8 0.354932 0.605764 0.035229 0.020176
10 0.476039 0.608944 0.040214 0.026204
10 0.591984 0.679685 0.037750 0.030556
4 0.505276 0.505153 0.028979 0.128620
8 0.409583 0.707935 0.033021 0.018148
8 0.360911 0.656019 0.023063 0.023444
12 0.235539 0.547509 0.028339 0.034907
12 0.700383 0.627157 0.036693 0.026259
8 0.449297 0.724093 0.030365 0.023426
8 0.320833 0.677194 0.037188 0.019444
10 0.591182 0.603870 0.029479 0.020556
12 0.650594 0.618037 0.021312 0.023741
10 0.570240 0.636000 0.019125 0.028000
8 0.381146 0.697843 0.030833 0.018519
12 0.285076 0.615759 0.031661 0.034907
12 0.469445 0.685403 0.044370 0.030787
12 0.637339 0.584838 0.042156 0.032231
12 0.685297 0.538375 0.029187 0.046787
8 0.435411 0.627380 0.025208 0.017556
10 0.847687 0.600023 0.027990 0.020639
12 0.218240 0.573833 0.035552 0.036981
8 0.297031 0.667009 0.035937 0.016296
11 0.686927 0.476005 0.031135 0.024231
12 0.720430 0.598468 0.033339 0.044713
10 0.826404 0.597463 0.024839 0.020000
10 0.652927 0.598194 0.023125 0.015333
4 0.898552 0.534662 0.029417 0.136528
8 0.467938 0.574472 0.020260 0.017222
12 0.710289 0.546491 0.035870 0.039241
12 0.761815 0.551866 0.041714 0.045472
12 0.537451 0.659546 0.044734 0.026074
12 0.634182 0.614815 0.023000 0.022963
10 0.575896 0.600907 0.025573 0.017222
8 0.441979 0.687935 0.013802 0.013981
8 0.462161 0.729370 0.026510 0.023981
12 0.645125 0.556963 0.032052 0.021315
12 0.295422 0.624958 0.026354 0.037269
8 0.664948 0.620296 0.020417 0.018426
10 0.346193 0.645130 0.048875 0.031444
10 0.584365 0.644500 0.026375 0.025000
8 0.346198 0.684509 0.038125 0.019259
4 0.428635 0.458736 0.065177 0.207306
12 0.731674 0.576111 0.032797 0.024148
10 0.807010 0.593787 0.031948 0.018074
8 0.388391 0.614019 0.027417 0.016778
12 0.400664 0.585204 0.026318 0.033019
12 0.762984 0.579884 0.032156 0.032454
8 0.657656 0.657875 0.034354 0.027602
10 0.556490 0.596694 0.023958 0.022870
12 0.420380 0.591954 0.034188 0.030796
4 0.525359 0.521204 0.035875 0.107593
8 0.282083 0.656593 0.035625 0.023796
12 0.009107 0.641685 0.018214 0.056759
12 0.015385 0.670931 0.030771 0.027509
12 0.607341 0.639412 0.022922 0.039565
8 0.579469 0.512287 0.014688 0.009722
12 0.007911 0.687912 0.015823 0.019343
10 0.211693 0.634509 0.051927 0.024074
5 0.255654 0.540620 0.038630 0.047926
12 0.068047 0.624972 0.050323 0.050463
12 0.919133 0.553361 0.041901 0.032833
12 0.556893 0.625130 0.021224 0.039315
4 0.486734 0.502847 0.034021 0.125231
8 0.484518 0.736019 0.033016 0.024370
8 0.525844 0.585769 0.018281 0.021944
12 0.795458 0.556398 0.032156 0.054148
8 0.377318 0.658019 0.021500 0.023444
12 0.515177 0.616940 0.036406 0.033417
12 0.817799 0.562625 0.032474 0.049620
12 0.874312 0.604130 0.028760 0.022444
8 0.368714 0.611463 0.035375 0.020833
12 0.744422 0.611958 0.045000 0.034713
8 0.523299 0.659023 0.039432 0.016120
10 0.392755 0.663185 0.034250 0.023111
12 0.627510 0.552056 0.023563 0.022074
8 0.497799 0.649394 0.041495 0.022009
8 0.595797 0.550556 0.023750 0.012778
12 0.723680 0.632347 0.033255 0.030972
12 0.453141 0.603681 0.028813 0.029083
10 0.677646 0.603028 0.018063 0.018333
10 0.226510 0.641037 0.051562 0.024722
11 0.732344 0.476495 0.027760 0.026750
8 0.416359 0.624500 0.034417 0.018870
12 0.698997 0.598560 0.032266 0.035472
10 0.307891 0.668769 0.035573 0.025000
10 0.567227 0.671213 0.028078 0.022407
8 0.469130 0.638389 0.037073 0.016241
4 0.661266 0.478468 0.027750 0.148898
10 0.679245 0.624787 0.027552 0.022407
4 0.534344 0.514338 0.022250 0.125269
12 0.838867 0.574505 0.041922 0.032639
12 0.458482 0.494380 0.043161 0.035370
12 0.695854 0.567338 0.025260 0.022454
12 0.612596 0.549792 0.026005 0.020194
12 0.389057 0.583505 0.023594 0.030139
12 0.430190 0.558602 0.039120 0.030685
10 0.481424 0.697588 0.026755 0.018213
10 0.732589 0.555306 0.036177 0.030241
8 0.334375 0.681176 0.038125 0.017407
12 0.615190 0.577963 0.034422 0.037870
10 0.602146 0.608269 0.021823 0.019167
12 0.539940 0.620741 0.019901 0.032889
8 0.248099 0.655620 0.033177 0.021667
8 0.418073 0.712241 0.035104 0.025648
8 0.398021 0.703306 0.037396 0.021852
12 0.924818 0.366667 0.007344 0.007963
12 0.502880 0.484394 0.062437 0.061954
12 0.618888 0.607347 0.032901 0.031287
8 0.554510 0.669773 0.032427 0.023194
10 0.484031 0.574796 0.026615 0.021204
8 0.459659 0.634134 0.031245 0.018472
10 0.309318 0.629852 0.029875 0.030222
12 0.512055 0.580806 0.027932 0.024630
12 0.436370 0.594769 0.035969 0.029611
12 0.558177 0.566500 0.038333 0.033019
12 0.509984 0.697981 0.047021 0.036556
8 0.325036 0.639296 0.025438 0.022000
8 0.422443 0.676292 0.029250 0.018657
8 0.516813 0.653588 0.044146 0.020694
12 0.665768 0.559694 0.028547 0.021889
12 0.377117 0.579440 0.025214 0.028824
8 0.362526 0.692287 0.033906 0.024630
4 0.585698 0.467403 0.058927 0.163380
12 0.643307 0.652120 0.019823 0.036944
8 0.317557 0.597630 0.037292 0.018741
10 0.409911 0.665185 0.035187 0.033556
12 0.596766 0.580907 0.023510 0.025685
10 0.487135 0.614731 0.029479 0.030000
8 0.241141 0.584324 0.012854 0.018241
12 0.540922 0.587616 0.026625 0.027676
12 0.453253 0.567338 0.035005 0.025880
