8 0.984938 0.544867 0.030123 0.019707
8 0.881913 0.622874 0.062773 0.050537
8 0.840270 0.612956 0.053053 0.035408
8 0.117678 0.539861 0.015743 0.006660
8 0.830152 0.527833 0.009957 0.010034
8 0.393653 0.532810 0.025040 0.015646
8 0.813535 0.827085 0.067470 0.213857
8 0.175827 0.527231 0.029673 0.014816
8 0.195183 0.545449 0.031900 0.016803
8 0.927735 0.643956 0.043983 0.067136
8 0.901640 0.628235 0.047513 0.034524
8 0.648660 0.606020 0.056367 0.041429
8 0.906348 0.561150 0.027717 0.027306
8 0.271883 0.531912 0.021767 0.013129
8 0.674865 0.638048 0.089337 0.040544
12 0.248098 0.486816 0.036843 0.025306
8 0.425973 0.575082 0.054640 0.023796
8 0.790398 0.540663 0.022897 0.021422
8 0.612812 0.576639 0.078250 0.020571
8 0.596973 0.543293 0.036927 0.010871
12 0.299913 0.479320 0.048393 0.040912
8 0.387577 0.603701 0.082353 0.027619
8 0.204335 0.516830 0.020910 0.012109
12 0.574542 0.491031 0.046003 0.033204
8 0.830492 0.552762 0.018537 0.018612
8 0.278822 0.697830 0.140317 0.092612
8 0.889792 0.557357 0.033717 0.026565
8 0.102175 0.539956 0.015743 0.009599
8 0.430005 0.567303 0.061550 0.018524
12 0.836028 0.489381 0.019497 0.016163
8 0.970028 0.571554 0.022737 0.033667
12 0.090138 0.500833 0.013037 0.011136
8 0.211967 0.504782 0.012673 0.009170
8 0.859828 0.528769 0.019977 0.015673
8 0.409560 0.581690 0.067307 0.021449
8 0.395715 0.531235 0.028743 0.013694
8 0.957062 0.668112 0.079390 0.044075
12 0.212978 0.474728 0.019897 0.037034
8 0.313667 0.563425 0.055540 0.015912
8 0.133855 0.612966 0.065737 0.050952
8 0.467620 0.528143 0.051687 0.033061
8 0.628145 0.592503 0.077963 0.044367
12 0.757112 0.497891 0.026397 0.012612
12 0.666457 0.533799 0.043673 0.022156
8 0.225833 0.541367 0.014600 0.016667
8 0.353355 0.534126 0.044090 0.038687
8 0.662122 0.617408 0.064430 0.047741
8 0.745392 0.574687 0.052623 0.024680
8 0.376795 0.618874 0.102690 0.047748
12 0.753902 0.529173 0.045523 0.023980
8 0.799848 0.593490 0.065797 0.038490
8 0.283662 0.563854 0.061657 0.046034
8 0.358388 0.545602 0.035163 0.007735
8 0.117802 0.555765 0.036230 0.023272
8 0.939162 0.539969 0.021717 0.018728
8 0.771078 0.535463 0.029043 0.015918
8 0.726205 0.565997 0.049790 0.029014
12 0.019868 0.493490 0.029543 0.013469
8 0.214367 0.545517 0.014400 0.012313
8 0.275533 0.532150 0.038600 0.014286
12 0.096213 0.522034 0.020047 0.016014
8 0.074692 0.621211 0.070310 0.048435
12 0.004053 0.507054 0.008107 0.012041
12 0.233627 0.467687 0.036893 0.058871
8 0.439760 0.555619 0.056007 0.017483
8 0.664488 0.668374 0.125843 0.112122
8 0.916997 0.538316 0.018900 0.013463
8 0.858950 0.613473 0.059607 0.049952
12 0.100492 0.504956 0.008497 0.012918
12 0.735157 0.492075 0.026393 0.016653
8 0.689582 0.548857 0.049730 0.023633
8 0.081655 0.540983 0.024143 0.010483
8 0.871768 0.530299 0.024663 0.016041
8 0.707098 0.550759 0.052730 0.032320
8 0.087097 0.715864 0.106580 0.083714
8 0.862165 0.552092 0.023457 0.026075
8 0.961318 0.683803 0.077363 0.051129
12 0.594477 0.550398 0.057360 0.032973
8 0.330490 0.656276 0.103767 0.066007
8 0.383447 0.536718 0.031120 0.014959
8 0.897232 0.537769 0.016797 0.010898
12 0.277417 0.516503 0.022833 0.013197
8 0.336203 0.552575 0.043620 0.019816
8 0.413375 0.577881 0.062270 0.019993
8 0.750105 0.575565 0.047657 0.031442
12 0.797995 0.489626 0.019017 0.013714
8 0.923745 0.564755 0.027477 0.027197
8 0.826442 0.544439 0.021837 0.024483
8 0.455633 0.547544 0.060973 0.018082
8 0.182835 0.599922 0.060903 0.035082
8 0.837047 0.528728 0.004833 0.008585
8 0.782477 0.537551 0.023647 0.021524
8 0.221550 0.593483 0.072767 0.038939
8 0.063070 0.531306 0.018560 0.011510
8 0.263840 0.583690 0.041813 0.030850
8 0.814858 0.603480 0.050610 0.041136
12 0.969085 0.541371 0.039650 0.023803
8 0.250185 0.522415 0.011923 0.007524
12 0.335278 0.494180 0.031543 0.013367
8 0.320817 0.556078 0.056540 0.023463
8 0.778288 0.589891 0.054350 0.035701
8 0.992647 0.575350 0.014707 0.033912
8 0.768633 0.722078 0.095387 0.149884
8 0.349025 0.634816 0.087537 0.043197
8 0.310768 0.570514 0.040343 0.017041
8 0.877742 0.805993 0.060330 0.195265
8 0.293633 0.527932 0.030600 0.014286
8 0.885682 0.532442 0.027897 0.016163
12 0.695755 0.494830 0.016037 0.015020
8 0.458188 0.542245 0.055863 0.026299
8 0.944802 0.569901 0.022077 0.032320
8 0.844948 0.551480 0.021537 0.022891
8 0.202000 0.527827 0.023847 0.011286
12 0.065612 0.499626 0.032897 0.021306
8 0.618317 0.588099 0.076020 0.028497
8 0.179733 0.548442 0.028133 0.015442
8 0.675423 0.545061 0.035693 0.018245
12 0.164128 0.516575 0.028797 0.021422
8 0.821405 0.526986 0.021370 0.009184
8 0.245883 0.537694 0.006967 0.014218
8 0.601473 0.568412 0.073860 0.027327
8 0.254750 0.535449 0.018967 0.013946
12 0.853322 0.490874 0.009337 0.015218
12 0.289985 0.492449 0.039643 0.017442
8 0.435190 0.564650 0.060973 0.020565
8 0.367553 0.542204 0.037160 0.013347
8 0.398515 0.595279 0.088250 0.026585
12 0.331297 0.514395 0.035640 0.024245
8 0.805827 0.542265 0.043093 0.024694
8 0.704372 0.696180 0.071650 0.096265
8 0.872635 0.555211 0.030357 0.022776
12 0.623675 0.490371 0.037290 0.030701
8 0.325307 0.635330 0.071840 0.037653
12 0.265900 0.516503 0.007400 0.013469
8 0.709828 0.560122 0.048710 0.025347
12 0.773130 0.490238 0.032273 0.016898
8 0.164883 0.550789 0.028367 0.016463
8 0.762847 0.583939 0.061333 0.037320
