8 0.833729 0.661690 0.071042 0.042620
8 0.527925 0.553770 0.022633 0.021980
8 0.433758 0.535120 0.014000 0.014720
8 0.675417 0.572960 0.010750 0.018000
8 0.570946 0.566200 0.020042 0.026120
12 0.554042 0.557900 0.023917 0.039000
12 0.547892 0.609320 0.032550 0.081840
12 0.531038 0.526710 0.004842 0.008100
12 0.584579 0.499180 0.014325 0.047520
8 0.846667 0.805850 0.074650 0.054740
11 0.543675 0.524160 0.022000 0.027200
11 0.494500 0.504800 0.012167 0.041600
11 0.471567 0.504100 0.037583 0.049200
8 0.286271 0.791230 0.086208 0.048060
12 0.716496 0.502050 0.013375 0.052740
8 0.863254 0.881990 0.100358 0.123420
12 0.350288 0.566500 0.022908 0.053480
12 0.295971 0.580070 0.049442 0.052740
12 0.693975 0.541880 0.012917 0.028200
10 0.408308 0.591230 0.053033 0.108860
8 0.695308 0.566830 0.025400 0.014300
12 0.447233 0.552330 0.031783 0.056180
8 0.612150 0.547230 0.011750 0.023420
10 0.437021 0.629440 0.029892 0.040640
12 0.687108 0.495450 0.017617 0.067420
12 0.656525 0.501670 0.022183 0.053980
8 0.633317 0.559050 0.020217 0.015540
12 0.610400 0.500060 0.052450 0.103000
12 0.245075 0.603420 0.046300 0.076080
8 0.903513 0.680270 0.069242 0.032540
8 0.698896 0.633460 0.027208 0.044200
8 0.391517 0.661910 0.043167 0.051940
11 0.380608 0.513000 0.047667 0.041000
11 0.426275 0.515400 0.041333 0.036600
8 0.782771 0.545160 0.009408 0.014920
11 0.331108 0.545000 0.051333 0.061400
12 0.515808 0.605590 0.032033 0.086820
8 0.583904 0.601250 0.039558 0.036900
8 0.679583 0.543400 0.008983 0.016800
8 0.731325 0.570040 0.016067 0.031520
