12 0.459229 0.702270 0.078992 0.093300
11 0.717850 0.670430 0.226183 0.271420
8 0.833046 0.740750 0.037142 0.033380
8 0.514408 0.806560 0.037767 0.034040
12 0.639496 0.915470 0.215025 0.169060
8 0.352442 0.805490 0.123750 0.072020
12 0.915954 0.639800 0.063758 0.100760
12 0.174396 0.802170 0.128542 0.112980
12 0.336400 0.910020 0.201400 0.179960
12 0.261613 0.694170 0.083792 0.077740
12 0.254667 0.631100 0.032133 0.056800
12 0.589908 0.823900 0.210733 0.242240
8 0.416783 0.739030 0.092100 0.075220
12 0.077921 0.683640 0.089458 0.088320
12 0.915696 0.695280 0.072775 0.092800
