3 0.188667 0.547775 0.007729 0.021800
2 0.555427 0.749556 0.140146 0.230087
12 0.030331 0.758269 0.010089 0.021488
12 0.006779 0.666300 0.013557 0.017650
12 0.045320 0.810662 0.009714 0.036125
12 0.040536 0.772450 0.006844 0.016425
12 0.027917 0.726681 0.008281 0.027837
12 0.207182 0.648600 0.015646 0.058450
12 0.040841 0.787081 0.007974 0.017613
12 0.463034 0.837688 0.012266 0.017025
0 0.328995 0.889775 0.094490 0.220450
12 0.052099 0.866344 0.012573 0.037013
1 0.190128 0.610231 0.025349 0.071837
0 0.732852 0.758619 0.154245 0.179313
12 0.050174 0.835919 0.005911 0.020037
2 0.309789 0.490212 0.149276 0.089350
