4 0.151792 0.690652 0.026694 0.193422
3 0.368815 0.573274 0.351593 0.119052
12 0.286532 0.686437 0.013324 0.015096
12 0.260338 0.717193 0.028676 0.038415
12 0.035074 0.699459 0.016833 0.022178
10 0.067509 0.700022 0.015648 0.014385
12 0.023306 0.737948 0.022870 0.028133
8 0.704125 0.665052 0.011194 0.016978
12 0.351588 0.683652 0.010028 0.015837
4 0.661801 0.648741 0.015139 0.087852
11 0.128324 0.729481 0.021648 0.029630
8 0.054546 0.702319 0.009907 0.015422
12 0.532329 0.669319 0.014861 0.020207
3 0.865782 0.481059 0.268435 0.233852
10 0.624292 0.664978 0.012380 0.016415
10 0.481977 0.674407 0.015565 0.015274
12 0.079755 0.714407 0.020343 0.023126
4 0.616065 0.633548 0.017167 0.126948
8 0.688847 0.664141 0.014287 0.013348
12 0.319681 0.680756 0.013806 0.019852
5 0.084370 0.518533 0.037074 0.067407
10 0.102347 0.697126 0.011120 0.009600
12 0.593755 0.666193 0.011435 0.017748
12 0.369889 0.679652 0.013093 0.017733
10 0.222375 0.689985 0.011806 0.012474
12 0.138056 0.692281 0.016704 0.026104
4 0.310620 0.661363 0.024593 0.133333
2 0.146167 0.415415 0.141111 0.190178
12 0.237532 0.685593 0.013213 0.019807
10 0.119741 0.694222 0.015833 0.018252
12 0.074495 0.735407 0.023583 0.026726
12 0.450431 0.675444 0.012139 0.017733
12 0.418532 0.679326 0.011787 0.016815
10 0.562120 0.668933 0.013667 0.014163
10 0.269912 0.687052 0.012787 0.014074
4 0.224060 0.663822 0.016935 0.117333
4 0.232199 0.675593 0.017843 0.119837
4 0.029250 0.729319 0.030944 0.192326
4 0.177440 0.670526 0.017565 0.144874
8 0.254866 0.686904 0.012324 0.015259
4 0.518560 0.687422 0.018972 0.151644
4 0.089986 0.704252 0.025676 0.172178
4 0.576056 0.624348 0.025944 0.204252
4 0.560329 0.675800 0.035806 0.200519
