12 0.730725 0.459221 0.013314 0.011000
12 0.893304 0.471721 0.013941 0.023118
12 0.696770 0.457331 0.011422 0.011632
12 0.935544 0.471169 0.017088 0.022338
12 0.780623 0.459772 0.012049 0.014926
11 0.358083 0.646066 0.093892 0.128750
11 0.849608 0.517971 0.032961 0.058971
11 0.126186 0.659743 0.125843 0.171809
11 0.816176 0.602375 0.064118 0.113162
12 0.810289 0.468809 0.013520 0.034588
11 0.458828 0.676551 0.123676 0.219074
12 0.841103 0.461897 0.016245 0.017294
11 0.756721 0.491691 0.019814 0.037265
11 0.628142 0.681588 0.103245 0.130088
12 0.958554 0.468500 0.017814 0.019176
12 0.368289 0.442522 0.013206 0.006985
11 0.580652 0.576441 0.065637 0.099765
12 0.927054 0.487125 0.014990 0.042926
12 0.637020 0.450735 0.011627 0.007235
12 0.676270 0.457963 0.018029 0.010691
12 0.747922 0.467397 0.020020 0.017294
11 0.720373 0.545684 0.038941 0.075809
11 0.353083 0.624699 0.093461 0.090632
11 0.415789 0.562919 0.042814 0.063574
11 0.165725 0.738809 0.196059 0.244529
11 0.932897 0.590478 0.052382 0.104368
12 0.857926 0.459375 0.012167 0.013515
11 0.791887 0.495934 0.017402 0.049838
12 0.781407 0.476750 0.009441 0.015559
12 0.978000 0.481860 0.013314 0.045279
11 0.697461 0.574485 0.061941 0.099706
11 0.820608 0.496875 0.016353 0.043868
11 0.801975 0.518243 0.033696 0.061132
