5 0.617785 0.461931 0.055617 0.149278
5 0.355477 0.494625 0.067922 0.178806
5 0.265039 0.378979 0.042578 0.107042
5 0.235383 0.438201 0.041703 0.138625
5 0.200512 0.471667 0.059789 0.158083
5 0.389969 0.481292 0.041594 0.166083
5 0.154598 0.364375 0.047273 0.112500
5 0.462391 0.365403 0.036313 0.098167
5 0.739457 0.323535 0.032414 0.085403
5 0.850711 0.303375 0.021875 0.057917
5 0.832301 0.427326 0.065289 0.162431
5 0.363715 0.363257 0.034289 0.093625
5 0.800656 0.361847 0.031734 0.093222
5 0.639238 0.321167 0.034227 0.086000
5 0.563723 0.333500 0.028883 0.078333
5 0.490656 0.403917 0.044953 0.123361
