4 0.421332 0.773499 0.004602 0.023576
4 0.354832 0.770275 0.004398 0.028124
4 0.870996 0.708195 0.081633 0.176999
4 0.368438 0.764549 0.007328 0.043986
4 0.804277 0.760164 0.015539 0.056788
4 0.388816 0.730211 0.038602 0.126870
4 0.331234 0.776559 0.002828 0.013986
4 0.483078 0.769807 0.004391 0.029390
4 0.090555 0.757157 0.012906 0.056166
4 0.619395 0.745176 0.024273 0.099730
4 0.116066 0.771043 0.004445 0.023165
4 0.456762 0.771536 0.008680 0.032849
4 0.123086 0.768499 0.008203 0.027761
12 0.167301 0.779004 0.083336 0.045463
4 0.009473 0.765152 0.009852 0.033376
