12 0.906170 0.032431 0.069090 0.053772
12 0.300861 0.015673 0.049215 0.031346
12 0.874592 0.047806 0.074316 0.054716
12 0.560939 0.314901 0.093926 0.060454
12 0.135180 0.233821 0.053547 0.042071
12 0.833691 0.076296 0.084633 0.030569
12 0.974148 0.196435 0.051703 0.037418
12 0.184992 0.560031 0.126344 0.122264
12 0.481732 0.612418 0.153809 0.114131
12 0.924043 0.026734 0.073750 0.053469
12 0.778262 0.025662 0.059930 0.051325
12 0.399408 0.081106 0.056160 0.033177
12 0.225883 0.211085 0.093109 0.055472
12 0.774492 0.323753 0.148352 0.075623
12 0.239812 0.022746 0.061813 0.045493
12 0.230395 0.138654 0.061930 0.046698
12 0.326174 0.013156 0.029199 0.026312
10 0.868707 0.217410 0.076922 0.029478
12 0.261889 0.136844 0.038973 0.035222
12 0.577977 0.291466 0.106641 0.069734
12 0.708268 0.037569 0.123152 0.051414
12 0.740174 0.029202 0.099137 0.058404
12 0.839420 0.240141 0.102332 0.046385
12 0.943328 0.024186 0.063719 0.048372
12 0.819068 0.086862 0.066402 0.024909
12 0.487191 0.093276 0.022727 0.007074
12 0.240531 0.500258 0.154422 0.131502
12 0.777742 0.092235 0.025289 0.028498
10 0.748016 0.186716 0.083945 0.039150
12 0.095549 0.246742 0.067816 0.056980
12 0.309604 0.465209 0.119629 0.114111
12 0.162990 0.020073 0.081473 0.026886
12 0.888229 0.040918 0.074738 0.056035
12 0.387934 0.407475 0.133867 0.095910
12 0.020029 0.083764 0.040059 0.050156
12 0.471145 0.376095 0.089109 0.060318
10 0.767973 0.177676 0.070875 0.034591
12 0.149215 0.039961 0.113969 0.053140
12 0.509820 0.356787 0.079180 0.055921
12 0.816709 0.283339 0.143262 0.074940
12 0.447326 0.037084 0.080652 0.064622
12 0.382844 0.008159 0.039000 0.016317
4 0.046748 0.052864 0.043090 0.105728
12 0.201666 0.148164 0.066168 0.048743
4 0.081123 0.028289 0.083785 0.056578
3 0.188441 0.220519 0.078414 0.060756
8 0.720410 0.340156 0.082906 0.048701
10 0.314117 0.166309 0.072172 0.038367
12 0.702498 0.045037 0.110910 0.059431
12 0.686850 0.225394 0.076293 0.051101
12 0.348873 0.010342 0.042191 0.020683
12 0.797127 0.304283 0.144449 0.073813
12 0.717227 0.195050 0.108789 0.052989
12 0.302744 0.111609 0.074293 0.043239
12 0.539822 0.555788 0.148637 0.105430
12 0.339008 0.101234 0.062281 0.039150
12 0.532795 0.336523 0.083754 0.060224
12 0.276488 0.017402 0.057219 0.034804
12 0.061912 0.201622 0.064285 0.045592
12 0.709633 0.215806 0.078766 0.040720
12 0.436354 0.391854 0.100504 0.073359
12 0.785162 0.161875 0.071582 0.041977
12 0.591047 0.427788 0.094773 0.087167
12 0.362967 0.095965 0.054395 0.034591
8 0.681414 0.379223 0.095453 0.060678
12 0.616207 0.274147 0.085789 0.059092
12 0.115541 0.191088 0.054512 0.039306
12 0.423260 0.116625 0.099723 0.055660
12 0.604020 0.109776 0.071547 0.040073
12 0.831811 0.259593 0.128324 0.062222
12 0.802572 0.022282 0.029676 0.044564
12 0.464527 0.113558 0.059812 0.047324
12 0.957207 0.021338 0.076055 0.042676
12 0.354975 0.443203 0.109457 0.095097
12 0.486074 0.096187 0.040734 0.026729
12 0.239447 0.202217 0.071066 0.034335
12 0.044029 0.285516 0.088059 0.068863
12 0.375811 0.144218 0.064402 0.036948
12 0.881855 0.201163 0.086930 0.043109
12 0.474713 0.101925 0.047449 0.033803
12 0.260889 0.019682 0.050035 0.039364
12 0.854398 0.056106 0.076844 0.056604
12 0.028189 0.221278 0.056379 0.049056
12 0.418246 0.050840 0.105375 0.061951
10 0.846877 0.229071 0.074074 0.030005
12 0.178238 0.164990 0.053453 0.039619
12 0.429729 0.681523 0.195801 0.164319
4 0.072857 0.048383 0.063582 0.096766
12 0.655711 0.235430 0.105117 0.066792
12 0.139500 0.174737 0.073469 0.049369
12 0.623160 0.247885 0.115969 0.073579
12 0.688264 0.062460 0.095723 0.049374
12 0.565277 0.504090 0.111727 0.088075
12 0.904912 0.191661 0.064559 0.039306
10 0.337313 0.156719 0.051687 0.025154
8 0.702693 0.361781 0.088840 0.054810
