12 0.221260 0.117536 0.012438 0.005311
12 0.317354 0.076013 0.009248 0.004573
0 0.317923 0.223221 0.171087 0.068183
0 0.466666 0.111558 0.210660 0.060313
12 0.263879 0.245773 0.023231 0.026225
0 0.927999 0.116618 0.144002 0.032597
0 0.525565 0.245428 0.102050 0.058128
12 0.037172 0.239216 0.027760 0.043006
0 0.883405 0.722176 0.233190 0.248723
0 0.979885 0.168700 0.040231 0.043889
0 0.140273 0.888461 0.280547 0.136741
12 0.291141 0.125820 0.006172 0.006196
0 0.639623 0.125850 0.162819 0.054283
0 0.182469 0.148220 0.250630 0.081820
0 0.480447 0.178691 0.228379 0.062937
