3 0.521250 0.569878 0.076522 0.073046
3 0.477678 0.436205 0.022756 0.022606
3 0.315622 0.662020 0.171689 0.130130
3 0.777244 0.490570 0.034133 0.056873
8 0.776583 0.447565 0.016967 0.013795
3 0.469456 0.724153 0.178089 0.172345
3 0.567694 0.790782 0.163433 0.259479
4 0.609500 0.394845 0.013756 0.059919
4 0.575106 0.399748 0.023656 0.089723
3 0.661511 0.476694 0.034933 0.032248
3 0.524044 0.445326 0.035467 0.024235
3 0.313122 0.474552 0.073133 0.042980
3 0.134206 0.505733 0.121300 0.057394
4 0.428089 0.445847 0.059111 0.237459
3 0.559344 0.410936 0.017289 0.012427
3 0.381339 0.679992 0.223678 0.180147
4 0.355456 0.357875 0.026444 0.144251
3 0.509444 0.441808 0.024933 0.023062
3 0.186722 0.524267 0.152756 0.082052
4 0.663189 0.490049 0.112400 0.393290
4 0.153839 0.353559 0.040433 0.048485
8 0.637589 0.423648 0.017000 0.013518
4 0.370672 0.365684 0.014656 0.114300
3 0.438606 0.422989 0.034078 0.022264
3 0.545511 0.449235 0.043467 0.028534
3 0.640578 0.468681 0.036800 0.031466
4 0.128294 0.362989 0.064433 0.103893
3 0.497489 0.551327 0.088244 0.079365
3 0.295839 0.459292 0.074367 0.053143
3 0.241911 0.557288 0.143156 0.103567
4 0.490422 0.396954 0.016889 0.107785
3 0.458533 0.537989 0.064022 0.069430
3 0.598444 0.461059 0.024800 0.025993
3 0.450867 0.429137 0.033689 0.018274
10 0.231917 0.696409 0.047989 0.041026
3 0.542611 0.408111 0.015578 0.014919
3 0.556189 0.587060 0.077600 0.074414
3 0.116056 0.484520 0.132778 0.066759
3 0.726594 0.436262 0.014189 0.017866
3 0.619244 0.463990 0.025600 0.027166
3 0.463144 0.432345 0.023267 0.024300
3 0.188594 0.558461 0.200744 0.095749
3 0.746578 0.480603 0.033333 0.051010
3 0.307028 0.490945 0.030700 0.028730
4 0.061833 0.367964 0.116089 0.318730
3 0.391189 0.509031 0.105844 0.045456
3 0.263133 0.461433 0.038578 0.036645
3 0.280972 0.613168 0.219678 0.167638
3 0.598156 0.602443 0.074511 0.078925
3 0.693244 0.476694 0.034933 0.036547
3 0.663711 0.427671 0.024844 0.015603
3 0.153272 0.517044 0.127967 0.048062
8 0.748494 0.441800 0.014478 0.017182
3 0.385922 0.411743 0.023667 0.017590
3 0.354000 0.487101 0.086089 0.049967
8 0.628644 0.423078 0.016667 0.016287
3 0.583489 0.439316 0.019267 0.015831
8 0.649111 0.425798 0.011889 0.013192
3 0.534206 0.408559 0.015433 0.013111
4 0.603322 0.414829 0.027644 0.067834
3 0.717911 0.477964 0.036000 0.051596
