7 0.483578 0.531021 0.300406 0.559500
7 0.434977 0.170125 0.082547 0.118958
7 0.340211 0.102396 0.063734 0.088500
7 0.299312 0.066062 0.060031 0.115167
7 0.215023 0.084375 0.046203 0.106458
7 0.155508 0.087167 0.066047 0.155875
7 0.683281 0.065323 0.089531 0.101354
7 0.656633 0.059479 0.055797 0.116417
7 0.588625 0.165240 0.107625 0.150938
7 0.477742 0.093302 0.068234 0.081312
7 0.405711 0.095406 0.068016 0.094521
7 0.734672 0.041271 0.065281 0.082542
7 0.253734 0.113490 0.079063 0.096354
7 0.504688 0.089583 0.987500 0.179167