7 0.482867 0.578646 0.146641 0.698875
7 0.388508 0.584458 0.111484 0.630625
7 0.163562 0.359260 0.033437 0.080771
7 0.060664 0.445052 0.102953 0.145812
7 0.555664 0.366021 0.016609 0.076208
7 0.986609 0.356198 0.014406 0.060604
7 0.131250 0.360521 0.041219 0.068125
7 0.031797 0.401594 0.014688 0.088313
7 0.968961 0.355271 0.019203 0.060583
7 0.048555 0.367781 0.026859 0.035646
7 0.527320 0.347052 0.009297 0.030979
7 0.964742 0.812292 0.070516 0.375417
7 0.013195 0.370719 0.019672 0.037937
7 0.308594 0.391667 0.614062 0.116667