4 0.479953 0.437063 0.229125 0.129250
4 0.965094 0.384844 0.050500 0.051896
4 0.954070 0.372677 0.045016 0.048104
7 0.386195 0.530958 0.128578 0.286583
7 0.651414 0.445844 0.071078 0.152938
7 0.262641 0.373229 0.021875 0.080875
7 0.169594 0.361750 0.017219 0.037458
7 0.287477 0.387677 0.023703 0.077271
7 0.764625 0.357125 0.007437 0.030500
4 0.905367 0.362083 0.017766 0.018083
4 0.832523 0.364896 0.025703 0.024042
5 0.833227 0.363198 0.029078 0.026562
5 0.378367 0.346531 0.128391 0.090979
5 0.281594 0.329573 0.178000 0.136938
7 0.692273 0.366177 0.011797 0.036396
7 0.467539 0.358021 0.018141 0.040583
7 0.151828 0.370104 0.020938 0.038750
7 0.548703 0.353792 0.014500 0.026667
7 0.908867 0.368177 0.011609 0.022146
7 0.169500 0.398313 0.042844 0.082750
4 0.930859 0.359479 0.019031 0.018875
7 0.493750 0.380208 0.821875 0.106250