7 0.269906 0.526994 0.044250 0.082601
7 0.456680 0.491258 0.032234 0.063795
7 0.577188 0.461322 0.028875 0.047974
4 0.930820 0.266258 0.048203 0.043049
4 0.975047 0.292537 0.049906 0.054072
7 0.382828 0.507878 0.025938 0.096482
7 0.712258 0.425682 0.029078 0.039680
7 0.406586 0.514168 0.035891 0.051322
4 0.979117 0.387633 0.041766 0.078038
4 0.991437 0.327729 0.017125 0.045949
4 0.571523 0.180288 0.029484 0.024797
4 0.634656 0.229765 0.040969 0.020128
4 0.643078 0.182132 0.023781 0.018849
7 0.646781 0.442623 0.037000 0.054328
7 0.621766 0.450576 0.017094 0.046652