7 0.663070 0.541367 0.181797 0.505859
7 0.333352 0.495469 0.171734 0.399219
7 0.162391 0.486455 0.061031 0.233770
7 0.196148 0.534834 0.047578 0.140605
7 0.490555 0.581221 0.029422 0.096816
7 0.525953 0.588125 0.031031 0.062852
7 0.566359 0.572305 0.032000 0.102656
7 0.817469 0.614941 0.024531 0.091445
7 0.956516 0.586758 0.025188 0.091680
7 0.088477 0.522910 0.039297 0.139141
7 0.511742 0.547910 0.020172 0.033281
4 0.548703 0.522568 0.068406 0.022051
4 0.983453 0.535205 0.033094 0.032520
7 0.451922 0.548398 0.013562 0.056016
4 0.375242 0.449873 0.040047 0.021738
4 0.475641 0.453418 0.028219 0.019688
7 0.242203 0.528271 0.074156 0.169590
4 0.574914 0.457607 0.022609 0.024863
4 0.846313 0.524062 0.095906 0.035430
4 0.518359 0.455693 0.017406 0.021035
4 0.535672 0.453320 0.020875 0.024570
7 0.438281 0.543945 0.867188 0.244141