7 0.141383 0.125239 0.062109 0.200815
7 0.677367 0.608499 0.489703 0.512545
7 0.788461 0.124911 0.051266 0.249066
7 0.670703 0.124662 0.035094 0.161730
7 0.289219 0.139344 0.058313 0.154871
7 0.056570 0.122684 0.059234 0.219920
7 0.216078 0.083946 0.040594 0.119901
7 0.751141 0.121302 0.044500 0.217555
7 0.629062 0.125964 0.040031 0.175229
7 0.543320 0.118897 0.030922 0.203917
7 0.519383 0.056093 0.031609 0.112187
7 0.495297 0.112962 0.051594 0.197654
7 0.569688 0.123072 0.034469 0.191988
7 0.463281 0.124254 0.926562 0.244533