7 0.316141 0.335854 0.060406 0.133833
7 0.339633 0.473708 0.100016 0.269167
7 0.536531 0.366854 0.036406 0.132000
7 0.579508 0.339594 0.015859 0.065854
7 0.250188 0.374135 0.058375 0.171813
7 0.052930 0.352333 0.015797 0.048833
7 0.796969 0.332156 0.013062 0.021937
7 0.366680 0.474948 0.060016 0.135521
7 0.415016 0.367260 0.041719 0.110271
7 0.125328 0.346156 0.015375 0.043104
7 0.162391 0.345729 0.017531 0.044042
7 0.189211 0.343052 0.008453 0.031062
7 0.682047 0.327115 0.010281 0.034063
7 0.570312 0.339583 0.737500 0.070833