7 0.165313 0.827704 0.092094 0.324312
7 0.307289 0.751690 0.084359 0.393263
7 0.405953 0.684266 0.064781 0.200000
7 0.240258 0.760676 0.073797 0.298881
7 0.260500 0.703345 0.036656 0.198159
7 0.102805 0.789417 0.100797 0.421166
7 0.179961 0.643392 0.040609 0.078671
7 0.043617 0.758322 0.087234 0.415291
7 0.575367 0.715455 0.131078 0.194266
7 0.666445 0.701329 0.093078 0.178135
7 0.089070 0.654277 0.045297 0.139650
7 0.646859 0.667692 0.024281 0.055711
7 0.454422 0.682855 0.053187 0.152284
7 0.585938 0.730769 0.825000 0.319347