7 0.465164 0.538198 0.286516 0.653937
7 0.149250 0.584240 0.205219 0.400229
7 0.210805 0.297687 0.112984 0.200875
7 0.277445 0.579781 0.126328 0.240312
7 0.937500 0.295042 0.121625 0.157667
7 0.626078 0.648896 0.137125 0.240250
7 0.906813 0.567948 0.186375 0.379771
7 0.815727 0.281469 0.103141 0.186062
7 0.975281 0.221354 0.049438 0.159542
7 0.719859 0.327646 0.085156 0.096083
7 0.047492 0.206969 0.094984 0.168729
7 0.628461 0.258385 0.097391 0.255896
7 0.547562 0.240958 0.098625 0.289000
7 0.499219 0.468750 0.998437 0.937500