9 0.149391 0.643052 0.114688 0.082479
5 0.738617 0.430469 0.134453 0.103188
7 0.353766 0.445292 0.043250 0.129417
7 0.434086 0.449000 0.038859 0.118500
7 0.294406 0.389083 0.026844 0.051417
7 0.412062 0.445604 0.024375 0.119083
7 0.265438 0.406448 0.015656 0.040021
7 0.034766 0.404344 0.021281 0.047938
7 0.946313 0.429375 0.026250 0.107125
7 0.689703 0.436542 0.038750 0.103542
7 0.721641 0.432937 0.029969 0.105667
7 0.047766 0.465000 0.035250 0.145750
7 0.519148 0.430615 0.024172 0.088438
7 0.010305 0.430479 0.019609 0.070333
7 0.384289 0.373938 0.015953 0.025542
7 0.499219 0.456250 0.998437 0.187500