4 0.763320 0.874192 0.441922 0.191382
4 0.463164 0.853970 0.087953 0.122553
7 0.255281 0.850843 0.031250 0.136066
7 0.348891 0.828923 0.022437 0.111148
7 0.446648 0.859215 0.030328 0.125035
7 0.527555 0.857002 0.041984 0.138642
7 0.404086 0.861663 0.054172 0.144918
7 0.374188 0.852518 0.025375 0.125738
7 0.478273 0.848747 0.047984 0.139321
7 0.214789 0.861710 0.032453 0.152974
7 0.229914 0.861323 0.019828 0.130937
7 0.170109 0.855679 0.027062 0.126581
7 0.149977 0.859496 0.040859 0.132576
7 0.192664 0.857459 0.025484 0.128080
4 0.529805 0.803536 0.086641 0.060047
4 0.463328 0.789637 0.036719 0.025644
7 0.083891 0.827354 0.023563 0.094660
7 0.515625 0.854801 0.965625 0.201405