7 0.657242 0.441776 0.595828 0.860729
7 0.322867 0.611612 0.065734 0.180212
7 0.115023 0.584859 0.045266 0.199318
7 0.205359 0.579282 0.032688 0.102612
7 0.402656 0.540741 0.052125 0.125624
7 0.958773 0.556494 0.060141 0.282635
7 0.825992 0.552929 0.030922 0.216918
7 0.865008 0.589435 0.040922 0.231765
7 0.314852 0.499012 0.044422 0.065271
7 0.357266 0.536118 0.042750 0.120188
7 0.847641 0.522565 0.029469 0.127200
4 0.886391 0.525847 0.016125 0.054376
4 0.985719 0.517624 0.008406 0.044329
4 0.185242 0.530082 0.217141 0.079976
4 0.433781 0.545365 0.025781 0.061271
7 0.666156 0.631729 0.049938 0.112400
7 0.910828 0.570529 0.046625 0.218847
7 0.467187 0.581176 0.934375 0.258824