7 0.430500 0.875583 0.093563 0.246625
7 0.353938 0.884417 0.104500 0.200000
7 0.123477 0.796521 0.032359 0.155000
7 0.448883 0.808917 0.075953 0.199708
7 0.884195 0.842125 0.031234 0.177667
7 0.912062 0.813260 0.052062 0.183438
7 0.093969 0.815625 0.041719 0.214708
7 0.300695 0.812146 0.049891 0.194667
7 0.499953 0.821594 0.045219 0.182729
7 0.461156 0.752771 0.029469 0.059875
7 0.497742 0.724677 0.013641 0.029771
7 0.846445 0.848229 0.045734 0.184958
7 0.157031 0.836667 0.050969 0.200083
7 0.521094 0.847917 0.839063 0.300000