7 0.514102 0.502245 0.112609 0.551805
7 0.663297 0.502767 0.131906 0.473278
7 0.772125 0.509656 0.081719 0.448670
7 0.715547 0.372067 0.038625 0.127648
7 0.934641 0.501675 0.118875 0.383017
7 0.883016 0.478729 0.065750 0.376698
7 0.291938 0.373765 0.223375 0.316176
7 0.162680 0.179572 0.060703 0.243800
7 0.088688 0.209359 0.077563 0.171021
7 0.730469 0.346449 0.029406 0.080404
7 0.743695 0.305914 0.025922 0.073539
7 0.576531 0.346318 0.113906 0.162423
7 0.969516 0.342577 0.011844 0.022637
7 0.500000 0.195962 0.996875 0.391924