4 0.285187 0.591844 0.062187 0.027396
4 0.406656 0.601500 0.045062 0.019000
4 0.045703 0.573240 0.057469 0.018896
4 0.487320 0.613260 0.032609 0.022771
4 0.247125 0.589156 0.038437 0.020271
4 0.351125 0.594688 0.050125 0.023500
7 0.459188 0.636990 0.045969 0.199604
7 0.525867 0.638000 0.040578 0.138417
7 0.604023 0.648615 0.038891 0.146729
7 0.635398 0.658427 0.033703 0.157313
7 0.665664 0.649719 0.039766 0.146979
7 0.913289 0.644115 0.019516 0.083937
7 0.578289 0.638948 0.028422 0.135813
4 0.101883 0.576438 0.055172 0.017833
4 0.543719 0.610812 0.014563 0.028125
4 0.504094 0.607677 0.017563 0.027646
4 0.221797 0.583583 0.031438 0.014667
7 0.521070 0.609458 0.015047 0.078833
7 0.006383 0.591740 0.012766 0.071563
4 0.546094 0.616667 0.804688 0.133333