7 0.658148 0.664198 0.183703 0.649438
7 0.372727 0.445177 0.063828 0.179021
7 0.295570 0.439615 0.065547 0.197563
7 0.047797 0.349698 0.095594 0.345187
7 0.311102 0.362052 0.073391 0.311854
7 0.619906 0.271833 0.055969 0.186083
7 0.845781 0.235177 0.041531 0.161979
7 0.908930 0.176646 0.025547 0.120417
7 0.869125 0.500219 0.070469 0.351229
7 0.294039 0.214802 0.069797 0.195646
7 0.143039 0.434688 0.083609 0.224208
7 0.236812 0.408656 0.073500 0.230813
7 0.435422 0.449917 0.060156 0.151625
7 0.496875 0.329167 0.993750 0.658333