7 0.754461 0.437078 0.215574 0.379781
7 0.398220 0.494203 0.496674 0.597344
7 0.085082 0.328508 0.142951 0.262984
7 0.642143 0.295477 0.070094 0.123203
7 0.611874 0.290187 0.041358 0.115844
7 0.132143 0.313883 0.082693 0.177203
7 0.167494 0.288117 0.046604 0.118391
7 0.249508 0.311523 0.093817 0.158109
7 0.858197 0.280859 0.044496 0.079375
5 0.117424 0.238313 0.234848 0.164031
8 0.926967 0.453781 0.138665 0.465781
7 0.341920 0.344328 0.066042 0.168531
7 0.702412 0.275117 0.051429 0.064734
7 0.557611 0.297336 0.068665 0.118922
7 0.590937 0.255047 0.021171 0.030406
7 0.265808 0.314063 0.147541 0.162500