0 0.439477 0.828082 0.795391 0.249435
7 0.190477 0.732659 0.013328 0.029882
7 0.232625 0.733988 0.012781 0.027882
7 0.367273 0.748388 0.007078 0.008541
7 0.592875 0.747400 0.008281 0.011365
7 0.609867 0.733988 0.015359 0.030565
7 0.481945 0.743365 0.009641 0.018165
7 0.444922 0.753965 0.014563 0.016918
7 0.417703 0.747412 0.008125 0.014353
7 0.216570 0.735541 0.014141 0.028353
7 0.567727 0.748094 0.010078 0.021176
7 0.292461 0.741906 0.013297 0.021835
0 0.985570 0.820388 0.028859 0.081576
7 0.116461 0.738200 0.009516 0.028494
7 0.104000 0.752047 0.011375 0.047106
7 0.361719 0.742353 0.592187 0.063529