8 0.288203 0.730400 0.120438 0.139765
7 0.628453 0.557788 0.039188 0.095388
7 0.334375 0.533847 0.013219 0.051882
4 0.707430 0.545412 0.059578 0.061129
4 0.670633 0.540200 0.043359 0.053341
4 0.946703 0.572941 0.089875 0.084141
4 0.367984 0.540659 0.057969 0.059624
4 0.430555 0.522765 0.027578 0.035647
5 0.395828 0.519671 0.047750 0.053929
4 0.851367 0.615918 0.208609 0.170424
4 0.342992 0.535224 0.022422 0.052659
4 0.416117 0.517953 0.004547 0.023624
4 0.472930 0.530553 0.013328 0.035553
4 0.458383 0.529082 0.016516 0.028282
4 0.519805 0.538471 0.077797 0.094353