7 0.458922 0.724580 0.076625 0.378862
7 0.371547 0.697141 0.079344 0.370867
7 0.204219 0.677127 0.050156 0.243686
7 0.232742 0.628699 0.042297 0.209431
7 0.283430 0.542995 0.014641 0.030596
7 0.127094 0.609593 0.031313 0.052304
7 0.068898 0.576775 0.010266 0.066829
7 0.033500 0.576775 0.009875 0.033767
7 0.275844 0.547358 0.012063 0.025447
7 0.241875 0.549390 0.011062 0.019431
7 0.152938 0.590434 0.013875 0.026775
7 0.284172 0.673103 0.050781 0.241491
7 0.191164 0.570488 0.010766 0.046179
7 0.487500 0.593496 0.950000 0.092141