4 0.958297 0.757406 0.083406 0.060896
4 0.588844 0.782698 0.052656 0.084271
4 0.641227 0.780073 0.052016 0.069354
4 0.090602 0.708542 0.036828 0.036833
4 0.028664 0.710448 0.057172 0.047646
4 0.061430 0.764208 0.119484 0.075500
7 0.196484 0.803083 0.050000 0.244458
7 0.767859 0.803802 0.052281 0.160687
7 0.393320 0.352031 0.043234 0.169229
7 0.223617 0.314052 0.053641 0.182354
5 0.335500 0.721208 0.494812 0.363250
4 0.619812 0.738615 0.059531 0.049896
4 0.119156 0.705937 0.026250 0.039167
4 0.582219 0.721823 0.039688 0.032271
4 0.043867 0.680438 0.068766 0.020750