4 0.076727 0.447008 0.152266 0.078780
4 0.791680 0.393189 0.014328 0.015472
7 0.586164 0.630709 0.087891 0.344606
7 0.680359 0.492736 0.055656 0.151496
7 0.749594 0.574951 0.046969 0.295965
7 0.866578 0.628652 0.085906 0.318366
7 0.956727 0.463957 0.047641 0.125197
7 0.743539 0.624055 0.101703 0.312992
7 0.638914 0.601122 0.056953 0.325118
7 0.967922 0.597667 0.064156 0.326004
7 0.825133 0.521083 0.048547 0.156575
7 0.933727 0.466309 0.028234 0.118366
7 0.831539 0.437943 0.030734 0.066476
7 0.897367 0.500089 0.033203 0.113209
7 0.911453 0.493996 0.022687 0.094803
7 0.592969 0.417323 0.610938 0.122047