7 0.878086 0.537129 0.243828 0.868000
7 0.757117 0.605529 0.235547 0.788941
7 0.565570 0.588753 0.158172 0.782024
7 0.906938 0.582506 0.186125 0.828165
7 0.494781 0.325976 0.044344 0.089318
7 0.416445 0.451118 0.107328 0.342471
7 0.481258 0.564035 0.094016 0.458424
7 0.718523 0.334835 0.111922 0.251694
7 0.390852 0.356282 0.027422 0.076800
7 0.162102 0.396024 0.056328 0.139388
7 0.304641 0.395494 0.063250 0.208212
7 0.345937 0.428624 0.051313 0.176541
7 0.357594 0.433082 0.051250 0.149365
7 0.537500 0.577647 0.728125 0.840000