7 0.577422 0.583865 0.183875 0.247312
7 0.744023 0.545281 0.045172 0.187562
7 0.876047 0.548333 0.031938 0.076792
7 0.680469 0.549802 0.028500 0.068562
7 0.955875 0.531469 0.019938 0.028938
7 0.971672 0.511510 0.007562 0.016479
7 0.451305 0.460240 0.017672 0.041396
7 0.359469 0.525323 0.013719 0.026937
7 0.314758 0.532865 0.014203 0.033646
4 0.136477 0.534437 0.012609 0.034083
7 0.602773 0.522781 0.009266 0.023854
7 0.919016 0.538792 0.012094 0.023875
7 0.347727 0.533958 0.003672 0.005583
7 0.882141 0.511010 0.009312 0.020979
4 0.263633 0.541885 0.011734 0.014354