4 0.039242 0.672026 0.059547 0.036230
4 0.202664 0.678911 0.087453 0.031218
4 0.729797 0.683759 0.080219 0.057916
7 0.572430 0.699052 0.064984 0.227377
7 0.684008 0.702459 0.035891 0.174098
7 0.505961 0.694028 0.034828 0.226838
7 0.711641 0.703677 0.038094 0.121218
7 0.529070 0.687108 0.044672 0.243770
7 0.472320 0.704496 0.016672 0.105948
7 0.455117 0.706862 0.018547 0.104778
7 0.420414 0.704286 0.024328 0.102904
7 0.381352 0.703466 0.018266 0.105012
7 0.320164 0.709859 0.017734 0.095457
7 0.616500 0.702553 0.015375 0.115176
7 0.398453 0.684602 0.027344 0.072857
7 0.653727 0.703419 0.038672 0.218548
7 0.514844 0.720141 0.939063 0.161593