7 0.787141 0.384438 0.033656 0.097166
7 0.868367 0.316511 0.011891 0.054707
7 0.942641 0.340433 0.018031 0.066815
7 0.849734 0.337061 0.020063 0.070328
4 0.871914 0.564192 0.256172 0.315316
5 0.491609 0.489848 0.514687 0.815948
5 0.117430 0.495398 0.231859 0.663677
7 0.930547 0.282178 0.009437 0.034052
7 0.958125 0.324988 0.020438 0.052272
7 0.805859 0.300398 0.012031 0.022998
5 0.900742 0.249883 0.039109 0.031288
5 0.941172 0.253185 0.044031 0.033536
5 0.869148 0.566534 0.261703 0.323934
7 0.926789 0.280972 0.006016 0.029719