7 0.456555 0.623094 0.381734 0.752896
7 0.711742 0.792312 0.224078 0.412000
7 0.835844 0.775937 0.294969 0.448125
7 0.262398 0.852323 0.143797 0.198563
7 0.067305 0.596396 0.048391 0.134875
7 0.092313 0.596938 0.019719 0.074000
7 0.981102 0.581083 0.024484 0.109208
7 0.158898 0.665490 0.060953 0.220021
7 0.125688 0.640500 0.045625 0.183875
7 0.890508 0.531615 0.030547 0.064313
7 0.842352 0.585469 0.039141 0.158521
7 0.956539 0.579740 0.021828 0.117563
7 0.864203 0.529604 0.013469 0.031375
7 0.498438 0.555208 0.993750 0.310417