7 0.197770 0.807824 0.121700 0.344529
7 0.323130 0.795912 0.126540 0.327529
7 0.572910 0.454794 0.113660 0.198765
7 0.951090 0.620324 0.012020 0.025588
7 0.952580 0.718574 0.060120 0.183676
7 0.922280 0.697750 0.030080 0.137971
7 0.059680 0.765765 0.046760 0.168118
7 0.882990 0.671632 0.030020 0.089912
7 0.824620 0.625853 0.015200 0.036765
7 0.906540 0.686603 0.024200 0.128088
7 0.857880 0.670735 0.024000 0.090824
7 0.291820 0.709544 0.037280 0.153676
7 0.845400 0.672103 0.020760 0.057088
7 0.497000 0.775000 0.994000 0.444118