0 0.223086 0.494719 0.040547 0.024687
0 0.753359 0.478323 0.075625 0.028813
7 0.420234 0.853937 0.220312 0.292125
7 0.291570 0.779771 0.182016 0.440458
7 0.408844 0.708208 0.038312 0.051958
7 0.572625 0.820323 0.223312 0.359354
7 0.755594 0.817729 0.164625 0.364542
7 0.906875 0.646844 0.165063 0.238687
7 0.685812 0.588990 0.028437 0.050562
7 0.661719 0.596813 0.026156 0.099625
7 0.198227 0.785958 0.128828 0.428083
7 0.114891 0.563260 0.019156 0.027896
7 0.637078 0.593260 0.016844 0.103354
0 0.098469 0.666542 0.193531 0.037000
0 0.052352 0.572823 0.104703 0.015479
0 0.126680 0.585656 0.062891 0.017646
7 0.921336 0.775052 0.156547 0.447479
7 0.927305 0.501792 0.010828 0.020708
7 0.500781 0.646875 0.948438 0.406250