7 0.806992 0.802094 0.050672 0.193396
7 0.760523 0.800656 0.046453 0.159521
7 0.213664 0.822885 0.038516 0.111813
7 0.575219 0.756115 0.017688 0.081438
7 0.555602 0.754656 0.020922 0.063604
7 0.532156 0.760000 0.013156 0.082250
7 0.613547 0.761479 0.018344 0.076958
7 0.636695 0.773677 0.011766 0.074354
7 0.788242 0.785063 0.024141 0.148333
7 0.652945 0.759906 0.021703 0.095354
7 0.933547 0.792917 0.050594 0.147125
7 0.490031 0.754437 0.022625 0.070500
7 0.911016 0.879563 0.087875 0.193792
7 0.534375 0.764583 0.631250 0.175000