4 0.457133 0.716066 0.113672 0.145199
4 0.551289 0.673841 0.066547 0.081358
4 0.455969 0.620515 0.040938 0.045433
4 0.409383 0.899239 0.239172 0.201522
4 0.674734 0.893056 0.283312 0.213888
4 0.520148 0.829848 0.134047 0.136042
7 0.956547 0.749426 0.028781 0.117775
7 0.879086 0.692225 0.015234 0.054941
7 0.804922 0.677564 0.017313 0.058454
7 0.102461 0.698068 0.033078 0.121335
4 0.512672 0.616686 0.016594 0.037494
7 0.850141 0.681534 0.017781 0.063864
7 0.411617 0.633899 0.005672 0.012998
7 0.859539 0.689789 0.009953 0.049133
4 0.407828 0.639532 0.021156 0.043888
4 0.791562 0.641194 0.042125 0.033208
7 0.131148 0.688021 0.029359 0.135012
7 0.394094 0.626288 0.016625 0.030281
7 0.826219 0.677400 0.018719 0.060843
7 0.873734 0.701534 0.028656 0.060211
7 0.838664 0.669262 0.013391 0.042600