9 0.494445 0.793293 0.033203 0.107549
8 0.175961 0.564902 0.045391 0.089015
8 0.209844 0.540963 0.039531 0.108709
8 0.028211 0.563512 0.055484 0.249956
8 0.911188 0.718687 0.038125 0.062276
7 0.367516 0.660963 0.127031 0.401794
7 0.483734 0.579070 0.054844 0.237484
7 0.700820 0.691488 0.114234 0.359606
7 0.672164 0.545438 0.057234 0.138972
7 0.775211 0.567746 0.079891 0.297243
7 0.563555 0.512670 0.034547 0.138162
7 0.451047 0.558698 0.065312 0.258315
7 0.406508 0.474103 0.018016 0.054026
7 0.599117 0.493053 0.018641 0.086193
7 0.580727 0.506915 0.017766 0.112473
8 0.937016 0.722549 0.043781 0.081947
7 0.623031 0.501838 0.020344 0.125295
8 0.240281 0.500109 0.019406 0.030066
7 0.433555 0.481794 0.014453 0.022757
7 0.507156 0.478643 0.028875 0.066258
8 0.088102 0.551827 0.064203 0.209344
7 0.494531 0.486871 0.317188 0.142232