0 0.587564 0.760102 0.144215 0.122922
7 0.609918 0.726664 0.038103 0.058453
7 0.364567 0.625148 0.042482 0.081828
7 0.578279 0.709383 0.040726 0.114703
7 0.441159 0.567312 0.066581 0.076812
7 0.424977 0.613711 0.026112 0.024828
7 0.406604 0.613094 0.019204 0.021219
0 0.439333 0.622367 0.110796 0.035203
0 0.327799 0.697055 0.152693 0.065422
7 0.271066 0.686039 0.037354 0.036641
7 0.317564 0.684148 0.037752 0.018109
7 0.466581 0.606906 0.041686 0.024031
7 0.363770 0.695922 0.065105 0.026937
7 0.394438 0.606313 0.021194 0.020750