7 0.590458 0.353289 0.076958 0.131078
7 0.354760 0.328750 0.051021 0.073313
7 0.191510 0.776125 0.382104 0.447750
7 0.152625 0.428523 0.194917 0.159109
7 0.165615 0.423687 0.247979 0.293406
7 0.800000 0.649437 0.305625 0.656187
7 0.559854 0.384680 0.113875 0.166016
7 0.395458 0.493031 0.206458 0.325656
7 0.696406 0.275586 0.055646 0.097047
7 0.193177 0.316641 0.081646 0.103125
7 0.174927 0.516555 0.124562 0.080078
7 0.526406 0.310023 0.088604 0.142859
7 0.900833 0.323211 0.042167 0.081047
7 0.392708 0.385156 0.739583 0.348438