11 0.180461 0.425059 0.099297 0.248993
11 0.678398 0.584824 0.210016 0.477190
0 0.331359 0.284719 0.030094 0.013934
0 0.259516 0.283841 0.022750 0.011475
0 0.229539 0.277904 0.028078 0.018056
0 0.199891 0.280902 0.016688 0.010937
0 0.166086 0.277728 0.034203 0.011569
0 0.569492 0.291417 0.020234 0.015480
0 0.860617 0.303466 0.021891 0.009836
0 0.409906 0.292026 0.016125 0.014496
0 0.612914 0.292717 0.016234 0.015785
0 0.983844 0.291909 0.013656 0.011780
0 0.942109 0.297810 0.021844 0.020164
7 0.176219 0.357506 0.047031 0.144567
7 0.716789 0.335913 0.007328 0.015246
0 0.641234 0.307084 0.022781 0.024333
7 0.675695 0.457143 0.071609 0.360094
0 0.873445 0.289859 0.012109 0.009461
0 0.489844 0.289227 0.976562 0.096019