7 0.273219 0.363326 0.024750 0.104778
7 0.102805 0.355504 0.031547 0.121686
7 0.036664 0.390550 0.061328 0.145738
7 0.132289 0.351956 0.054609 0.144567
7 0.799781 0.357892 0.045312 0.113630
7 0.210633 0.407260 0.033266 0.099578
5 0.529312 0.577389 0.783125 0.681756
5 0.971672 0.312646 0.056656 0.099063
7 0.981664 0.430890 0.036672 0.169742
7 0.158203 0.444567 0.080187 0.165621
4 0.811148 0.355222 0.104234 0.114754
7 0.732922 0.347799 0.040469 0.104543
7 0.247086 0.366674 0.030734 0.107307
4 0.971273 0.372237 0.057453 0.121382
7 0.580820 0.340948 0.038234 0.063583
7 0.855055 0.355094 0.005641 0.016511
7 0.358266 0.347143 0.047438 0.112740
7 0.420313 0.373536 0.837500 0.180328