7 0.732867 0.246708 0.031734 0.045917
7 0.459039 0.420479 0.097109 0.269292
7 0.361109 0.383365 0.078094 0.214854
7 0.317469 0.407990 0.098687 0.198854
7 0.676000 0.365427 0.066156 0.207021
7 0.619570 0.304010 0.044203 0.092146
7 0.834047 0.281167 0.032688 0.068042
7 0.514578 0.597531 0.114344 0.338562
7 0.735594 0.427219 0.097125 0.216937
7 0.536430 0.256302 0.026641 0.082979
7 0.560430 0.301063 0.033422 0.086167
7 0.887758 0.348010 0.061891 0.194354
7 0.663625 0.306010 0.028531 0.088021
7 0.521094 0.221875 0.948438 0.439583