4 0.367258 0.344672 0.026047 0.033981
4 0.784578 0.342155 0.035719 0.063232
4 0.520930 0.336475 0.048984 0.036136
4 0.732242 0.332869 0.022609 0.025597
4 0.698031 0.324110 0.029437 0.025878
4 0.240742 0.333782 0.054703 0.035621
0 0.859930 0.391276 0.099203 0.124239
0 0.056844 0.529145 0.113688 0.134543
7 0.371742 0.608525 0.342578 0.777564
7 0.671242 0.593279 0.333141 0.813443
4 0.870656 0.326019 0.030969 0.024122
5 0.334273 0.339052 0.096016 0.048407
5 0.281211 0.332998 0.049953 0.046464
0 0.976164 0.429625 0.047672 0.048290
0 0.719078 0.396066 0.080937 0.098735
4 0.559586 0.339906 0.030797 0.032787