4 0.527891 0.353263 0.075094 0.093239
7 0.434234 0.614566 0.222375 0.708803
7 0.904609 0.619542 0.190781 0.561808
7 0.691047 0.450716 0.344031 0.725845
7 0.791086 0.357218 0.025547 0.187347
7 0.590406 0.343521 0.066687 0.270282
7 0.979969 0.341678 0.039406 0.246362
7 0.806688 0.348122 0.062281 0.234366
7 0.652164 0.369789 0.044328 0.195305
4 0.142016 0.289495 0.283938 0.178333
4 0.297992 0.309871 0.165641 0.145282
7 0.078727 0.344636 0.074016 0.228333
7 0.431711 0.195000 0.293859 0.355117
4 0.658352 0.307089 0.275609 0.166948
4 0.897406 0.309906 0.153469 0.145399
5 0.900469 0.321080 0.157656 0.164085
7 0.285266 0.710387 0.421844 0.470117
5 0.134852 0.301303 0.269703 0.187019
5 0.134852 0.303897 0.269703 0.192207
7 0.878930 0.342101 0.050422 0.240822