11 0.575437 0.187436 0.132187 0.251235
7 0.665984 0.523124 0.100906 0.387086
7 0.316203 0.575455 0.019437 0.086946
7 0.302187 0.572832 0.016594 0.096900
7 0.287781 0.575058 0.015125 0.086853
7 0.253852 0.579231 0.020766 0.086480
7 0.368820 0.536760 0.011797 0.051748
7 0.399680 0.543683 0.008422 0.032261
7 0.451078 0.538263 0.009312 0.031818
7 0.440586 0.544464 0.007172 0.027249
7 0.427656 0.541014 0.011687 0.034289
7 0.191711 0.586643 0.024297 0.062098
7 0.584906 0.130303 0.038031 0.162797
7 0.413297 0.533869 0.018719 0.054592
7 0.346875 0.543124 0.018750 0.060606