4 0.092687 0.495052 0.044625 0.047938
4 0.197883 0.428052 0.022984 0.023229
4 0.150969 0.466417 0.017344 0.034417
4 0.149906 0.455115 0.032688 0.035604
4 0.101625 0.475458 0.036750 0.053542
7 0.806375 0.739865 0.060281 0.199646
7 0.454813 0.415521 0.018937 0.034667
7 0.549703 0.462812 0.015563 0.027667
7 0.530961 0.463469 0.015828 0.025979
7 0.546617 0.518771 0.014203 0.027458
7 0.465359 0.532229 0.018937 0.029458
7 0.414148 0.517896 0.024234 0.049417
7 0.679602 0.535219 0.027016 0.048688
7 0.310250 0.510687 0.017625 0.044833
7 0.508773 0.540531 0.017391 0.030646
4 0.173289 0.473094 0.042203 0.053437
7 0.432344 0.413760 0.008844 0.029062
7 0.564531 0.520021 0.016844 0.026708
7 0.088281 0.431250 0.176563 0.062500