0 0.538195 0.629507 0.512703 0.396385
7 0.507320 0.576585 0.098984 0.176502
7 0.472719 0.559308 0.054594 0.166737
7 0.556430 0.499319 0.071797 0.298873
7 0.605758 0.475646 0.041078 0.185845
7 0.642820 0.488779 0.037734 0.184507
7 0.389352 0.232817 0.057828 0.082535
7 0.764000 0.605023 0.096062 0.166432
7 0.430781 0.560669 0.053844 0.173028
7 0.486727 0.421385 0.048172 0.136244
7 0.375133 0.397031 0.057641 0.138474
7 0.442688 0.406197 0.041375 0.116667
7 0.314047 0.427077 0.042000 0.221103
7 0.688328 0.539624 0.061250 0.300610
7 0.518750 0.470657 0.471875 0.457746