7 0.585586 0.414002 0.343422 0.597488
7 0.517758 0.513451 0.202734 0.385634
7 0.272883 0.316514 0.085859 0.155657
7 0.386406 0.312641 0.094281 0.152653
7 0.016688 0.297171 0.033375 0.158944
7 0.176656 0.187512 0.058656 0.142629
7 0.235867 0.141573 0.066703 0.122817
7 0.205672 0.112054 0.038594 0.125000
7 0.475945 0.170880 0.063672 0.085047
7 0.092305 0.297394 0.117172 0.150329
7 0.456437 0.315951 0.075281 0.148052
7 0.406148 0.163568 0.054984 0.088498
7 0.555289 0.232817 0.048734 0.145305
7 0.535156 0.199531 0.926562 0.399061