7 0.451586 0.908665 0.066266 0.177892
7 0.360148 0.848981 0.020484 0.050843
7 0.155336 0.818525 0.019047 0.040094
7 0.046664 0.838232 0.049297 0.203396
7 0.773891 0.873466 0.065844 0.253068
7 0.694719 0.750890 0.055531 0.090023
7 0.574625 0.849637 0.029531 0.090515
7 0.590047 0.817412 0.014344 0.034309
7 0.609641 0.844707 0.032719 0.095504
7 0.507359 0.867881 0.046719 0.125925
7 0.534578 0.830785 0.029187 0.061616
7 0.211039 0.849731 0.067703 0.101850
7 0.096562 0.811253 0.010437 0.042412
7 0.503906 0.868852 0.989062 0.257611