7 0.963469 0.435199 0.073063 0.326323
7 0.367297 0.242705 0.028219 0.152810
7 0.878250 0.205738 0.056219 0.144169
7 0.827297 0.363806 0.107500 0.420351
7 0.745477 0.348244 0.076641 0.352365
7 0.694336 0.350468 0.096922 0.355457
7 0.652555 0.318150 0.063234 0.345995
7 0.584961 0.365808 0.100391 0.413115
7 0.511602 0.309555 0.079078 0.340749
7 0.980727 0.223513 0.038547 0.148056
7 0.288695 0.241464 0.040547 0.154309
7 0.136078 0.303946 0.057688 0.306674
7 0.460375 0.303419 0.073938 0.321780
7 0.485156 0.475410 0.970313 0.824356