4 0.773984 0.532049 0.145437 0.092201
7 0.591789 0.639742 0.087359 0.398407
7 0.963250 0.535152 0.025156 0.086792
7 0.814516 0.537693 0.025000 0.109859
7 0.024258 0.467939 0.046359 0.123513
4 0.604109 0.529660 0.095406 0.083443
7 0.169742 0.643396 0.146297 0.608150
7 0.522680 0.638817 0.079266 0.412904
7 0.967086 0.557096 0.010578 0.048665
7 0.974648 0.511874 0.011109 0.019016
7 0.873664 0.538759 0.014328 0.107869
7 0.442727 0.457424 0.021484 0.035738
7 0.422000 0.466932 0.015813 0.018173
7 0.932195 0.529063 0.022109 0.112693
7 0.873938 0.545410 0.034187 0.115363