4 0.802829 0.685547 0.251879 0.122531
4 0.930365 0.644242 0.138058 0.079578
4 0.372839 0.605391 0.041503 0.025125
7 0.508925 0.792133 0.189165 0.370797
7 0.292933 0.673305 0.064071 0.111859
7 0.803779 0.765383 0.163758 0.280141
7 0.082808 0.705250 0.059729 0.158281
7 0.386159 0.634227 0.048142 0.078734
7 0.415438 0.626055 0.025031 0.061766
7 0.309739 0.598906 0.013466 0.015125
7 0.636336 0.705305 0.109415 0.191984
7 0.238591 0.676477 0.088789 0.143734
7 0.165303 0.680414 0.057203 0.140672
7 0.037495 0.735242 0.072443 0.277453
7 0.307578 0.626648 0.028476 0.050953
7 0.373507 0.637312 0.013361 0.033719
7 0.289144 0.622656 0.382046 0.076563