7 0.498687 0.543094 0.106656 0.261937
7 0.575047 0.389313 0.059719 0.115792
7 0.737320 0.277594 0.028953 0.077229
7 0.737656 0.356135 0.035406 0.125062
7 0.707688 0.506437 0.084969 0.200458
7 0.771250 0.303125 0.037000 0.102333
7 0.884367 0.254646 0.021141 0.087833
7 0.856898 0.263500 0.031484 0.087583
7 0.871977 0.261073 0.013078 0.079146
7 0.620367 0.307417 0.025922 0.076542
7 0.679984 0.293771 0.022281 0.098292
7 0.803016 0.275885 0.023625 0.083437
7 0.694031 0.296573 0.026625 0.083354
7 0.855469 0.244792 0.192188 0.131250