2 0.416203 0.333969 0.109312 0.130062
2 0.891469 0.330219 0.065187 0.197146
4 0.437570 0.680635 0.069578 0.086563
4 0.365891 0.655365 0.053125 0.071729
4 0.117789 0.664937 0.115078 0.071958
7 0.397086 0.777833 0.134109 0.306125
7 0.267227 0.640219 0.009422 0.016896
7 0.940430 0.744073 0.042547 0.216604
7 0.536922 0.789479 0.049531 0.244875
7 0.619930 0.797385 0.089297 0.285938
7 0.711633 0.788354 0.094078 0.265750
7 0.805492 0.750542 0.055766 0.166292
7 0.866672 0.752406 0.047250 0.223229
7 0.480000 0.744708 0.056469 0.181167
7 0.844430 0.724833 0.032297 0.144250
7 0.342055 0.740667 0.072109 0.225208
7 0.754586 0.690885 0.024141 0.095937
4 0.150000 0.829406 0.296469 0.317646
7 0.783125 0.673229 0.020719 0.062500
7 0.518750 0.805208 0.959375 0.385417