3 0.598227 0.341569 0.362828 0.332600
3 0.404539 0.208794 0.249953 0.354075
3 0.905547 0.203478 0.187188 0.160398
7 0.362125 0.769450 0.129875 0.239649
7 0.600625 0.845504 0.170031 0.308993
7 0.745695 0.811569 0.126172 0.196440
7 0.210063 0.774895 0.089219 0.362529
7 0.549430 0.734930 0.071641 0.270375
7 0.346078 0.709567 0.036969 0.064192
7 0.277273 0.741698 0.056703 0.109672
7 0.149914 0.833583 0.064172 0.332834
7 0.095469 0.813899 0.082531 0.313326
7 0.717648 0.692775 0.031516 0.097026
7 0.032508 0.764965 0.065016 0.251382
8 0.652570 0.679333 0.054172 0.142412
7 0.443867 0.707951 0.058484 0.143068
5 0.688859 0.735304 0.032625 0.097775
7 0.973977 0.716698 0.052047 0.146183
5 0.514195 0.699988 0.259297 0.135667