7 0.206078 0.665760 0.164281 0.291521
7 0.109203 0.590854 0.106656 0.424375
7 0.088922 0.310479 0.116656 0.112917
7 0.657977 0.243396 0.074828 0.076292
7 0.159273 0.169667 0.065734 0.159542
7 0.410977 0.262542 0.128047 0.114292
7 0.691031 0.217312 0.070375 0.101292
7 0.761852 0.215740 0.072766 0.092646
7 0.454414 0.103052 0.025516 0.028687
7 0.900609 0.328885 0.104531 0.239438
7 0.815055 0.199646 0.070609 0.117083
7 0.489516 0.588365 0.213906 0.376062
7 0.541219 0.052698 0.053281 0.105396
7 0.500000 0.201042 0.996875 0.402083