4 0.179406 0.498797 0.144562 0.098808
7 0.489398 0.686180 0.302859 0.625818
7 0.649148 0.490467 0.023203 0.107103
7 0.808758 0.487780 0.043297 0.109720
7 0.691719 0.463446 0.009406 0.040023
7 0.702781 0.511297 0.037719 0.096799
7 0.909766 0.466542 0.015031 0.050280
7 0.754969 0.507465 0.047156 0.113621
7 0.212523 0.513914 0.040047 0.156472
7 0.894383 0.470970 0.015547 0.086098
4 0.309359 0.466040 0.032406 0.036332
4 0.054453 0.525701 0.108906 0.114720
4 0.286711 0.470129 0.041422 0.053808
7 0.441617 0.495537 0.038266 0.117664
7 0.421398 0.479065 0.010859 0.082477
7 0.882805 0.476051 0.011234 0.062757
7 0.633711 0.499019 0.016453 0.090047
4 0.346883 0.469241 0.028766 0.056379
4 0.382812 0.480070 0.017438 0.047243
4 0.410906 0.478598 0.012188 0.047243
4 0.375266 0.470864 0.024313 0.033458
7 0.409375 0.477804 0.765625 0.091121