4 0.336490 0.779805 0.513380 0.245240
4 0.841720 0.922246 0.316560 0.155509
4 0.593540 0.697964 0.024240 0.026527
7 0.810500 0.737560 0.057320 0.145000
7 0.880280 0.694775 0.010760 0.041228
7 0.868650 0.693832 0.016500 0.040898
7 0.966690 0.699611 0.015580 0.041557
7 0.037280 0.725359 0.027080 0.127605
7 0.077300 0.722275 0.026720 0.127784
7 0.483230 0.693249 0.039860 0.100749
7 0.776530 0.735015 0.028180 0.139671
7 0.515420 0.695898 0.028440 0.096647
7 0.015870 0.714641 0.028300 0.126707
7 0.188470 0.681407 0.011220 0.021976
7 0.920420 0.679311 0.012240 0.020898