7 0.275977 0.403167 0.018234 0.020500
7 0.392227 0.377458 0.027359 0.046292
7 0.153234 0.429156 0.034750 0.045687
7 0.147141 0.376510 0.019062 0.028354
7 0.261055 0.386396 0.011828 0.020667
7 0.126398 0.382281 0.016391 0.014646
7 0.048914 0.335812 0.009672 0.017542
7 0.029734 0.340073 0.010531 0.008937
7 0.142727 0.353573 0.006266 0.009437
7 0.041359 0.377479 0.019813 0.014875
7 0.288422 0.376458 0.012937 0.014083
7 0.236531 0.351000 0.004406 0.007833
7 0.468070 0.331604 0.008547 0.007375
7 0.504687 0.358333 0.912500 0.112500