7 0.419070 0.746813 0.040266 0.104375
7 0.651438 0.712021 0.026781 0.061375
7 0.145625 0.809219 0.176500 0.043146
7 0.254055 0.789406 0.028734 0.017979
7 0.736953 0.728844 0.029563 0.044521
7 0.480133 0.731760 0.010984 0.036396
7 0.151750 0.719927 0.007250 0.040396
7 0.224742 0.716313 0.016922 0.041125
7 0.978148 0.701417 0.043703 0.067458
7 0.090875 0.708594 0.012125 0.032604
7 0.831375 0.704667 0.032344 0.078292
7 0.539203 0.723333 0.011125 0.048333
7 0.380578 0.743094 0.037062 0.089229
7 0.374219 0.783333 0.076563 0.054167