7 0.709258 0.596094 0.538908 0.321750
7 0.844367 0.435164 0.228297 0.162297
7 0.496321 0.317437 0.061463 0.048156
7 0.260491 0.406844 0.167402 0.348469
7 0.118865 0.399156 0.146245 0.293438
7 0.750284 0.313398 0.044454 0.050266
7 0.928079 0.360187 0.071354 0.065906
7 0.865710 0.336062 0.051026 0.048875
7 0.322697 0.390141 0.107751 0.273656
7 0.847467 0.318555 0.032838 0.046984
7 0.967817 0.349609 0.064367 0.056188
7 0.643253 0.472469 0.244017 0.179531
7 0.524378 0.290586 0.039585 0.038766
7 0.500000 0.350781 0.995633 0.342187