7 0.199102 0.337845 0.112703 0.155410
7 0.535992 0.478653 0.229391 0.957307
7 0.200898 0.184602 0.089359 0.196651
7 0.948141 0.135574 0.064281 0.158970
7 0.912227 0.301171 0.077797 0.281171
7 0.708055 0.336534 0.091672 0.185480
7 0.665297 0.263068 0.066031 0.154473
7 0.425508 0.347564 0.096703 0.140890
7 0.344602 0.263044 0.119234 0.257845
7 0.329719 0.350094 0.081063 0.127822
7 0.867063 0.261124 0.083062 0.315597
7 0.756477 0.352834 0.120734 0.166276
7 0.290281 0.170012 0.098562 0.184145
7 0.353906 0.237705 0.645312 0.419204