0 0.705672 0.879776 0.390062 0.137099
7 0.618023 0.850873 0.011984 0.027264
0 0.584977 0.645000 0.830047 0.334434
7 0.845922 0.812300 0.010281 0.044410
7 0.877297 0.816415 0.011469 0.041934
7 0.753812 0.805731 0.013781 0.017830
7 0.833297 0.810731 0.008125 0.026462
7 0.817086 0.801014 0.010109 0.036934
7 0.774234 0.802771 0.014563 0.017712
7 0.864188 0.815307 0.012156 0.040094
7 0.808578 0.810743 0.009687 0.040212
7 0.794602 0.827983 0.007828 0.015024
7 0.628328 0.847193 0.009406 0.024528
7 0.766570 0.804670 0.010141 0.011651
7 0.783594 0.812500 0.010937 0.044811