7 0.915219 0.548615 0.105719 0.372958
7 0.875820 0.473251 0.038328 0.176643
7 0.818961 0.488732 0.072922 0.189765
7 0.763789 0.423369 0.019953 0.025376
4 0.365719 0.538204 0.408344 0.447207
5 0.370289 0.539413 0.413766 0.468451
5 0.182898 0.403146 0.365797 0.344601
7 0.843992 0.487430 0.033609 0.195094
7 0.692266 0.454613 0.019563 0.091667
7 0.972547 0.494988 0.054688 0.239131
7 0.753180 0.423357 0.013609 0.035587
7 0.793227 0.422711 0.014172 0.032277
7 0.704602 0.448005 0.015297 0.099202
7 0.691164 0.412700 0.009047 0.023239
7 0.713195 0.445857 0.013422 0.081197