7 0.853708 0.887727 0.095500 0.081953
8 0.598656 0.877281 0.108479 0.033187
8 0.302208 0.874523 0.036375 0.033703
8 0.444677 0.877422 0.035771 0.034687
8 0.369167 0.875391 0.037042 0.033281
8 0.410781 0.875898 0.037437 0.031047
8 0.522323 0.877102 0.036979 0.031734
8 0.271396 0.869883 0.047333 0.034172
8 0.336156 0.876031 0.048396 0.029375
8 0.485646 0.876695 0.043292 0.028984
8 0.251292 0.893836 0.043458 0.050234
8 0.305750 0.911953 0.024250 0.024344
8 0.428271 0.876898 0.016000 0.030703
7 0.888406 0.926164 0.119604 0.109453