4 0.699930 0.532823 0.209297 0.082396
4 0.413578 0.499437 0.099437 0.054333
4 0.947906 0.522417 0.102281 0.074125
4 0.181508 0.508198 0.098734 0.031729
7 0.519625 0.716625 0.285875 0.513458
7 0.236492 0.614333 0.472984 0.655792
7 0.050578 0.548417 0.101156 0.334542
7 0.107102 0.506854 0.041297 0.123875
7 0.921555 0.777094 0.156891 0.417604
7 0.866922 0.572562 0.106594 0.447583
7 0.382203 0.513094 0.027813 0.043146
7 0.144773 0.591010 0.018484 0.042479
7 0.923875 0.583292 0.054656 0.121833
7 0.822953 0.576542 0.078781 0.402458
7 0.017047 0.533458 0.033219 0.249500