4 0.798367 0.610989 0.152828 0.183171
4 0.687734 0.591030 0.116344 0.174905
4 0.550914 0.690732 0.155203 0.221138
7 0.475578 0.762575 0.086344 0.372575
7 0.357836 0.605569 0.069922 0.095908
7 0.916906 0.531233 0.034844 0.147344
7 0.788734 0.503726 0.022375 0.052331
7 0.779938 0.514146 0.011594 0.032466
7 0.882586 0.558374 0.025516 0.104607
4 0.025273 0.779322 0.047234 0.148509
4 0.019906 0.693564 0.039813 0.049350
4 0.443625 0.625962 0.076156 0.052520
4 0.422008 0.731802 0.031391 0.188916
4 0.450656 0.593442 0.095812 0.039621