9 0.957555 0.651415 0.084891 0.122970
7 0.475641 0.324316 0.099844 0.266868
7 0.592469 0.112367 0.049938 0.215731
7 0.697125 0.050267 0.028844 0.087494
7 0.790539 0.085162 0.029109 0.136172
7 0.552078 0.143306 0.044875 0.139791
7 0.852539 0.233677 0.033016 0.213619
7 0.512867 0.112053 0.033016 0.074223
7 0.036781 0.170812 0.055531 0.173596
7 0.905086 0.152599 0.046766 0.093828
7 0.747344 0.117309 0.046031 0.205708
7 0.764773 0.238666 0.084797 0.136404
7 0.899930 0.381160 0.083016 0.451972
7 0.704281 0.156299 0.047875 0.167541