7 0.283771 0.752367 0.479458 0.482922
7 0.733708 0.615734 0.532583 0.746063
7 0.534208 0.586836 0.082792 0.175922
7 0.627250 0.594711 0.039708 0.138922
7 0.586427 0.552102 0.063271 0.049578
7 0.712104 0.593688 0.064125 0.157375
7 0.776052 0.583445 0.100104 0.194078
7 0.603677 0.625672 0.072104 0.091969
7 0.035656 0.572680 0.030354 0.042203
7 0.234938 0.522359 0.032667 0.015875
7 0.198750 0.528039 0.036500 0.028297
7 0.477958 0.582961 0.021750 0.024828
7 0.426510 0.571383 0.022979 0.018703
7 0.426042 0.732812 0.852083 0.471875