7 0.461672 0.420468 0.167938 0.417002
7 0.646258 0.486218 0.059141 0.292998
7 0.750828 0.550129 0.024406 0.101382
7 0.812211 0.571030 0.037547 0.090164
7 0.866336 0.485176 0.085891 0.262482
7 0.914305 0.573290 0.037984 0.083255
7 0.933258 0.569637 0.053078 0.086019
7 0.383477 0.527740 0.096328 0.377869
7 0.712258 0.503489 0.051859 0.137424
7 0.328508 0.572365 0.027922 0.118267
7 0.109586 0.584649 0.052297 0.080773
7 0.061727 0.571042 0.038703 0.106534
7 0.292156 0.569379 0.030219 0.133138
7 0.675000 0.533958 0.646875 0.210773