7 0.153297 0.543452 0.167094 0.512359
7 0.275578 0.528149 0.108937 0.459459
7 0.348219 0.565931 0.097437 0.401169
7 0.417820 0.569351 0.087609 0.396364
7 0.486797 0.552641 0.077094 0.407965
7 0.547398 0.568182 0.112359 0.420563
7 0.617461 0.565119 0.069359 0.382922
7 0.398250 0.259545 0.076250 0.222468
7 0.649523 0.404859 0.054391 0.176732
7 0.824883 0.541580 0.128141 0.426970
7 0.489094 0.284968 0.078875 0.172576
7 0.714758 0.550812 0.083672 0.361797
7 0.574227 0.300065 0.093391 0.171255
7 0.310937 0.281385 0.100000 0.177489