11 0.749195 0.659284 0.501609 0.660218
11 0.187859 0.363920 0.071531 0.090024
4 0.412352 0.317451 0.058234 0.020194
5 0.941609 0.308689 0.115094 0.047039
7 0.321875 0.542718 0.180031 0.718107
7 0.558922 0.618556 0.127312 0.730218
7 0.685797 0.585437 0.101500 0.705243
7 0.623250 0.272464 0.049219 0.138859
11 0.227430 0.332524 0.051766 0.049709
7 0.774102 0.342112 0.044953 0.167184
7 0.808891 0.362391 0.045531 0.118762
7 0.232055 0.317063 0.021609 0.079369
7 0.189453 0.332391 0.020688 0.082257
7 0.759313 0.344357 0.051219 0.135364
7 0.843930 0.360182 0.022297 0.105558
7 0.956492 0.358277 0.024641 0.086748
7 0.649555 0.298556 0.055328 0.124782
4 0.247734 0.308738 0.026344 0.019951
7 0.400469 0.353070 0.022375 0.074684
7 0.641406 0.458738 0.395313 0.388350