11 0.587470 0.907095 0.054420 0.095432
11 0.701670 0.797014 0.038220 0.056892
11 0.607050 0.782527 0.069380 0.071973
11 0.421370 0.718676 0.024780 0.051135
7 0.877470 0.961041 0.024860 0.077919
7 0.215890 0.891162 0.019980 0.074703
7 0.738040 0.791189 0.020960 0.028757
7 0.234390 0.910270 0.022340 0.098054
7 0.201270 0.891176 0.015500 0.067973
6 0.416190 0.862243 0.172300 0.244757
6 0.263740 0.617338 0.087920 0.113919
7 0.175360 0.872419 0.017640 0.081757
7 0.782960 0.867270 0.022720 0.064865
7 0.265070 0.918716 0.030460 0.095595
7 0.191250 0.867108 0.013900 0.080108
7 0.180370 0.753176 0.012580 0.048351
7 0.959480 0.971662 0.025800 0.056676
7 0.889230 0.931946 0.019780 0.080595
7 0.940280 0.950676 0.020040 0.066270
7 0.480000 0.731081 0.732000 0.440541