7 0.395365 0.632352 0.236687 0.361422
7 0.306292 0.753781 0.025292 0.060469
7 0.275750 0.773211 0.045833 0.043172
7 0.561312 0.789797 0.038667 0.064438
0 0.660240 0.681812 0.103688 0.019062
0 0.292083 0.685219 0.108458 0.006656
7 0.036604 0.705984 0.010792 0.022437
7 0.599844 0.799227 0.050188 0.041578
7 0.732521 0.797539 0.052792 0.054047
7 0.689385 0.700391 0.008604 0.025562
7 0.089417 0.758516 0.043250 0.056594
7 0.723177 0.699695 0.012646 0.021016
7 0.057042 0.704680 0.018917 0.031203
7 0.611583 0.706539 0.008792 0.013828
7 0.599219 0.702828 0.016063 0.021750