8 0.870961 0.671463 0.064172 0.187872
8 0.803805 0.671569 0.093672 0.185798
7 0.671336 0.601117 0.194078 0.797766
7 0.613602 0.563138 0.309672 0.873723
7 0.393422 0.530346 0.171625 0.916862
7 0.256297 0.590824 0.160344 0.796436
7 0.108922 0.559561 0.217844 0.876410
7 0.198695 0.125838 0.062047 0.121356
7 0.722117 0.150824 0.038734 0.191330
7 0.791633 0.136104 0.040047 0.082793
7 0.891031 0.226769 0.085844 0.251835
7 0.922273 0.148790 0.053078 0.177527
7 0.268758 0.143949 0.036016 0.064601
7 0.982648 0.225293 0.034703 0.257713
7 0.050602 0.130864 0.050547 0.094229
7 0.499219 0.488032 0.998437 0.976064