4 0.218140 0.858680 0.054040 0.030107
4 0.545500 0.844000 0.056040 0.026720
4 0.459260 0.866093 0.116640 0.056773
4 0.424520 0.844560 0.035720 0.019840
4 0.523250 0.860573 0.060140 0.050907
4 0.132110 0.869493 0.134540 0.080107
4 0.607390 0.845867 0.037140 0.032427
7 0.717200 0.905720 0.066560 0.185627
7 0.788520 0.926067 0.068480 0.147760
7 0.669200 0.922187 0.064680 0.150773
7 0.851770 0.922853 0.082660 0.153707
7 0.757680 0.913187 0.052760 0.172933
7 0.537080 0.935680 0.066800 0.124693
7 0.454100 0.932320 0.079280 0.135360
7 0.881330 0.837733 0.018540 0.070293
7 0.459550 0.873720 0.021700 0.058320
4 0.542830 0.862840 0.061660 0.050853
4 0.514880 0.935400 0.251120 0.112347
4 0.851970 0.820667 0.028660 0.047200
4 0.578650 0.849093 0.051660 0.039733
7 0.971960 0.929800 0.025920 0.139600
7 0.891040 0.838933 0.008880 0.068907
4 0.477070 0.825933 0.029460 0.019440