7 0.748297 0.569823 0.144750 0.583325
7 0.553844 0.233149 0.024625 0.035778
7 0.163422 0.438927 0.088375 0.296014
7 0.990023 0.220224 0.014891 0.089882
7 0.414062 0.503373 0.138781 0.337830
7 0.215273 0.313420 0.062047 0.133208
7 0.700797 0.220189 0.038719 0.080472
7 0.879258 0.229599 0.044453 0.110991
7 0.912187 0.636792 0.155625 0.627500
7 0.635609 0.227866 0.030187 0.061297
7 0.325469 0.233491 0.029906 0.056509
7 0.956922 0.260259 0.047625 0.148585
7 0.738273 0.234835 0.042797 0.110425
7 0.489844 0.259434 0.976562 0.183962