11 0.437710 0.901921 0.081740 0.063362
11 0.737270 0.899389 0.023500 0.073100
11 0.637970 0.899410 0.088820 0.081135
7 0.193220 0.937205 0.050840 0.125590
7 0.343140 0.855622 0.022480 0.038581
7 0.573100 0.843428 0.026520 0.034978
7 0.321430 0.861517 0.023540 0.029367
7 0.283050 0.908461 0.034700 0.087664
11 0.119390 0.925328 0.075900 0.104498
7 0.542630 0.848799 0.019820 0.030175
7 0.773670 0.850852 0.020620 0.024454
7 0.740580 0.850546 0.025840 0.027817
7 0.708760 0.847238 0.012080 0.011070
11 0.388500 0.888766 0.032000 0.035437
11 0.711100 0.869028 0.018640 0.027489
7 0.667460 0.847707 0.013160 0.016769
7 0.683800 0.853264 0.011680 0.023122
7 0.639230 0.862762 0.045660 0.079760
7 0.578000 0.925131 0.046920 0.124410
7 0.483000 0.909389 0.742000 0.141921