4 0.801055 0.471891 0.059422 0.037935
4 0.615359 0.336450 0.086813 0.033039
4 0.746477 0.341241 0.046047 0.024432
4 0.889852 0.333515 0.095047 0.036821
4 0.560609 0.335394 0.049594 0.030139
4 0.764844 0.338794 0.045125 0.029374
7 0.494578 0.513434 0.143531 0.372622
7 0.861398 0.507668 0.064609 0.271624
7 0.602789 0.453155 0.044391 0.174339
7 0.552891 0.506961 0.078500 0.326821
7 0.896375 0.479617 0.043000 0.218121
7 0.976133 0.497262 0.047734 0.252947
7 0.619852 0.598028 0.179078 0.227239
4 0.717469 0.475093 0.095937 0.031160
4 0.682422 0.525360 0.048219 0.021624