4 0.842583 0.741109 0.159625 0.045781
4 0.946344 0.749180 0.107312 0.056172
4 0.683187 0.733773 0.101542 0.031328
7 0.212125 0.789508 0.091792 0.165047
7 0.139802 0.787656 0.076896 0.160594
7 0.297823 0.731359 0.030687 0.042594
7 0.253802 0.756891 0.037437 0.118250
7 0.966917 0.723047 0.016625 0.012344
4 0.774927 0.736766 0.089938 0.028687
7 0.271583 0.723313 0.024333 0.045812
7 0.179562 0.760406 0.044542 0.116844
7 0.193979 0.708297 0.015083 0.023938
4 0.529417 0.797422 0.265375 0.155781
4 0.658938 0.725445 0.067458 0.021391
4 0.364562 0.761844 0.091083 0.068781
4 0.326344 0.709172 0.030979 0.010000
4 0.349990 0.708594 0.027813 0.015938
4 0.727760 0.736781 0.118938 0.033281
4 0.897490 0.749727 0.138646 0.042609
4 0.406385 0.712664 0.038104 0.016234