7 0.811477 0.725494 0.263641 0.288353
7 0.674023 0.760000 0.096453 0.232988
7 0.732383 0.656153 0.027547 0.099224
7 0.695789 0.639659 0.027016 0.074612
7 0.464453 0.579624 0.013000 0.047153
4 0.287656 0.814506 0.406906 0.116918
4 0.273141 0.617506 0.057125 0.072706
4 0.504312 0.724318 0.081875 0.081106
4 0.441375 0.681447 0.072219 0.075082
4 0.030336 0.780247 0.057391 0.158047
4 0.506820 0.614859 0.068859 0.083976
4 0.355617 0.640235 0.070547 0.051059
4 0.337914 0.591035 0.054672 0.060800
4 0.578281 0.790094 0.123219 0.165600
4 0.330227 0.724035 0.197297 0.129059
4 0.651703 0.656424 0.062938 0.081694
4 0.222984 0.598447 0.048094 0.063812
4 0.496453 0.650435 0.062437 0.066471
4 0.444531 0.583529 0.873437 0.828235