7 0.276070 0.509927 0.069391 0.285104
7 0.422297 0.594594 0.104719 0.177937
7 0.502242 0.310375 0.056266 0.104792
7 0.774555 0.251135 0.072797 0.187354
7 0.215039 0.061333 0.084172 0.113458
7 0.407547 0.040083 0.043281 0.080167
7 0.755109 0.046344 0.055656 0.057438
7 0.608328 0.512583 0.107719 0.286417
7 0.575484 0.059281 0.049406 0.068896
7 0.155016 0.034562 0.053156 0.066292
7 0.614102 0.039000 0.054609 0.078000
7 0.658687 0.030875 0.051375 0.061750
7 0.181266 0.249708 0.069187 0.174083
7 0.506250 0.170833 0.984375 0.341667