0 0.390170 0.430480 0.126420 0.348320
0 0.293530 0.534440 0.082580 0.058427
0 0.071300 0.451840 0.071800 0.162347
0 0.628420 0.498533 0.033600 0.013227
0 0.676910 0.492800 0.022620 0.010027
0 0.512670 0.471853 0.123300 0.209467
0 0.917320 0.489907 0.045400 0.033627
7 0.286660 0.569347 0.036040 0.087600
7 0.258030 0.511840 0.017660 0.044480
7 0.448210 0.393067 0.015420 0.060267
7 0.468620 0.388693 0.014720 0.064640
0 0.881370 0.399200 0.036140 0.207520
7 0.461990 0.398387 0.008380 0.041093
7 0.136480 0.513533 0.019720 0.106693
7 0.240250 0.536880 0.018420 0.045493
7 0.628980 0.485147 0.012720 0.018187
7 0.659430 0.488333 0.007860 0.019600
0 0.653460 0.497933 0.021520 0.013787
0 0.112280 0.539240 0.041640 0.013413
7 0.647400 0.489667 0.007240 0.010053
7 0.902540 0.466787 0.009960 0.022053
7 0.871860 0.482093 0.006800 0.016400
7 0.380000 0.392000 0.112000 0.085333