3 0.355445 0.521167 0.707484 0.419500
3 0.025297 0.389375 0.050594 0.119125
7 0.807438 0.396708 0.006250 0.016458
7 0.944516 0.605823 0.033156 0.081813
7 0.974055 0.427219 0.007734 0.043188
7 0.979914 0.255563 0.011766 0.016292
7 0.714125 0.445385 0.009062 0.039438
7 0.929398 0.402510 0.011172 0.017021
7 0.958078 0.496750 0.014969 0.055792
7 0.917227 0.486073 0.017047 0.050562
7 0.881414 0.587625 0.014578 0.075708
7 0.841656 0.475802 0.013062 0.040562
7 0.883938 0.490312 0.017938 0.049625
7 0.996492 0.498229 0.007016 0.052792
5 0.933156 0.437469 0.058500 0.056021
7 0.992617 0.476062 0.005922 0.026792
7 0.553906 0.450000 0.882812 0.145833