7 0.088320 0.311752 0.046953 0.243925
7 0.223500 0.350607 0.046719 0.106168
7 0.291578 0.376869 0.042344 0.121776
7 0.445500 0.316659 0.027187 0.054860
7 0.771836 0.351075 0.017547 0.047804
7 0.787453 0.540806 0.178062 0.267874
7 0.682023 0.208458 0.025328 0.100280
7 0.808227 0.209603 0.035297 0.122196
7 0.507734 0.231367 0.038500 0.176565
7 0.547938 0.437722 0.187375 0.203481
7 0.900797 0.518680 0.095188 0.252033
7 0.955031 0.440444 0.082656 0.453925
7 0.791594 0.321974 0.062531 0.169930
7 0.499219 0.276869 0.998437 0.338785