7 0.498470 0.635853 0.431500 0.727973
7 0.388370 0.324427 0.041820 0.091947
7 0.540410 0.177573 0.049700 0.089440
7 0.653940 0.190787 0.075240 0.122160
7 0.817560 0.340880 0.055440 0.092000
7 0.945400 0.469453 0.109200 0.159867
7 0.089620 0.459733 0.099800 0.145440
7 0.200770 0.501987 0.122380 0.222800
7 0.626090 0.466293 0.074540 0.135840
7 0.872300 0.364533 0.089080 0.150240
7 0.382130 0.227760 0.045060 0.116747
7 0.719770 0.244387 0.063860 0.128613
7 0.234510 0.503333 0.209940 0.228907
7 0.500000 0.498667 0.996000 0.997333