7 0.351156 0.584895 0.060375 0.107413
7 0.284422 0.567238 0.033094 0.076807
7 0.653734 0.536725 0.018469 0.027949
7 0.153055 0.587925 0.059234 0.087925
7 0.796516 0.560012 0.013750 0.021888
7 0.574531 0.553322 0.011562 0.015688
7 0.630844 0.538998 0.008844 0.016597
7 0.292336 0.581713 0.072297 0.111772
7 0.799937 0.534417 0.011625 0.022774
7 0.908695 0.554825 0.022984 0.032075
7 0.227883 0.563159 0.032953 0.052238
7 0.793375 0.544650 0.010625 0.019930
7 0.920039 0.557354 0.020641 0.024545
7 0.517188 0.536131 0.962500 0.116550