4 0.094750 0.571713 0.058219 0.099723
5 0.021063 0.507426 0.040375 0.099617
5 0.076039 0.520160 0.082578 0.112787
7 0.460383 0.285585 0.044547 0.072277
7 0.468453 0.547543 0.033937 0.045128
7 0.203820 0.500500 0.071203 0.071340
7 0.585992 0.302021 0.038922 0.070085
7 0.953125 0.617372 0.023969 0.103723
7 0.228953 0.281085 0.042469 0.052851
7 0.382875 0.542362 0.034781 0.042936
7 0.327188 0.542043 0.058437 0.041872
7 0.492930 0.549170 0.047953 0.042894
7 0.556883 0.548468 0.030828 0.046085
7 0.620133 0.551532 0.031828 0.044638
7 0.440469 0.549532 0.033156 0.038979
7 0.787289 0.308819 0.048078 0.096702
7 0.550000 0.462766 0.896875 0.402128