7 0.334141 0.713969 0.059406 0.380640
7 0.536953 0.561291 0.024906 0.082251
7 0.623609 0.573519 0.032031 0.081825
7 0.697094 0.701197 0.043719 0.077749
7 0.599641 0.633886 0.024156 0.054692
7 0.492883 0.534597 0.024016 0.042322
7 0.955719 0.635960 0.071125 0.206754
7 0.824430 0.671576 0.052109 0.290972
7 0.773500 0.651682 0.065500 0.205545
7 0.721531 0.694645 0.047563 0.112559
7 0.654578 0.642204 0.018188 0.031611
7 0.671000 0.622441 0.019250 0.082701
7 0.508023 0.655818 0.025422 0.065427
7 0.552344 0.505924 0.704688 0.599526