7 0.313344 0.373419 0.067437 0.126136
7 0.217008 0.579028 0.088453 0.177119
7 0.203984 0.824941 0.185531 0.350117
7 0.103453 0.805621 0.206906 0.366276
7 0.106156 0.529508 0.161969 0.386979
7 0.461039 0.395269 0.061141 0.158126
7 0.686469 0.382119 0.114781 0.241710
7 0.942125 0.509567 0.115750 0.209719
7 0.250648 0.351651 0.050953 0.123677
7 0.495727 0.373173 0.055859 0.139508
7 0.214977 0.365246 0.064859 0.117002
7 0.834969 0.509262 0.084719 0.188548
7 0.645148 0.430925 0.041516 0.092857
7 0.398438 0.572600 0.796875 0.555035