7 0.165539 0.498587 0.054609 0.206543
7 0.268570 0.415000 0.056891 0.251041
7 0.420898 0.407323 0.019266 0.135539
7 0.470984 0.235725 0.061313 0.183941
7 0.560867 0.198104 0.068234 0.153160
7 0.718594 0.279071 0.050719 0.150260
7 0.742836 0.303643 0.042234 0.089814
7 0.756508 0.349257 0.031516 0.085130
7 0.772195 0.544498 0.022203 0.067881
7 0.378320 0.309052 0.060859 0.207323
7 0.762852 0.462993 0.027203 0.071338
7 0.689563 0.213011 0.058500 0.143346
7 0.638398 0.198922 0.063672 0.132268
7 0.567187 0.470260 0.459375 0.219331