0 0.528086 0.744566 0.896609 0.200000
0 0.572445 0.466701 0.854859 0.320536
0 0.090969 0.494039 0.132500 0.029556
7 0.214883 0.349519 0.029453 0.107468
7 0.512273 0.693133 0.108141 0.130444
7 0.730047 0.665277 0.055219 0.074732
7 0.052703 0.473401 0.017906 0.028170
7 0.094945 0.473494 0.016578 0.020518
7 0.184609 0.468438 0.010125 0.019353
0 0.188625 0.480213 0.069750 0.012625
7 0.688625 0.435490 0.017375 0.032274
7 0.382328 0.255000 0.025312 0.040351
7 0.426133 0.297930 0.040359 0.088946
7 0.675383 0.306774 0.034047 0.052144
7 0.710922 0.325120 0.025438 0.080776
7 0.884312 0.302320 0.023000 0.038318
7 0.910992 0.311322 0.024641 0.037948
7 0.648438 0.366913 0.618750 0.223660