11 0.526789 0.684276 0.220516 0.340514
7 0.266273 0.833633 0.114359 0.332734
7 0.422484 0.884007 0.182250 0.202687
7 0.719344 0.882278 0.154000 0.235444
7 0.640953 0.847185 0.133750 0.283154
7 0.551266 0.932418 0.087188 0.135164
7 0.377852 0.811110 0.152203 0.377780
7 0.210047 0.888960 0.079656 0.222079
7 0.924547 0.868540 0.150906 0.240444
11 0.155852 0.749579 0.200016 0.146355
7 0.643258 0.594533 0.146953 0.248879
7 0.092023 0.871776 0.094234 0.256449
7 0.880547 0.704124 0.113000 0.115958
7 0.527664 0.843832 0.148797 0.307850
7 0.332984 0.552722 0.138406 0.303995
7 0.499219 0.577103 0.998437 0.841121