7 0.274970 0.968480 0.032380 0.061493
7 0.396250 0.985360 0.031980 0.029280
7 0.353120 0.928133 0.014280 0.040533
7 0.859880 0.961053 0.016760 0.058320
7 0.301900 0.973747 0.055200 0.052507
5 0.075030 0.905093 0.051300 0.042613
7 0.924050 0.960840 0.010860 0.017893
7 0.715150 0.948640 0.012340 0.052587
7 0.124200 0.915507 0.015800 0.048400
7 0.969500 0.918707 0.005600 0.023493
7 0.842670 0.969120 0.021980 0.051360
7 0.824780 0.950667 0.010120 0.038560
7 0.771480 0.957280 0.008680 0.039413
7 0.057800 0.962827 0.067320 0.074347
7 0.500000 0.917333 0.996000 0.117333