7 0.060109 0.525935 0.058437 0.345290
7 0.187789 0.525484 0.028766 0.222903
7 0.043570 0.355484 0.042922 0.169806
7 0.114008 0.492145 0.035797 0.270613
7 0.156195 0.472629 0.047828 0.300935
7 0.194070 0.385468 0.028453 0.078290
7 0.232164 0.514355 0.021797 0.213032
7 0.094664 0.522435 0.024547 0.273065
7 0.788508 0.491677 0.037297 0.243484
7 0.938336 0.476290 0.098234 0.449484
7 0.019445 0.479306 0.037578 0.379258
7 0.168727 0.403242 0.025078 0.094677
7 0.269898 0.515839 0.020172 0.168645
7 0.414062 0.509677 0.712500 0.283871