7 0.346313 0.762330 0.139125 0.452904
7 0.495320 0.613361 0.117266 0.391686
7 0.673789 0.645398 0.111234 0.222084
7 0.359187 0.222014 0.060094 0.115410
7 0.957289 0.600000 0.085422 0.260656
7 0.605648 0.262845 0.066047 0.112670
7 0.802984 0.479145 0.067375 0.143068
7 0.575008 0.371792 0.048641 0.109813
7 0.548203 0.413981 0.054906 0.079251
7 0.509062 0.337646 0.066344 0.155199
7 0.219305 0.693326 0.140859 0.237799
7 0.200148 0.627986 0.148328 0.366323
7 0.890648 0.628290 0.089109 0.244075
7 0.725781 0.483607 0.276562 0.133489