7 0.371945 0.650492 0.165234 0.241030
7 0.531648 0.556019 0.175672 0.347869
7 0.245664 0.595492 0.140797 0.329719
7 0.240258 0.229227 0.078578 0.155597
7 0.285508 0.229098 0.069172 0.145831
7 0.333531 0.221639 0.068219 0.150445
7 0.387102 0.213033 0.029922 0.120539
7 0.598742 0.180597 0.068453 0.150000
7 0.643766 0.178806 0.054406 0.122670
7 0.838188 0.153560 0.059688 0.129696
7 0.711195 0.169906 0.044297 0.117471
7 0.093344 0.156347 0.046812 0.087307
7 0.367547 0.217319 0.039313 0.143208
7 0.597656 0.179157 0.407813 0.217799