7 0.179656 0.141332 0.095781 0.200981
7 0.120516 0.739393 0.241031 0.425561
7 0.445578 0.564042 0.386219 0.777523
7 0.475734 0.134124 0.052500 0.192079
7 0.263250 0.141460 0.108563 0.190537
7 0.920086 0.107383 0.076984 0.186916
7 0.370633 0.118388 0.149109 0.235935
7 0.433570 0.150736 0.108328 0.171425
7 0.135398 0.145678 0.079266 0.197523
7 0.951938 0.179136 0.058313 0.053178
7 0.761906 0.069930 0.041406 0.075607
7 0.043875 0.122348 0.084094 0.244696
7 0.692016 0.126110 0.131844 0.178341
7 0.456250 0.127336 0.912500 0.250000