7 0.993641 0.152621 0.012719 0.067829
7 0.625859 0.390762 0.062875 0.100739
7 0.771930 0.360254 0.046953 0.168591
7 0.782055 0.187587 0.046109 0.160577
7 0.877742 0.242783 0.046109 0.097390
7 0.869102 0.309642 0.050953 0.147691
7 0.937688 0.353314 0.068062 0.171062
7 0.922781 0.270982 0.068656 0.086212
7 0.977305 0.242552 0.045391 0.159654
7 0.845164 0.212737 0.038422 0.087783
7 0.803508 0.635958 0.199172 0.413487
7 0.560945 0.293326 0.039391 0.106605
7 0.028719 0.593926 0.057437 0.459261
7 0.510156 0.443418 0.976562 0.886836