7 0.899398 0.200450 0.027391 0.101362
7 0.206656 0.440835 0.092031 0.302802
7 0.043031 0.407866 0.075125 0.312339
7 0.131508 0.365476 0.064047 0.246632
7 0.311734 0.321427 0.024500 0.114679
7 0.188078 0.203496 0.022000 0.055784
7 0.362383 0.421414 0.107484 0.251054
7 0.501086 0.437275 0.103453 0.259229
7 0.383484 0.387262 0.050094 0.123162
7 0.930508 0.461799 0.067234 0.223342
7 0.724680 0.336979 0.023141 0.116787
7 0.244344 0.331375 0.084750 0.174062
7 0.575445 0.437249 0.076266 0.221594
7 0.451562 0.260925 0.843750 0.326478