7 0.527530 0.610107 0.215740 0.721333
7 0.795550 0.577347 0.307820 0.845307
7 0.624960 0.388467 0.082360 0.354640
7 0.308380 0.406933 0.058320 0.315147
7 0.155420 0.362787 0.086400 0.343227
7 0.921890 0.314827 0.114900 0.212000
7 0.655600 0.344573 0.040560 0.240453
7 0.896520 0.257680 0.041160 0.054880
7 0.849470 0.282280 0.036300 0.124827
7 0.071280 0.364200 0.091400 0.347760
7 0.361850 0.432213 0.085340 0.375733
7 0.693620 0.269600 0.052320 0.094400
7 0.541160 0.308000 0.058720 0.157760
7 0.771000 0.272000 0.454000 0.272000