4 0.501686 0.805242 0.996628 0.271922
4 0.258876 0.642859 0.081171 0.049719
4 0.913864 0.705258 0.172272 0.115953
4 0.839742 0.687531 0.172553 0.100687
4 0.754602 0.686367 0.065738 0.068922
4 0.426745 0.639906 0.154754 0.042594
7 0.620667 0.663719 0.044567 0.068531
7 0.110878 0.641742 0.024941 0.047484
4 0.736159 0.676344 0.063185 0.064375
4 0.730187 0.664867 0.117564 0.062859
4 0.620094 0.649648 0.110304 0.033984
4 0.691499 0.656281 0.056300 0.052406
7 0.329719 0.683617 0.073583 0.129266
4 0.552881 0.631750 0.049602 0.028000
7 0.090457 0.641539 0.036511 0.047266
4 0.143302 0.630703 0.038314 0.024063
5 0.502084 0.814648 0.995831 0.250953