8 0.691430 0.771347 0.065734 0.251694
8 0.775586 0.830250 0.099578 0.268000
8 0.740039 0.823667 0.072641 0.194667
8 0.567547 0.743486 0.108469 0.246639
8 0.508836 0.825611 0.145734 0.345444
4 0.270969 0.860222 0.515313 0.258056
4 0.053633 0.875833 0.107266 0.248333
7 0.867594 0.776792 0.071719 0.235750
8 0.220500 0.105403 0.042156 0.023250
8 0.022867 0.413611 0.031484 0.034111
8 0.631805 0.772625 0.050078 0.220194
8 0.348586 0.406708 0.037922 0.030806
8 0.412414 0.169681 0.045766 0.059861
7 0.514070 0.844417 0.028016 0.137222
7 0.543523 0.837708 0.028109 0.114861