7 0.190398 0.962476 0.029172 0.058754
7 0.263148 0.972604 0.015734 0.054792
7 0.444867 0.966166 0.029328 0.057955
7 0.109266 0.957316 0.019406 0.043962
7 0.972258 0.536326 0.055484 0.255016
7 0.301828 0.958291 0.015438 0.056581
7 0.257797 0.957412 0.029812 0.085176
7 0.171531 0.964361 0.018156 0.071278
5 0.069781 0.892141 0.117594 0.116869
7 0.961078 0.540000 0.041531 0.161534
7 0.533430 0.947236 0.046016 0.042204
7 0.354016 0.972332 0.023781 0.055335
7 0.248703 0.963514 0.017063 0.040128
7 0.227398 0.965463 0.014141 0.055144
7 0.512500 0.904153 0.962500 0.185304