0 0.359305 0.679225 0.112359 0.152441
0 0.630500 0.581045 0.107219 0.126080
0 0.537562 0.467207 0.068062 0.170798
0 0.749500 0.503873 0.074156 0.135869
0 0.637687 0.461667 0.069656 0.113756
0 0.192328 0.439049 0.094437 0.191009
0 0.109211 0.555927 0.103172 0.129038
0 0.592609 0.317594 0.033625 0.227770
0 0.846469 0.481608 0.068719 0.072277
0 0.864781 0.545962 0.119781 0.237418
0 0.371438 0.559261 0.101906 0.125939
0 0.453828 0.418545 0.052969 0.040329
0 0.694172 0.444014 0.050406 0.042676
0 0.503906 0.529343 0.989062 0.584507