3 0.514859 0.548471 0.970281 0.413882
3 0.366430 0.386271 0.341016 0.184682
7 0.577969 0.643824 0.180781 0.710000
7 0.140273 0.428835 0.053734 0.148306
7 0.098336 0.420400 0.035016 0.175671
7 0.306367 0.371965 0.024328 0.046894
7 0.369023 0.384624 0.020141 0.041576
7 0.772594 0.437471 0.026812 0.039788
7 0.815336 0.371906 0.026203 0.077600
7 0.337758 0.380988 0.034766 0.048094
7 0.664539 0.390259 0.020547 0.113082
7 0.729859 0.432153 0.042094 0.050988
7 0.898844 0.364047 0.020719 0.039012
7 0.851039 0.359306 0.022359 0.051788
5 0.945867 0.378259 0.108266 0.084894
7 0.362367 0.375318 0.019922 0.057835
7 0.551562 0.412941 0.781250 0.157647