5 0.702977 0.844565 0.169047 0.222353
5 0.895141 0.707212 0.180969 0.204965
7 0.244703 0.810682 0.044531 0.099812
7 0.159305 0.883812 0.049422 0.149835
7 0.270766 0.583941 0.042438 0.085812
7 0.878672 0.671459 0.055500 0.051529
7 0.924367 0.661588 0.032391 0.067553
7 0.947758 0.671741 0.070547 0.059482
7 0.035523 0.279576 0.016391 0.062588
4 0.581445 0.668965 0.127109 0.146306
4 0.737469 0.582588 0.122687 0.133553
4 0.442461 0.859553 0.159672 0.191012
4 0.165219 0.698694 0.132250 0.199976
4 0.622328 0.439176 0.074406 0.107482
4 0.944016 0.449165 0.087344 0.145671
4 0.914633 0.427376 0.076453 0.117624
4 0.481070 0.504459 0.050047 0.112400
4 0.331625 0.549376 0.077312 0.126235
5 0.977195 0.162565 0.045422 0.116800
7 0.154930 0.089306 0.010141 0.031741
7 0.162359 0.055365 0.009094 0.023906
7 0.157477 0.829541 0.057703 0.085718
7 0.924344 0.362565 0.024031 0.023482
4 0.161438 0.474612 0.090719 0.130400
7 0.286242 0.084094 0.012609 0.024282
4 0.327859 0.231506 0.046531 0.067576
5 0.968625 0.469259 0.062750 0.160306
5 0.189555 0.048388 0.025016 0.050894
5 0.412484 0.206200 0.057906 0.067788
5 0.957617 0.298294 0.084766 0.110329
4 0.540625 0.267059 0.915625 0.534118