7 0.063367 0.582342 0.064234 0.155129
7 0.185164 0.468536 0.037484 0.123583
7 0.722266 0.538607 0.044375 0.138899
7 0.791703 0.811440 0.068094 0.134778
7 0.140969 0.470925 0.031875 0.122881
7 0.082336 0.467272 0.029203 0.109485
7 0.056398 0.463747 0.029297 0.108103
7 0.022961 0.460468 0.037172 0.120749
7 0.395039 0.483021 0.045734 0.137518
7 0.783680 0.546721 0.053391 0.109321
7 0.116531 0.467412 0.035031 0.124192
7 0.095539 0.316956 0.029672 0.055176
7 0.671328 0.405023 0.027937 0.058337
7 0.500000 0.297424 0.996875 0.594848