4 0.934562 0.546865 0.062313 0.047063
4 0.970773 0.546063 0.032766 0.031083
7 0.167453 0.788792 0.334906 0.422417
7 0.672266 0.579719 0.015156 0.027604
7 0.376586 0.566937 0.009359 0.031208
7 0.012117 0.611354 0.024234 0.058208
7 0.461516 0.646156 0.102344 0.161146
7 0.647539 0.600854 0.039516 0.078583
7 0.242398 0.577042 0.009484 0.032250
7 0.290305 0.573229 0.014047 0.039167
4 0.801422 0.543396 0.043906 0.022917
4 0.849648 0.541208 0.049328 0.026958
7 0.414430 0.549510 0.005078 0.021229
7 0.456602 0.543635 0.004828 0.020146
7 0.418859 0.550635 0.005156 0.016729
4 0.875328 0.547604 0.052844 0.031833
7 0.262859 0.577385 0.011187 0.037271