3 0.517974 0.506176 0.932582 0.238203
3 0.066364 0.450523 0.132435 0.156765
7 0.666740 0.595850 0.053971 0.109575
7 0.827688 0.584330 0.012271 0.020621
7 0.503668 0.634534 0.032239 0.153709
7 0.344567 0.576291 0.043415 0.045980
7 0.368897 0.584404 0.022990 0.037892
7 0.853121 0.604183 0.023856 0.062353
7 0.940376 0.613587 0.035196 0.095539
5 0.034060 0.614003 0.068121 0.118170
7 0.918194 0.615204 0.022958 0.066062
7 0.870613 0.614453 0.016487 0.039330
7 0.967892 0.696144 0.063039 0.269641
7 0.402843 0.559943 0.036961 0.091225
7 0.797990 0.572835 0.023725 0.062729
7 0.777337 0.556087 0.015980 0.066258
5 0.639820 0.664763 0.210294 0.178644