0 0.577365 0.772125 0.595105 0.090188
0 0.858267 0.728875 0.283466 0.077094
0 0.045152 0.740547 0.055550 0.028781
7 0.060012 0.735258 0.002365 0.003859
7 0.710867 0.751641 0.009555 0.012656
7 0.693595 0.750703 0.007752 0.008781
7 0.683747 0.750133 0.008946 0.006859
7 0.647670 0.751461 0.012342 0.013484
0 0.142799 0.676703 0.025691 0.013688
7 0.561628 0.751758 0.008033 0.008609
7 0.547459 0.751562 0.009344 0.007344
7 0.595141 0.748320 0.012763 0.009234
7 0.928419 0.730336 0.010094 0.012828
7 0.689075 0.749344 0.006862 0.009844
7 0.617342 0.747992 0.016511 0.010266
7 0.665609 0.749430 0.008033 0.005578
7 0.571475 0.748953 0.009461 0.014688
7 0.494145 0.685156 0.908665 0.154688