7 0.962930 0.906667 0.013940 0.046907
7 0.919970 0.919565 0.009060 0.022853
7 0.768100 0.912432 0.009800 0.034414
7 0.743150 0.909700 0.007420 0.033333
0 0.685060 0.946757 0.033320 0.013634
7 0.428960 0.909204 0.008040 0.023093
7 0.285030 0.916787 0.008060 0.033874
7 0.642230 0.911742 0.008940 0.023604
0 0.657610 0.890465 0.024180 0.011141
7 0.567440 0.916006 0.007720 0.022342
7 0.704650 0.913844 0.010380 0.034715
7 0.039580 0.954550 0.065760 0.090901
7 0.307450 0.915150 0.006660 0.028919
7 0.817290 0.921742 0.011900 0.048709
7 0.759480 0.912492 0.007840 0.031892
7 0.357000 0.914414 0.682000 0.063063