7 0.586054 0.492570 0.363770 0.514609
7 0.090597 0.508539 0.078899 0.134828
7 0.175246 0.501695 0.058033 0.141328
7 0.232201 0.504422 0.052412 0.139344
7 0.301101 0.507305 0.043466 0.134172
7 0.835738 0.493352 0.055691 0.122297
7 0.933747 0.516477 0.063419 0.074641
7 0.873993 0.498484 0.038431 0.106594
7 0.414180 0.498602 0.036932 0.119172
7 0.379988 0.499742 0.052108 0.124984
7 0.931276 0.469312 0.053888 0.072344
7 0.270820 0.506484 0.038735 0.116750
7 0.709696 0.506891 0.049742 0.099906
7 0.653396 0.502344 0.688525 0.120313