7 0.898571 0.691977 0.133396 0.141797
7 0.644180 0.500391 0.493279 0.321937
7 0.366850 0.699383 0.188876 0.160109
7 0.249578 0.619438 0.126651 0.123063
7 0.083817 0.577750 0.167635 0.191437
7 0.298197 0.575195 0.160562 0.209078
7 0.239567 0.387898 0.144333 0.173328
7 0.753970 0.697914 0.127939 0.119297
7 0.233091 0.694125 0.177752 0.160375
7 0.074707 0.691031 0.136300 0.170406
7 0.068326 0.434586 0.136651 0.176922
7 0.621604 0.306445 0.151030 0.178297
7 0.709169 0.597883 0.108033 0.184109
7 0.489461 0.475781 0.978923 0.629687