4 0.638297 0.564252 0.141000 0.091963
4 0.546234 0.549463 0.046687 0.044673
7 0.419852 0.611495 0.033391 0.139533
7 0.539062 0.708668 0.075344 0.182850
7 0.565891 0.624755 0.037469 0.164930
7 0.352219 0.597442 0.022500 0.116425
7 0.669133 0.636507 0.042734 0.180023
7 0.173742 0.644755 0.083891 0.242360
7 0.317383 0.600935 0.032141 0.117430
7 0.482469 0.638960 0.045844 0.181752
7 0.616648 0.550374 0.020422 0.055140
7 0.765461 0.742301 0.108891 0.357173
7 0.628070 0.643002 0.044953 0.225864
7 0.267641 0.580724 0.027344 0.132056
4 0.904578 0.581460 0.175437 0.084556
4 0.711688 0.547909 0.064250 0.061379
7 0.245844 0.580245 0.027500 0.133855
4 0.248961 0.530187 0.055766 0.038364
5 0.710437 0.549790 0.065375 0.066495
7 0.091406 0.565421 0.123438 0.107477