11 0.815445 0.590327 0.227234 0.225794
11 0.615062 0.596671 0.202594 0.211051
0 0.433477 0.362932 0.009141 0.014650
11 0.485078 0.552114 0.137813 0.227780
7 0.591609 0.472792 0.024031 0.090771
7 0.620898 0.514100 0.046453 0.192687
7 0.775695 0.465350 0.011703 0.013925
7 0.657539 0.466157 0.019203 0.021799
7 0.050406 0.482336 0.041000 0.106495
7 0.812875 0.509112 0.052687 0.181636
7 0.617977 0.436484 0.006266 0.030210
7 0.510625 0.482114 0.045312 0.165864
7 0.618805 0.465853 0.011016 0.012360
7 0.728969 0.457710 0.011000 0.025701