9 0.175930 0.745937 0.138047 0.373232
2 0.488422 0.356721 0.240844 0.329602
2 0.779547 0.413794 0.261937 0.311054
2 0.764453 0.721967 0.298656 0.359344
2 0.500734 0.659333 0.253437 0.299789
2 0.068969 0.478852 0.119031 0.146792
2 0.067672 0.294578 0.091500 0.121429
2 0.966250 0.092939 0.067500 0.162365
2 0.178609 0.476405 0.108656 0.157728
2 0.099687 0.089415 0.073781 0.127073
2 0.026562 0.099766 0.053125 0.100703
2 0.011773 0.307178 0.022828 0.117354
2 0.176031 0.071393 0.078656 0.135059
2 0.169531 0.284543 0.120313 0.189696