7 0.280359 0.596397 0.143031 0.440258
7 0.667859 0.610939 0.376750 0.530563
7 0.305797 0.136138 0.061187 0.162653
7 0.485828 0.146056 0.082656 0.156526
7 0.387414 0.484261 0.059828 0.092136
7 0.165023 0.585587 0.104172 0.238685
7 0.648141 0.165845 0.077156 0.154554
7 0.785227 0.181256 0.086328 0.164765
7 0.384117 0.096819 0.060859 0.123310
7 0.343039 0.136115 0.070609 0.162887
7 0.871375 0.196690 0.049125 0.145446
7 0.258922 0.114401 0.099969 0.186549
7 0.460234 0.502430 0.046812 0.083122
7 0.495313 0.368545 0.987500 0.737089