7 0.078867 0.290773 0.053734 0.150585
7 0.871188 0.461546 0.071125 0.210304
7 0.283758 0.225410 0.029797 0.067635
7 0.370852 0.196300 0.048641 0.071897
7 0.649422 0.258525 0.045875 0.055082
7 0.913586 0.459614 0.064734 0.159742
7 0.485391 0.243817 0.048094 0.072881
7 0.692539 0.160527 0.038984 0.074450
7 0.774234 0.258255 0.035563 0.060304
7 0.148023 0.599239 0.100203 0.255293
7 0.402070 0.177365 0.035891 0.095855
7 0.697266 0.263747 0.048188 0.051475
7 0.814766 0.254941 0.047000 0.068759
7 0.485156 0.161593 0.970313 0.323185