7 0.524234 0.589240 0.013688 0.063354
7 0.556539 0.572135 0.018859 0.047229
7 0.494172 0.589927 0.025094 0.067146
7 0.463367 0.582927 0.023234 0.072938
7 0.424930 0.588271 0.012109 0.059375
7 0.544070 0.601833 0.016859 0.036708
4 0.782719 0.618781 0.256719 0.114104
4 0.347289 0.589698 0.112047 0.070146
4 0.217531 0.585115 0.059375 0.058104
7 0.585633 0.585427 0.019922 0.060438
4 0.034727 0.587208 0.068297 0.070250
4 0.850281 0.571417 0.090281 0.054833
4 0.971945 0.576760 0.056109 0.055021
4 0.155336 0.589615 0.090703 0.065729
4 0.693242 0.592323 0.092453 0.051104
5 0.347727 0.590000 0.115016 0.071333
7 0.439281 0.589052 0.016406 0.055646