0 0.598984 0.568750 0.639375 0.273915
0 0.271711 0.466450 0.417422 0.193514
7 0.049461 0.252877 0.017141 0.037689
7 0.091680 0.238243 0.009266 0.017948
7 0.122141 0.237524 0.009594 0.021745
7 0.164109 0.245566 0.012094 0.036321
7 0.184211 0.245696 0.008672 0.032099
7 0.381477 0.315295 0.014891 0.051108
7 0.411719 0.332252 0.011813 0.049976
7 0.438281 0.340719 0.020875 0.085212
7 0.457773 0.351651 0.020547 0.093019
7 0.396867 0.344281 0.017109 0.078939
6 0.191078 0.226533 0.380125 0.102453
0 0.082336 0.315861 0.164672 0.089599
7 0.361359 0.331910 0.017844 0.068019
7 0.327719 0.329163 0.020500 0.068420
7 0.380289 0.352429 0.026172 0.056179
7 0.246094 0.299528 0.385937 0.183962