11 0.583586 0.635563 0.146641 0.284250
7 0.477992 0.488604 0.076672 0.235000
7 0.500625 0.417958 0.024906 0.047667
7 0.324781 0.542312 0.036750 0.146958
7 0.134883 0.509719 0.042453 0.116062
7 0.278383 0.529573 0.026266 0.099396
7 0.441180 0.438760 0.055984 0.095438
8 0.884250 0.520177 0.231500 0.434979
8 0.704375 0.571083 0.084406 0.182292
7 0.546914 0.455062 0.082578 0.173042
7 0.733727 0.585562 0.069984 0.113333
7 0.426672 0.442854 0.039656 0.075875
7 0.777820 0.582937 0.036016 0.120917
7 0.384023 0.544781 0.028328 0.142187