7 0.974133 0.567570 0.051734 0.524775
7 0.927281 0.518726 0.083625 0.404475
7 0.848570 0.557302 0.129547 0.534818
7 0.793758 0.525824 0.057703 0.473276
7 0.732063 0.399839 0.079344 0.209872
7 0.530117 0.540974 0.132109 0.486403
7 0.584445 0.509079 0.058953 0.321028
7 0.408477 0.592077 0.123453 0.464026
7 0.248984 0.683565 0.208719 0.612612
7 0.060500 0.522505 0.052469 0.225139
7 0.357125 0.421531 0.056625 0.156253
7 0.636453 0.192848 0.081031 0.250021
7 0.694617 0.575332 0.164891 0.532463
7 0.500000 0.365096 0.996875 0.730193