7 0.079750 0.331541 0.082937 0.268985
7 0.308820 0.198694 0.061797 0.058214
7 0.540781 0.438355 0.252188 0.755056
7 0.656789 0.431523 0.103266 0.204436
7 0.803164 0.414615 0.107578 0.383741
7 0.207344 0.199314 0.059781 0.058440
7 0.859969 0.203985 0.060750 0.062481
7 0.763039 0.198214 0.066516 0.075489
7 0.673477 0.203346 0.111797 0.065376
7 0.476977 0.437801 0.327203 0.777331
7 0.068719 0.111241 0.060875 0.090150
7 0.284789 0.180818 0.048891 0.092763
7 0.218883 0.170658 0.085359 0.114436
7 0.499219 0.242481 0.998437 0.484962