7 0.654250 0.757281 0.145094 0.177812
7 0.750062 0.743188 0.099687 0.208583
7 0.509219 0.504563 0.037437 0.097208
7 0.680547 0.526865 0.015781 0.026646
7 0.483625 0.585948 0.041125 0.050521
7 0.448148 0.502656 0.013297 0.022229
7 0.391945 0.549354 0.036359 0.034292
7 0.803523 0.648927 0.036109 0.055604
7 0.616930 0.541167 0.031672 0.044250
7 0.574562 0.534062 0.021844 0.032000
7 0.772305 0.643635 0.033641 0.054813
7 0.701039 0.643031 0.011141 0.042063
7 0.456508 0.720531 0.132672 0.275812
7 0.499219 0.384375 0.998437 0.631250