7 0.293797 0.583125 0.074844 0.068042
7 0.102328 0.561948 0.109187 0.056521
7 0.492500 0.596281 0.116344 0.059687
7 0.636781 0.590927 0.102438 0.071854
7 0.719641 0.588635 0.062281 0.053646
7 0.818625 0.577990 0.119406 0.095646
7 0.439180 0.559000 0.045859 0.033042
7 0.229977 0.545750 0.073172 0.080458
7 0.366312 0.552813 0.022344 0.035333
7 0.968461 0.564771 0.011953 0.013833
7 0.992836 0.531073 0.014328 0.074521
7 0.982062 0.453458 0.015563 0.060792
7 0.340492 0.564937 0.048484 0.024458
7 0.487500 0.546875 0.921875 0.039583