0 0.429578 0.551582 0.403656 0.494289
0 0.848906 0.645276 0.302187 0.148641
0 0.688930 0.460287 0.226078 0.428386
0 0.111633 0.333705 0.223266 0.667410
0 0.526250 0.427240 0.147844 0.123312
0 0.650703 0.340499 0.108438 0.336964
0 0.890047 0.464554 0.219906 0.139045
0 0.943789 0.389108 0.053234 0.035966
0 0.688906 0.330180 0.098188 0.024480
0 0.534836 0.361444 0.178609 0.055032
0 0.102180 0.434119 0.129516 0.089002
0 0.414852 0.365467 0.067266 0.032548
0 0.243086 0.199820 0.118922 0.344352
0 0.499219 0.487261 0.998437 0.974522