4 0.898953 0.810763 0.200406 0.227958
7 0.032008 0.754718 0.026828 0.150188
7 0.244633 0.770434 0.019141 0.093451
7 0.137977 0.689378 0.019797 0.084014
7 0.198430 0.750951 0.016734 0.158474
7 0.415289 0.452019 0.071359 0.276479
7 0.211945 0.751549 0.036484 0.163192
7 0.051203 0.741115 0.034156 0.185423
7 0.150953 0.751784 0.031750 0.179531
7 0.183273 0.751901 0.033703 0.170657
7 0.718766 0.616784 0.034469 0.055822
7 0.651477 0.603979 0.046703 0.072887
7 0.104820 0.749354 0.035266 0.179601
7 0.602875 0.617042 0.034063 0.060751
7 0.543750 0.680751 0.871875 0.300469