4 0.681650 0.279693 0.057140 0.072080
4 0.790230 0.261893 0.089740 0.111200
4 0.921810 0.233960 0.064020 0.072773
7 0.396960 0.465080 0.783800 0.887387
7 0.086340 0.447520 0.145600 0.282187
7 0.225760 0.364653 0.076680 0.117147
7 0.703320 0.376320 0.116200 0.175680
7 0.710660 0.298280 0.026360 0.089360
7 0.761750 0.358160 0.077180 0.219253
7 0.850230 0.294240 0.057620 0.196373
7 0.893280 0.317547 0.040640 0.139947
7 0.818620 0.299653 0.037840 0.184693
7 0.284650 0.375107 0.041300 0.071440
7 0.205170 0.400373 0.074860 0.090027
7 0.922080 0.278000 0.054880 0.103360
7 0.919480 0.494027 0.155840 0.974027