7 0.666656 0.386594 0.242094 0.537979
7 0.151766 0.392083 0.052469 0.212167
7 0.078102 0.462104 0.080234 0.137750
7 0.033359 0.459708 0.055625 0.130333
7 0.128375 0.445365 0.053594 0.126938
7 0.454234 0.418760 0.035969 0.130729
7 0.245406 0.412500 0.030000 0.131000
7 0.273125 0.415812 0.049156 0.137167
7 0.319883 0.417385 0.037922 0.130438
7 0.499984 0.474354 0.077844 0.130458
7 0.364875 0.407521 0.048594 0.203792
7 0.803852 0.425646 0.055859 0.131875
7 0.926312 0.392010 0.030594 0.134229
7 0.499219 0.303125 0.998437 0.602083