7 0.421953 0.768521 0.010531 0.066833
7 0.325000 0.761635 0.017313 0.078604
7 0.411539 0.756729 0.011453 0.074042
7 0.979789 0.863969 0.040391 0.265562
7 0.401523 0.760667 0.013516 0.073667
7 0.383898 0.757323 0.014297 0.084646
7 0.445203 0.758937 0.012094 0.051625
7 0.650148 0.755396 0.011203 0.053292
7 0.672250 0.751187 0.006781 0.041167
7 0.340867 0.766531 0.022828 0.057771
7 0.658422 0.757604 0.007844 0.046375
7 0.349891 0.765552 0.017313 0.057562
7 0.710648 0.753333 0.011266 0.034583
7 0.353906 0.661458 0.707812 0.227083