7 0.844400 0.504484 0.311200 0.798219
7 0.314447 0.479648 0.497647 0.945859
7 0.818847 0.250992 0.113412 0.089016
7 0.651424 0.403367 0.233482 0.388766
7 0.514235 0.189719 0.057035 0.039969
7 0.605235 0.221023 0.031318 0.031578
7 0.554412 0.260797 0.081624 0.153594
7 0.776906 0.253922 0.087318 0.061906
7 0.741224 0.235414 0.037835 0.057484
7 0.147800 0.237703 0.236588 0.264625
7 0.652929 0.219320 0.050141 0.040203
7 0.065494 0.244680 0.039553 0.094641
7 0.603576 0.243703 0.055059 0.052500
7 0.428235 0.253125 0.847059 0.150000