7 0.884094 0.264930 0.037531 0.097477
7 0.189781 0.416951 0.062344 0.122453
7 0.153016 0.271484 0.064906 0.137780
7 0.080062 0.305631 0.079406 0.138785
7 0.207742 0.278236 0.054172 0.126005
7 0.277109 0.267185 0.092500 0.147079
7 0.924805 0.320946 0.096391 0.153154
7 0.171422 0.162932 0.072063 0.144650
7 0.856383 0.326332 0.068828 0.133645
7 0.559531 0.547196 0.239375 0.485467
7 0.108203 0.596636 0.165313 0.379766
7 0.297312 0.545970 0.075094 0.150350
7 0.265250 0.636706 0.235500 0.300654
7 0.499219 0.367991 0.998437 0.735981