7 0.538773 0.688424 0.097359 0.506648
7 0.611945 0.636662 0.103922 0.497736
7 0.325195 0.528782 0.022547 0.053496
7 0.307805 0.524556 0.015047 0.057650
7 0.502242 0.616332 0.058766 0.444527
7 0.039039 0.517464 0.032172 0.134871
7 0.272531 0.506003 0.022187 0.077049
7 0.977203 0.415974 0.006875 0.050401
7 0.956406 0.415917 0.013938 0.037908
0 0.156586 0.454713 0.062453 0.022550
0 0.066938 0.459885 0.049906 0.026132
7 0.970812 0.415874 0.007625 0.052550
7 0.964641 0.418281 0.009281 0.054441
0 0.110453 0.461304 0.032375 0.029198
0 0.018453 0.418095 0.036906 0.035444
0 0.395187 0.420817 0.078906 0.024040
0 0.168008 0.431275 0.070547 0.023524