4 0.340305 0.821241 0.361203 0.205808
4 0.624867 0.726710 0.066547 0.075902
4 0.679086 0.694496 0.025922 0.039625
7 0.699664 0.699052 0.014766 0.037354
7 0.730828 0.713513 0.022906 0.080000
4 0.067422 0.734157 0.092031 0.041148
4 0.025828 0.736885 0.049219 0.043700
4 0.169828 0.728384 0.031187 0.030539
4 0.446289 0.715691 0.040734 0.029415
5 0.679219 0.693817 0.024969 0.037892
5 0.860086 0.667330 0.067484 0.056768
4 0.714461 0.684496 0.011859 0.026792
4 0.482305 0.717799 0.021891 0.023888
4 0.108250 0.732073 0.019125 0.031124