7 0.291547 0.656180 0.423781 0.665164
7 0.737141 0.349136 0.068594 0.174159
7 0.961727 0.282699 0.057172 0.258762
7 0.927977 0.328271 0.051109 0.179159
7 0.366211 0.145234 0.071266 0.076916
7 0.152297 0.260082 0.054406 0.097967
7 0.432750 0.137804 0.053531 0.079206
7 0.205648 0.253937 0.052078 0.100210
7 0.590516 0.121495 0.044375 0.069907
7 0.442234 0.047430 0.040781 0.083832
7 0.732180 0.040491 0.047672 0.079252
7 0.538953 0.122897 0.038500 0.062009
7 0.671602 0.056168 0.043734 0.100607
7 0.499219 0.197430 0.998437 0.394860