7 0.743477 0.775078 0.171238 0.158031
7 0.384273 0.523594 0.423831 0.921344
7 0.677485 0.599961 0.029548 0.091266
7 0.207318 0.671648 0.050314 0.049391
7 0.776857 0.599562 0.031238 0.058813
7 0.166208 0.675516 0.063143 0.052719
7 0.970560 0.580633 0.053104 0.056328
7 0.123075 0.681438 0.036680 0.046750
7 0.695157 0.602586 0.027407 0.085703
7 0.984322 0.591023 0.031356 0.058328
7 0.849941 0.599414 0.024322 0.025797
7 0.896582 0.764047 0.206837 0.471906
7 0.810029 0.600547 0.045128 0.053344
7 0.507859 0.619531 0.976424 0.201563