7 0.295203 0.532394 0.239656 0.493717
7 0.582898 0.348960 0.043266 0.130970
7 0.862992 0.336283 0.044016 0.077616
7 0.846320 0.321263 0.033609 0.079616
7 0.649852 0.340303 0.055734 0.093495
7 0.619953 0.345131 0.037125 0.104283
7 0.689883 0.498919 0.305984 0.733596
7 0.540031 0.360323 0.029031 0.126222
7 0.897867 0.332596 0.032953 0.062202
7 0.419477 0.344747 0.033172 0.105859
7 0.390930 0.332404 0.019141 0.075960
7 0.369062 0.339293 0.028125 0.083111
7 0.150125 0.344172 0.016906 0.091172
7 0.571094 0.541414 0.854688 0.634343