7 0.562920 0.326747 0.157440 0.397280
7 0.108710 0.466293 0.197180 0.739307
7 0.366910 0.248053 0.032580 0.118507
7 0.909390 0.368747 0.180340 0.435947
7 0.683100 0.269867 0.055920 0.184693
7 0.338680 0.257733 0.032080 0.092320
7 0.199180 0.252707 0.053000 0.134640
7 0.240840 0.264027 0.039600 0.085973
7 0.456840 0.209840 0.068240 0.096800
7 0.649760 0.216013 0.022280 0.057360
7 0.740770 0.266400 0.053980 0.186773
7 0.860860 0.269000 0.035800 0.179760
7 0.283730 0.289200 0.043180 0.124213
7 0.426000 0.233333 0.848000 0.162667