7 0.938750 0.051745 0.014250 0.023583
7 0.186063 0.270117 0.086469 0.321967
7 0.341805 0.179461 0.073734 0.220094
7 0.512813 0.524532 0.293687 0.812623
7 0.423156 0.197377 0.089250 0.229227
7 0.501914 0.196710 0.089203 0.221007
7 0.136086 0.247330 0.061859 0.349227
7 0.927594 0.275117 0.089406 0.324754
7 0.093156 0.267494 0.096750 0.339953
7 0.774375 0.217974 0.051000 0.206019
7 0.844453 0.225562 0.115187 0.387892
7 0.018742 0.476838 0.037484 0.195504
7 0.279430 0.266054 0.072297 0.336651
7 0.500000 0.279859 0.996875 0.555035