7 0.166083 0.413680 0.219583 0.521734
7 0.244740 0.219211 0.133979 0.220141
7 0.189833 0.489906 0.379667 0.679375
7 0.427156 0.232461 0.145229 0.252922
7 0.705802 0.335352 0.213479 0.389922
7 0.705333 0.183133 0.197042 0.216828
7 0.614448 0.181523 0.136479 0.147609
7 0.575271 0.162422 0.092583 0.112500
7 0.595083 0.104406 0.067292 0.073188
7 0.309688 0.296102 0.121750 0.405453
7 0.411604 0.135523 0.073500 0.066453
7 0.511219 0.127109 0.078313 0.149719
7 0.581792 0.094266 0.038292 0.044969
7 0.812500 0.172656 0.370833 0.239063