7 0.152703 0.647802 0.093625 0.283771
7 0.289531 0.666510 0.055469 0.171313
7 0.333219 0.552833 0.023813 0.083708
7 0.392516 0.558802 0.023281 0.084729
7 0.530008 0.585760 0.057016 0.152021
7 0.455398 0.563750 0.039047 0.116917
7 0.510578 0.525062 0.012875 0.043917
7 0.493891 0.539573 0.023625 0.075438
7 0.486617 0.507104 0.021516 0.045792
7 0.545984 0.541781 0.023625 0.075354
7 0.810883 0.703615 0.021516 0.047938
7 0.740680 0.638240 0.016047 0.041854
5 0.113797 0.573646 0.227594 0.156250
7 0.289648 0.559510 0.020453 0.073687
7 0.592187 0.565625 0.743750 0.402083