7 0.760809 0.665694 0.182925 0.278775
7 0.164077 0.772475 0.218513 0.388611
7 0.465940 0.523922 0.058317 0.131993
7 0.898873 0.751683 0.143824 0.208987
7 0.411307 0.523848 0.055458 0.093578
7 0.123260 0.501078 0.033775 0.076340
7 0.237018 0.396757 0.019657 0.032304
7 0.583922 0.372778 0.025686 0.045000
7 0.086708 0.498358 0.043905 0.067729
7 0.584248 0.494616 0.032778 0.032761
7 0.644600 0.497884 0.029657 0.033709
7 0.683333 0.524453 0.029510 0.031062
7 0.390613 0.373268 0.015049 0.014314
7 0.504085 0.397059 0.988562 0.751634