6 0.536969 0.353031 0.044062 0.041188
5 0.677266 0.594313 0.089000 0.134750
5 0.714063 0.434573 0.107438 0.038979
7 0.184914 0.550885 0.017703 0.071271
7 0.324563 0.491125 0.016438 0.055333
7 0.306297 0.491031 0.012219 0.047479
7 0.282523 0.499104 0.008297 0.046250
7 0.248875 0.504792 0.012156 0.058333
7 0.173078 0.531583 0.011906 0.057375
7 0.711523 0.500979 0.019078 0.045958
7 0.120023 0.536750 0.007641 0.035750
7 0.054336 0.585667 0.012578 0.046458
7 0.288359 0.490448 0.006469 0.049354
7 0.264961 0.480760 0.008203 0.046896
7 0.749719 0.598031 0.013969 0.072646
4 0.655414 0.374771 0.018766 0.032000
7 0.322719 0.442094 0.005719 0.011854
7 0.441406 0.446875 0.445312 0.318750