11 0.447580 0.686027 0.204840 0.232267
7 0.148300 0.670973 0.062720 0.242693
7 0.337740 0.670160 0.088840 0.216213
7 0.211610 0.674120 0.089380 0.233893
7 0.072260 0.597907 0.050640 0.130533
7 0.548430 0.597987 0.019780 0.079120
7 0.129880 0.554800 0.010000 0.026987
7 0.306300 0.583307 0.015280 0.057973
7 0.619990 0.595693 0.019980 0.068507
7 0.398500 0.567160 0.019200 0.025573
7 0.034550 0.569920 0.013500 0.039413
7 0.164450 0.562480 0.020660 0.062507
7 0.287600 0.579173 0.014480 0.069760
7 0.208630 0.577427 0.015180 0.064827