7 0.642414 0.496635 0.715172 0.984271
7 0.541758 0.562646 0.247172 0.297958
7 0.482602 0.306187 0.026109 0.053750
7 0.457047 0.303073 0.026937 0.056604
7 0.269820 0.293615 0.031453 0.048271
7 0.302156 0.293760 0.026750 0.049438
7 0.148195 0.285948 0.030109 0.047313
7 0.225781 0.301802 0.017063 0.021188
7 0.250313 0.305385 0.015125 0.018604
7 0.528547 0.304490 0.053719 0.071979
7 0.324133 0.311844 0.016984 0.018771
7 0.025867 0.276604 0.020734 0.040042
0 0.364820 0.187646 0.368984 0.248833
0 0.130547 0.152312 0.210094 0.304625