7 0.619812 0.713813 0.018719 0.062057
7 0.702766 0.666566 0.027844 0.031361
7 0.492086 0.709462 0.041141 0.033797
7 0.535219 0.675759 0.042656 0.053101
7 0.587875 0.727484 0.049844 0.041930
7 0.746867 0.628877 0.012547 0.090981
7 0.725398 0.654066 0.021984 0.050158
7 0.221539 0.794668 0.053078 0.071677
7 0.817234 0.749810 0.036969 0.110190
7 0.263578 0.793797 0.023531 0.051076
7 0.386969 0.676551 0.023563 0.030506
7 0.730680 0.616962 0.010797 0.033165
7 0.808211 0.577484 0.012484 0.017880
7 0.423438 0.661392 0.815625 0.259494