7 0.894102 0.827135 0.051203 0.194354
7 0.174383 0.775563 0.058078 0.158750
7 0.205875 0.765406 0.038750 0.133604
7 0.114672 0.831594 0.061062 0.081896
7 0.781164 0.827938 0.047422 0.203917
7 0.340273 0.477604 0.021859 0.057167
7 0.361375 0.487802 0.018531 0.065104
7 0.417578 0.952479 0.063094 0.094875
7 0.400203 0.444719 0.013375 0.044479
7 0.541844 0.558198 0.025469 0.095479
7 0.110078 0.920052 0.071906 0.111354
7 0.452703 0.865229 0.044688 0.127417
7 0.640938 0.551698 0.025625 0.080021
7 0.414844 0.650000 0.826562 0.695833