4 0.692336 0.857812 0.115391 0.160667
4 0.369250 0.952896 0.503750 0.091708
4 0.118211 0.878302 0.221641 0.140312
4 0.421266 0.843708 0.087000 0.076000
4 0.305352 0.861562 0.157484 0.106625
4 0.478133 0.821979 0.059078 0.044708
4 0.619750 0.824958 0.055531 0.051333
4 0.612273 0.796396 0.029141 0.014542
7 0.791023 0.871906 0.137922 0.256188
7 0.944773 0.895958 0.072672 0.208083
7 0.960711 0.821083 0.042797 0.126708
7 0.986250 0.801781 0.027500 0.156521
7 0.057742 0.810104 0.018047 0.043500
7 0.584398 0.815156 0.011516 0.057937
7 0.379875 0.807552 0.010906 0.033688
7 0.508695 0.808010 0.013141 0.040271
7 0.839078 0.802427 0.013750 0.070354
7 0.253992 0.814104 0.012172 0.037333
4 0.019875 0.842115 0.039719 0.035813
4 0.192805 0.829656 0.066234 0.043354