7 0.520258 0.662916 0.413797 0.359555
7 0.958820 0.334274 0.082359 0.107377
7 0.902313 0.277951 0.135813 0.121101
7 0.276477 0.134696 0.125484 0.189016
7 0.019930 0.249262 0.037234 0.092529
7 0.627625 0.217775 0.018812 0.056815
7 0.775727 0.239356 0.027984 0.060679
7 0.754430 0.240492 0.023484 0.083981
0 0.906313 0.508993 0.187375 0.078642
7 0.849234 0.251054 0.017313 0.053724
7 0.818398 0.252119 0.021391 0.036604
7 0.066523 0.281874 0.041422 0.048993
7 0.093070 0.276967 0.036609 0.047096
7 0.029703 0.285831 0.046562 0.057143
7 0.513281 0.271663 0.967187 0.299766