4 0.938359 0.970150 0.123281 0.059700
4 0.147734 0.952654 0.036937 0.041714
7 0.119812 0.958977 0.025594 0.052795
7 0.174500 0.961198 0.021969 0.058702
7 0.214180 0.956722 0.021266 0.050083
7 0.242125 0.942895 0.008031 0.019700
7 0.307359 0.942329 0.005969 0.017038
7 0.295844 0.942005 0.010281 0.016356
7 0.322758 0.949967 0.012391 0.031780
7 0.196219 0.957479 0.012625 0.051963
7 0.112922 0.951780 0.011813 0.045025
7 0.338172 0.948594 0.009125 0.033261
7 0.285719 0.949384 0.014094 0.032978
7 0.275750 0.941231 0.010656 0.019468
7 0.160531 0.956730 0.011500 0.044509
4 0.015242 0.950266 0.022734 0.025058
7 0.217969 0.952579 0.410938 0.048253