6 0.687430 0.441615 0.489266 0.323188
7 0.947062 0.506083 0.059625 0.250958
7 0.313148 0.442292 0.024891 0.098958
7 0.288305 0.444865 0.022328 0.084271
7 0.267773 0.466583 0.024953 0.040917
7 0.244930 0.455094 0.026828 0.065562
7 0.212438 0.453469 0.020219 0.089521
7 0.189984 0.446292 0.022031 0.105792
7 0.167125 0.446781 0.029406 0.108729
7 0.135766 0.453000 0.017563 0.098458
7 0.084461 0.450208 0.022859 0.120542
7 0.021180 0.448365 0.026141 0.119896
7 0.987156 0.525760 0.025688 0.229979
7 0.329070 0.458719 0.012641 0.039562
7 0.232031 0.448958 0.460938 0.152083