7 0.415391 0.386602 0.075375 0.195026
7 0.313609 0.399089 0.059500 0.127083
7 0.294828 0.370013 0.062844 0.159245
7 0.554289 0.030938 0.033234 0.061875
7 0.261047 0.037487 0.029500 0.044870
7 0.152844 0.032943 0.045719 0.052187
7 0.112680 0.040430 0.030328 0.042891
7 0.820508 0.052266 0.028047 0.059323
7 0.788930 0.049740 0.034078 0.044271
7 0.217477 0.038255 0.035234 0.041302
7 0.755258 0.050260 0.030984 0.042083
7 0.371797 0.030625 0.044875 0.058750
7 0.330984 0.030508 0.027375 0.048307
7 0.389062 0.041667 0.778125 0.083333