9 0.849936 0.693747 0.076236 0.097733
9 0.704200 0.699293 0.065600 0.058747
9 0.568573 0.678640 0.049945 0.084373
9 0.390627 0.681227 0.050709 0.083467
9 0.506382 0.689867 0.027782 0.046027
9 0.112973 0.719120 0.065327 0.055840
9 0.247745 0.650080 0.045855 0.049813
9 0.202236 0.650693 0.026400 0.036960
0 0.544473 0.350107 0.891455 0.649653
7 0.624355 0.634840 0.075073 0.325840
7 0.343209 0.617973 0.030636 0.121333
7 0.434864 0.631987 0.033582 0.128293
7 0.295455 0.624640 0.025127 0.095093
7 0.088527 0.621520 0.019855 0.101600
7 0.071791 0.619933 0.017182 0.104400
7 0.482636 0.621347 0.036764 0.101147
7 0.543627 0.611187 0.047145 0.119867
7 0.059400 0.614973 0.013636 0.124560
9 0.672227 0.664720 0.034891 0.043147
9 0.599227 0.680640 0.015582 0.069333
9 0.535573 0.687133 0.028309 0.063760
7 0.046518 0.621960 0.013582 0.107600
7 0.176082 0.621160 0.024927 0.095493
9 0.476036 0.672627 0.051382 0.058533
9 0.682727 0.678667 0.060000 0.061333