7 0.365602 0.533329 0.214891 0.631459
7 0.617984 0.425271 0.198406 0.477506
7 0.779125 0.315259 0.076375 0.234235
7 0.875555 0.378306 0.067516 0.364047
7 0.960813 0.398906 0.078375 0.478047
7 0.465344 0.268976 0.033719 0.064776
7 0.224844 0.360318 0.072750 0.384400
7 0.110078 0.369400 0.090781 0.338800
7 0.925109 0.379212 0.063219 0.454235
7 0.847609 0.224718 0.053719 0.125859
7 0.287773 0.266788 0.073828 0.174941
7 0.414445 0.128224 0.055516 0.122941
7 0.169055 0.383224 0.068172 0.290165
7 0.492188 0.305882 0.984375 0.555294