7 0.349695 0.689219 0.024297 0.091604
7 0.436641 0.389625 0.010250 0.038000
4 0.653766 0.652250 0.176000 0.173250
4 0.609953 0.429146 0.116156 0.067917
4 0.517945 0.549417 0.118234 0.120000
4 0.478039 0.455750 0.073984 0.081083
4 0.413258 0.476958 0.100891 0.101958
4 0.594711 0.744708 0.208234 0.195292
4 0.299664 0.420479 0.042016 0.060292
4 0.709000 0.568615 0.203313 0.126062
4 0.557688 0.548854 0.484625 0.120375
4 0.535508 0.483396 0.098609 0.082417
4 0.898016 0.572375 0.196406 0.129333
4 0.260211 0.473000 0.055234 0.067833
7 0.224180 0.506375 0.017328 0.071458
7 0.201195 0.484375 0.021703 0.070458
7 0.430969 0.455135 0.005031 0.005938
7 0.537703 0.465594 0.019031 0.017646
7 0.367969 0.400927 0.010469 0.014521