7 0.280914 0.408766 0.079203 0.370649
7 0.403203 0.665541 0.120313 0.468485
7 0.500633 0.389481 0.096891 0.402684
7 0.637375 0.412024 0.110594 0.243701
7 0.889945 0.405097 0.100078 0.384351
7 0.746438 0.382229 0.117562 0.367316
7 0.416133 0.380043 0.089672 0.297359
7 0.150742 0.412673 0.070047 0.360411
7 0.051805 0.398236 0.096828 0.385866
7 0.344797 0.399989 0.060719 0.388160
7 0.217484 0.333885 0.085437 0.262143
7 0.852336 0.420530 0.095641 0.145000
7 0.627320 0.356180 0.043016 0.132100
7 0.533594 0.388528 0.929688 0.417749