7 0.263289 0.522254 0.048109 0.085822
7 0.303203 0.516937 0.036937 0.082606
7 0.972375 0.549472 0.055250 0.193685
7 0.671508 0.437829 0.035922 0.068474
7 0.477922 0.461866 0.047188 0.099601
7 0.920992 0.475563 0.043641 0.080892
7 0.889148 0.421538 0.027672 0.057629
7 0.706430 0.462453 0.028078 0.095376
7 0.178531 0.418732 0.013562 0.056667
7 0.166211 0.418298 0.016016 0.057582
7 0.685320 0.429566 0.016391 0.049225
7 0.647469 0.438979 0.023125 0.057582
7 0.225984 0.419507 0.016094 0.055634
7 0.194531 0.417840 0.042188 0.065728