11 0.259648 0.530292 0.043266 0.176379
7 0.504141 0.488949 0.129562 0.489766
7 0.256258 0.456273 0.066828 0.165818
7 0.362375 0.418107 0.041563 0.117710
7 0.820477 0.516741 0.038016 0.085257
7 0.918477 0.601565 0.036391 0.161215
7 0.116695 0.452114 0.026922 0.085023
7 0.745258 0.529463 0.014703 0.068879
7 0.065367 0.488762 0.022547 0.047196
7 0.982555 0.548668 0.028922 0.173972
4 0.449797 0.269907 0.040594 0.043458
7 0.297766 0.412710 0.023312 0.100748
7 0.018461 0.526157 0.036922 0.216098
8 0.146570 0.412886 0.030328 0.060537
7 0.038062 0.453096 0.017875 0.064322
5 0.449406 0.311834 0.050156 0.103201
7 0.897953 0.561285 0.031438 0.161308
7 0.507812 0.450935 0.953125 0.509346