7 0.850047 0.698426 0.215594 0.531380
7 0.717094 0.584274 0.114562 0.292131
7 0.575508 0.608959 0.155047 0.248959
7 0.586953 0.293281 0.062000 0.139201
7 0.070578 0.509540 0.069781 0.071138
7 0.126930 0.501574 0.064578 0.085569
7 0.694328 0.288717 0.048812 0.102276
7 0.203945 0.494770 0.051484 0.095061
7 0.276133 0.481308 0.037328 0.107506
7 0.447375 0.552809 0.175469 0.382034
7 0.077211 0.464213 0.064234 0.132300
7 0.658102 0.495956 0.056703 0.111719
7 0.091438 0.404346 0.071094 0.108015
7 0.500000 0.326877 0.996875 0.653753