7 0.287141 0.324812 0.127031 0.275083
7 0.058992 0.387260 0.114609 0.420229
7 0.484352 0.188646 0.054641 0.074542
7 0.127133 0.177146 0.060297 0.088333
7 0.736250 0.188844 0.076313 0.094521
7 0.390805 0.212635 0.066266 0.111521
7 0.093016 0.320073 0.080687 0.291479
7 0.163484 0.213479 0.097750 0.134833
7 0.042695 0.179490 0.027516 0.030146
7 0.433750 0.200385 0.052250 0.049021
7 0.641219 0.144917 0.022875 0.025417
7 0.782500 0.200437 0.068437 0.073083
7 0.894359 0.263479 0.092875 0.162625
7 0.542969 0.414583 0.910937 0.579167