7 0.242320 0.617981 0.460703 0.764038
7 0.398406 0.480869 0.230656 0.467934
7 0.107250 0.648615 0.213563 0.702770
7 0.035141 0.429660 0.054688 0.175423
7 0.933305 0.727829 0.133391 0.542793
7 0.203281 0.409448 0.068062 0.148991
7 0.018172 0.441068 0.036344 0.188333
7 0.549859 0.760704 0.164813 0.460094
7 0.391813 0.425599 0.047781 0.112042
7 0.813180 0.469531 0.046828 0.058075
7 0.912875 0.446315 0.065469 0.080892
7 0.878062 0.374460 0.041250 0.080469
7 0.435656 0.467864 0.033656 0.082582
7 0.567969 0.604460 0.860938 0.786385