7 0.601961 0.495565 0.140266 0.443096
7 0.920984 0.655732 0.125562 0.160669
7 0.202133 0.444299 0.009953 0.039854
7 0.076734 0.494153 0.043188 0.125209
7 0.102336 0.505126 0.030266 0.119331
7 0.789195 0.454351 0.012578 0.043473
7 0.711016 0.449958 0.010656 0.015690
7 0.117586 0.434498 0.011641 0.039791
7 0.886891 0.440209 0.007156 0.018828
7 0.695461 0.434404 0.010641 0.021234
7 0.741836 0.463818 0.019484 0.036339
7 0.808063 0.457824 0.015125 0.050502
7 0.780023 0.605230 0.047859 0.045021
7 0.482812 0.451883 0.928125 0.083682