7 0.470617 0.637323 0.266797 0.725354
7 0.961516 0.426969 0.069094 0.287646
7 0.253063 0.477365 0.075313 0.250521
7 0.167344 0.513542 0.075187 0.329875
7 0.125984 0.634375 0.062594 0.192083
7 0.066547 0.564469 0.036594 0.073146
7 0.046039 0.600010 0.088766 0.084104
7 0.677852 0.510281 0.100672 0.384771
7 0.617781 0.461406 0.058781 0.253562
7 0.771969 0.501562 0.071563 0.347750
7 0.745375 0.447479 0.050156 0.287625
7 0.946633 0.728094 0.106734 0.543812
4 0.905469 0.367427 0.024469 0.017062
7 0.205586 0.536271 0.086703 0.247542
7 0.471094 0.630208 0.939063 0.660417