7 0.471070 0.589885 0.187078 0.478646
7 0.230055 0.694000 0.230891 0.462917
7 0.596180 0.414458 0.057641 0.151000
7 0.431133 0.378010 0.047016 0.213104
7 0.394680 0.380958 0.044516 0.215833
7 0.381758 0.382802 0.036484 0.207437
7 0.337133 0.380781 0.052203 0.210062
7 0.264562 0.341208 0.068594 0.119125
7 0.653992 0.401083 0.093109 0.274500
7 0.778930 0.421146 0.068547 0.122667
7 0.842266 0.412875 0.050844 0.139458
7 0.930602 0.415281 0.064109 0.131646
7 0.538898 0.379354 0.052578 0.211833
7 0.439062 0.382292 0.856250 0.247917