4 0.963219 0.471281 0.027156 0.030975
4 0.484523 0.440279 0.016047 0.021950
4 0.676719 0.457284 0.040250 0.023593
7 0.640680 0.504624 0.038641 0.178050
4 0.412633 0.439471 0.034016 0.023231
4 0.335828 0.431504 0.017063 0.019554
5 0.572727 0.446922 0.032484 0.030223
4 0.936664 0.467256 0.034734 0.032507
4 0.498984 0.443942 0.034687 0.020529
4 0.229852 0.424067 0.025391 0.019610
4 0.135797 0.420919 0.016406 0.030474
7 0.170188 0.514638 0.044938 0.250056
7 0.560820 0.490404 0.026766 0.051448
4 0.199859 0.420822 0.023469 0.022368
4 0.359992 0.432256 0.009516 0.017827
5 0.940008 0.467618 0.039922 0.035571
4 0.120891 0.416323 0.025156 0.021504