11 0.467320 0.566815 0.264578 0.709040
7 0.639055 0.556183 0.073828 0.251991
7 0.914781 0.548033 0.052594 0.140749
7 0.894102 0.523185 0.034766 0.163607
7 0.781687 0.490925 0.020719 0.051077
7 0.355414 0.542857 0.040891 0.149087
7 0.020773 0.531382 0.041203 0.162717
7 0.081203 0.520585 0.027563 0.051944
7 0.804461 0.493103 0.022516 0.055621
7 0.755898 0.492307 0.028047 0.057916
7 0.404875 0.576089 0.041844 0.304028
7 0.876547 0.558478 0.027875 0.111288
7 0.312773 0.536241 0.021547 0.062178
7 0.844695 0.490902 0.017734 0.048220
7 0.518750 0.495316 0.956250 0.236534