7 0.349232 0.754158 0.112680 0.352859
7 0.825760 0.691683 0.057565 0.146176
7 0.800008 0.648080 0.012173 0.044003
7 0.659224 0.665490 0.037467 0.111634
7 0.681438 0.662255 0.024641 0.118170
7 0.505809 0.631609 0.024167 0.086585
7 0.423864 0.671185 0.056062 0.155833
7 0.788627 0.799289 0.118987 0.140931
7 0.217917 0.790392 0.071585 0.160098
7 0.692917 0.620539 0.014918 0.043562
7 0.712974 0.634542 0.019935 0.072190
7 0.654616 0.603611 0.013938 0.018431
7 0.729992 0.642141 0.032467 0.084216
7 0.499183 0.705065 0.998366 0.315359