4 0.662758 0.361291 0.114516 0.077418
4 0.628625 0.367711 0.056906 0.068615
4 0.557734 0.363228 0.049531 0.075376
3 0.494383 0.470164 0.762422 0.422817
3 0.129844 0.232066 0.247750 0.275775
7 0.157930 0.346714 0.033859 0.088028
7 0.982859 0.412981 0.034281 0.202770
7 0.905594 0.369988 0.036094 0.148944
7 0.877562 0.363122 0.041656 0.154883
7 0.756758 0.337735 0.035703 0.089413
7 0.213461 0.331291 0.039516 0.056808
7 0.954563 0.402864 0.020969 0.088967
4 0.437977 0.354272 0.058547 0.083427
4 0.486102 0.364671 0.054609 0.094554
3 0.123453 0.434085 0.246906 0.252911
5 0.818063 0.327723 0.088563 0.122535
7 0.932172 0.380962 0.028906 0.106009
7 0.016367 0.316009 0.019828 0.019202
7 0.778602 0.338779 0.015297 0.069390