7 0.362023 0.610781 0.039734 0.193104
7 0.627258 0.489417 0.031297 0.119167
7 0.712297 0.500250 0.015156 0.054208
7 0.881695 0.649271 0.056703 0.230417
7 0.674125 0.484760 0.012438 0.055896
7 0.094805 0.500010 0.034016 0.116937
7 0.531195 0.513198 0.029484 0.072229
7 0.505422 0.484698 0.021781 0.049688
7 0.560773 0.467656 0.019234 0.067937
7 0.196258 0.510219 0.022297 0.092604
7 0.395742 0.930396 0.201516 0.139208
7 0.649156 0.492906 0.017344 0.024646
7 0.863391 0.477990 0.016563 0.080854
7 0.246094 0.506250 0.057813 0.112500