11 0.500000 0.594625 1.000000 0.810750
11 0.791118 0.146109 0.415081 0.163125
7 0.360630 0.500711 0.394187 0.842828
7 0.140274 0.385430 0.279939 0.420609
7 0.626585 0.260398 0.179350 0.240172
7 0.846209 0.222727 0.160915 0.191453
7 0.950976 0.450148 0.098049 0.499109
7 0.431230 0.224070 0.083435 0.096203
7 0.545711 0.190922 0.085813 0.166875
7 0.462937 0.150758 0.069329 0.086953
7 0.083730 0.196508 0.050264 0.151516
7 0.718648 0.101805 0.051077 0.059609
7 0.786951 0.103531 0.050894 0.064562
7 0.604065 0.126594 0.062480 0.077031
7 0.207520 0.156727 0.089268 0.134266
7 0.335366 0.156250 0.670732 0.212500