7 0.548820 0.780260 0.180266 0.386271
7 0.790289 0.718281 0.131297 0.254646
7 0.228148 0.634885 0.052422 0.100563
7 0.349320 0.666573 0.045266 0.107813
4 0.686055 0.627188 0.102359 0.112542
4 0.944672 0.622021 0.110656 0.099750
4 0.510820 0.620083 0.135766 0.114583
4 0.422438 0.620021 0.088594 0.117375
7 0.512992 0.603573 0.030453 0.064396
7 0.240398 0.543344 0.024266 0.018771
7 0.215008 0.633188 0.037547 0.106250
7 0.824883 0.648635 0.116766 0.131937
4 0.070391 0.584104 0.090312 0.115917
4 0.242188 0.614604 0.153281 0.126042
4 0.048219 0.612906 0.096437 0.105146
4 0.827453 0.626177 0.101063 0.121604
4 0.442664 0.558667 0.139234 0.064042
4 0.141398 0.591344 0.072203 0.111521