8 0.405570 0.443510 0.065060 0.175460
7 0.700170 0.281190 0.063900 0.101700
7 0.304460 0.239780 0.061400 0.181440
7 0.427020 0.198520 0.176400 0.267320
7 0.801680 0.503620 0.211040 0.326160
7 0.901700 0.586840 0.098920 0.154560
7 0.613800 0.266770 0.108600 0.137460
7 0.393170 0.589650 0.113220 0.099340
8 0.213720 0.694550 0.414720 0.518780
7 0.064510 0.190460 0.115140 0.285600
7 0.823020 0.179710 0.226880 0.304420
7 0.642860 0.525970 0.049360 0.262340
7 0.202600 0.188310 0.155840 0.314300
7 0.495900 0.510870 0.150680 0.302100
7 0.165000 0.510000 0.330000 0.976000