7 0.656648 0.558427 0.191453 0.370798
7 0.136117 0.131925 0.028266 0.065117
7 0.217336 0.230892 0.033828 0.074366
7 0.200984 0.143791 0.046094 0.078568
7 0.236055 0.083462 0.022047 0.077958
7 0.833711 0.316491 0.040453 0.058005
7 0.568844 0.056549 0.014656 0.040188
7 0.713742 0.042359 0.017328 0.035047
7 0.209672 0.278333 0.033844 0.042207
7 0.694937 0.314296 0.032531 0.053756
7 0.173016 0.308967 0.035813 0.058498
7 0.697836 0.315939 0.035078 0.054742
7 0.489523 0.318979 0.039891 0.075282
7 0.499219 0.203052 0.998437 0.406103