7 0.419484 0.549784 0.102375 0.294156
7 0.507656 0.312489 0.080500 0.126234
7 0.674125 0.321310 0.058813 0.097424
7 0.163125 0.438171 0.056063 0.176342
7 0.753375 0.406374 0.066125 0.087511
7 0.710359 0.600963 0.075375 0.211797
7 0.815500 0.429935 0.098687 0.283810
7 0.447594 0.309870 0.055750 0.121169
7 0.636578 0.618799 0.153125 0.183485
7 0.605641 0.371299 0.074719 0.172511
7 0.477344 0.271353 0.031656 0.068550
7 0.239516 0.434351 0.090063 0.205628
7 0.402094 0.211753 0.062656 0.082208
7 0.700000 0.339827 0.134375 0.125541