4 0.055783 0.532359 0.032067 0.027000
4 0.030710 0.535203 0.061420 0.046312
4 0.108319 0.531633 0.068330 0.030453
4 0.351618 0.524937 0.012088 0.005344
4 0.238111 0.522203 0.052923 0.016000
4 0.189582 0.523367 0.041879 0.019203
6 0.723559 0.512992 0.552881 0.974016
7 0.154687 0.556273 0.026785 0.065297
7 0.116106 0.553773 0.034551 0.062297
7 0.210146 0.542422 0.019708 0.045687
7 0.181816 0.540070 0.012985 0.023766
5 0.031242 0.535937 0.060063 0.047375
7 0.225585 0.549484 0.016347 0.050219
7 0.185167 0.523180 0.010919 0.012953
5 0.190271 0.523586 0.046597 0.018828
5 0.239530 0.521852 0.051336 0.016984
5 0.107150 0.530852 0.073633 0.029266
7 0.256169 0.559906 0.032839 0.073500
7 0.443998 0.529547 0.006075 0.025656