7 0.474040 0.485893 0.118520 0.282187
7 0.301980 0.562800 0.149080 0.179627
7 0.216730 0.533813 0.114660 0.211307
7 0.290690 0.305453 0.074620 0.135867
7 0.226640 0.087747 0.044120 0.077947
7 0.484960 0.041107 0.057200 0.079067
7 0.543930 0.058013 0.055340 0.066587
7 0.573320 0.036280 0.031920 0.072560
7 0.594330 0.048253 0.033460 0.072133
7 0.632300 0.046800 0.044040 0.070347
7 0.169150 0.056200 0.024460 0.062427
7 0.277530 0.086427 0.061180 0.078293
7 0.316050 0.078947 0.048100 0.067867
7 0.501000 0.206667 0.962000 0.413333