5 0.419695 0.630638 0.829297 0.718473
7 0.138875 0.329226 0.242313 0.367699
7 0.328367 0.389686 0.270297 0.351548
7 0.361648 0.336862 0.172609 0.287155
7 0.608352 0.438525 0.086578 0.103536
7 0.727352 0.420941 0.024641 0.032971
7 0.892484 0.435544 0.013500 0.054854
7 0.914438 0.423441 0.029656 0.064874
7 0.843586 0.435544 0.023984 0.105858
7 0.875430 0.434582 0.030391 0.115021
7 0.459750 0.375303 0.099844 0.087845
7 0.969078 0.423692 0.053656 0.080690
7 0.944430 0.427688 0.041984 0.088305
4 0.861195 0.354707 0.020359 0.015272
4 0.965484 0.344393 0.036531 0.023556
7 0.176484 0.308975 0.048500 0.140251
7 0.972656 0.393305 0.029687 0.046025