5 0.443938 0.735740 0.119219 0.091438
7 0.465516 0.757548 0.014906 0.053488
7 0.494695 0.758298 0.017328 0.054440
7 0.079898 0.768182 0.022734 0.084271
4 0.160531 0.770983 0.121625 0.096385
4 0.249000 0.773658 0.072563 0.057505
4 0.304602 0.770423 0.055016 0.054080
4 0.358539 0.761459 0.055953 0.046089
4 0.564609 0.743499 0.035906 0.030085
4 0.584648 0.743214 0.021328 0.024313
4 0.601398 0.739545 0.018578 0.022347
4 0.723180 0.731268 0.017172 0.018055
4 0.704570 0.729947 0.008234 0.013805
4 0.613242 0.736184 0.024359 0.028689
4 0.688586 0.731427 0.016203 0.015962
4 0.695367 0.727992 0.013484 0.017040
4 0.794672 0.767357 0.134313 0.143594
5 0.637711 0.726892 0.031672 0.042199