7 0.417133 0.316854 0.112922 0.179792
7 0.799648 0.334958 0.035609 0.196833
7 0.774125 0.484302 0.135844 0.248229
7 0.525258 0.363302 0.052078 0.101729
7 0.705977 0.313427 0.042641 0.062729
7 0.846594 0.320948 0.044562 0.175354
7 0.281742 0.372344 0.064703 0.227354
7 0.480211 0.313219 0.068328 0.186354
7 0.618078 0.359104 0.072063 0.166917
7 0.873086 0.288271 0.023672 0.100292
7 0.817703 0.269344 0.014625 0.033937
7 0.609133 0.418833 0.050609 0.135833
7 0.680625 0.333177 0.048938 0.107521
7 0.922656 0.382292 0.151562 0.306250