7 0.343807 0.841315 0.161405 0.315735
7 0.820384 0.856373 0.202990 0.286928
7 0.632010 0.812206 0.108987 0.253758
7 0.475482 0.718178 0.021716 0.066422
7 0.451062 0.717582 0.015229 0.038758
7 0.504493 0.720915 0.015621 0.059967
7 0.548938 0.717320 0.029281 0.076569
7 0.572778 0.723301 0.019118 0.056863
7 0.600605 0.723554 0.017745 0.058121
5 0.225842 0.726969 0.442696 0.298873
7 0.944126 0.862859 0.104657 0.273889
7 0.029485 0.926716 0.058971 0.144052
7 0.742239 0.934804 0.342484 0.130392
5 0.914338 0.732958 0.171324 0.075588