7 0.477578 0.095550 0.029687 0.128009
7 0.758922 0.073478 0.019000 0.073419
7 0.731570 0.080351 0.014453 0.081218
7 0.516164 0.570948 0.293016 0.509016
7 0.524711 0.078326 0.011797 0.065972
7 0.381539 0.089567 0.012141 0.034918
7 0.344180 0.085761 0.014828 0.030539
7 0.362633 0.086124 0.011078 0.030984
7 0.980586 0.072529 0.016828 0.036487
7 0.961453 0.077201 0.018156 0.026581
7 0.607492 0.071452 0.011016 0.052787
7 0.278625 0.091112 0.013000 0.027330
7 0.238156 0.107518 0.031031 0.070913
7 0.426563 0.098361 0.812500 0.084309