7 0.711594 0.798309 0.070281 0.328082
7 0.363750 0.562938 0.037000 0.138729
7 0.508078 0.743825 0.079063 0.328082
7 0.486344 0.563825 0.027906 0.120456
7 0.698383 0.582122 0.033266 0.109281
7 0.759328 0.552734 0.027875 0.073046
7 0.946406 0.551199 0.018281 0.025947
7 0.960922 0.557590 0.011437 0.023573
7 0.979180 0.559077 0.014484 0.023669
7 0.691141 0.478897 0.014281 0.017986
7 0.554695 0.833249 0.109328 0.219928
7 0.880813 0.463645 0.012594 0.017650
7 0.797836 0.488153 0.020672 0.027530
7 0.535156 0.408873 0.926562 0.817746