7 0.464789 0.488940 0.030516 0.172811
7 0.400383 0.671071 0.118484 0.516060
7 0.318406 0.620000 0.080500 0.403825
7 0.262578 0.589735 0.079906 0.403157
7 0.139250 0.482949 0.060437 0.262304
7 0.227023 0.494101 0.040422 0.183272
7 0.088453 0.543537 0.072531 0.415968
7 0.328703 0.439263 0.031125 0.118018
7 0.402883 0.390841 0.027047 0.071129
7 0.414109 0.519424 0.061219 0.133548
7 0.427148 0.471198 0.061328 0.163180
7 0.514602 0.559401 0.026109 0.332120
7 0.882344 0.307926 0.053062 0.076866
7 0.421875 0.516129 0.600000 0.557604