7 0.509797 0.543990 0.175406 0.159021
7 0.632602 0.377792 0.103641 0.315708
7 0.598344 0.371802 0.141625 0.335063
7 0.701523 0.416510 0.060016 0.349771
7 0.726266 0.362646 0.113094 0.265792
7 0.848367 0.367510 0.161828 0.248729
7 0.528141 0.368792 0.039531 0.260583
7 0.472508 0.383688 0.092328 0.284833
7 0.417109 0.395073 0.076281 0.290729
7 0.084617 0.445156 0.113672 0.393771
7 0.349977 0.393792 0.073422 0.269417
7 0.224375 0.311073 0.089500 0.151938
7 0.183477 0.557240 0.048922 0.093187
7 0.485156 0.523958 0.970313 0.610417