7 0.521477 0.375771 0.083547 0.101167
7 0.085102 0.631052 0.069297 0.178812
7 0.075523 0.576281 0.023609 0.102146
7 0.549648 0.373177 0.041047 0.079562
7 0.251391 0.604771 0.025594 0.118542
7 0.060742 0.834594 0.121484 0.330813
7 0.135805 0.619844 0.056859 0.171521
7 0.082875 0.515313 0.035406 0.059125
7 0.020133 0.539323 0.029047 0.126479
7 0.322523 0.559208 0.027141 0.077917
7 0.065531 0.531167 0.020719 0.075792
7 0.603125 0.478094 0.059094 0.218271
7 0.044602 0.526687 0.025141 0.062458
7 0.253906 0.519792 0.507812 0.389583