4 0.563758 0.390867 0.056016 0.015082
4 0.796203 0.395234 0.036250 0.042412
4 0.878086 0.370667 0.084734 0.029719
4 0.593344 0.349614 0.017188 0.014824
4 0.923836 0.364614 0.033641 0.038876
7 0.469945 0.504532 0.144672 0.600258
7 0.819445 0.430457 0.027828 0.127986
7 0.191055 0.463981 0.081828 0.083138
7 0.039094 0.383056 0.043062 0.123911
7 0.120383 0.448431 0.028797 0.074707
7 0.405477 0.420199 0.027172 0.080960
7 0.228781 0.438419 0.014031 0.054169
7 0.768953 0.431030 0.029000 0.140656
4 0.723828 0.369075 0.047438 0.035340
7 0.419047 0.518501 0.033813 0.029087
7 0.829094 0.397681 0.014000 0.044356
7 0.065969 0.597752 0.131937 0.521358
4 0.389102 0.357600 0.084172 0.024520
4 0.684273 0.381628 0.046297 0.039696
4 0.616469 0.385199 0.108094 0.053162
4 0.729523 0.330691 0.034328 0.015902
4 0.658273 0.347775 0.046297 0.026417
4 0.931836 0.337213 0.032797 0.015082
4 0.545508 0.356710 0.068984 0.034075
5 0.967461 0.419040 0.064828 0.158876
7 0.704359 0.451288 0.037531 0.095831
4 0.482812 0.360656 0.890625 0.117096