4 0.945391 0.658531 0.043594 0.019896
4 0.980813 0.654396 0.038375 0.021375
4 0.571227 0.699406 0.042828 0.029271
7 0.513922 0.744052 0.050313 0.194646
7 0.468766 0.760510 0.044906 0.170937
7 0.429570 0.756927 0.016984 0.066354
7 0.253547 0.735292 0.031313 0.134250
7 0.195148 0.736167 0.019703 0.068667
7 0.157797 0.740490 0.024281 0.070604
7 0.750727 0.724375 0.009609 0.030833
7 0.782211 0.717583 0.016922 0.043500
7 0.303172 0.727708 0.017031 0.064167
7 0.845422 0.715885 0.016656 0.041188
7 0.919320 0.699260 0.026359 0.082854
0 0.287477 0.618510 0.014609 0.013146
7 0.594695 0.729344 0.012766 0.018437
4 0.418617 0.713979 0.039328 0.036125
4 0.547727 0.699906 0.034516 0.032604
4 0.341352 0.717708 0.032109 0.041458
7 0.373617 0.713990 0.023547 0.072646
4 0.394563 0.715698 0.020750 0.033854
7 0.467187 0.740625 0.928125 0.118750