6 0.326063 0.498871 0.652125 0.970776
7 0.776773 0.645388 0.039297 0.141082
7 0.734969 0.617953 0.013906 0.062259
7 0.810883 0.672929 0.047109 0.184165
7 0.878258 0.635753 0.025703 0.090518
7 0.944031 0.695953 0.092219 0.272800
7 0.134930 0.600835 0.035141 0.105200
7 0.714242 0.620306 0.023141 0.085176
7 0.676375 0.609753 0.011219 0.052071
7 0.973578 0.594306 0.038812 0.065176
7 0.749633 0.627259 0.027859 0.107788
7 0.694633 0.623471 0.021422 0.082612
7 0.837656 0.627600 0.012719 0.063435
6 0.916617 0.583459 0.166766 0.146400
6 0.731203 0.580859 0.057344 0.040400
7 0.397133 0.496494 0.052328 0.084235
7 0.653125 0.631765 0.531250 0.138824