4 0.387578 0.613342 0.090719 0.105263
7 0.477672 0.567947 0.014531 0.024737
7 0.123648 0.570487 0.013984 0.016553
7 0.036508 0.568632 0.024266 0.103895
7 0.796797 0.588303 0.019000 0.038711
4 0.011406 0.496118 0.022812 0.037237
4 0.623883 0.625158 0.071203 0.084263
4 0.147008 0.592382 0.118859 0.077500
4 0.112023 0.558829 0.029734 0.029763
4 0.777219 0.659513 0.230281 0.240553
4 0.652195 0.632868 0.046891 0.099842
4 0.358133 0.591092 0.078141 0.080500
4 0.059234 0.489000 0.009719 0.016842
4 0.206805 0.590776 0.029828 0.059500
4 0.493687 0.609250 0.136156 0.158921