4 0.114234 0.611534 0.081906 0.119180
4 0.767359 0.581276 0.105062 0.072295
3 0.525352 0.494930 0.831891 0.382506
7 0.448289 0.623595 0.047984 0.195527
7 0.478203 0.622787 0.032750 0.193302
7 0.339805 0.627986 0.057422 0.181639
7 0.607828 0.601358 0.049594 0.105855
7 0.242828 0.608326 0.028781 0.189204
7 0.703516 0.610703 0.046281 0.185948
7 0.685953 0.600164 0.022844 0.145761
7 0.411555 0.623595 0.037484 0.182037
7 0.307016 0.609063 0.036594 0.164543
7 0.059375 0.613208 0.050719 0.207354
7 0.498773 0.623782 0.019891 0.101756
7 0.266484 0.612518 0.034625 0.175480
7 0.030758 0.581370 0.020547 0.098197
7 0.103125 0.579625 0.203125 0.105386