0 0.590648 0.602208 0.287516 0.118708
7 0.176969 0.670792 0.350562 0.631458
7 0.640125 0.522406 0.038750 0.081937
7 0.602781 0.532573 0.020813 0.034854
7 0.488438 0.545792 0.019938 0.046917
7 0.452148 0.535281 0.035766 0.063021
7 0.666328 0.519813 0.018531 0.041708
7 0.567992 0.536167 0.021703 0.035333
7 0.617508 0.525250 0.015078 0.018250
7 0.851320 0.532958 0.028547 0.079667
7 0.884203 0.531885 0.037625 0.087813
8 0.263516 0.810250 0.320937 0.379500
7 0.458578 0.556563 0.024906 0.025875
7 0.909945 0.503979 0.017578 0.030125
7 0.456891 0.571375 0.063875 0.078833
7 0.632031 0.430208 0.732812 0.356250