7 0.848094 0.725352 0.189469 0.220892
7 0.857062 0.645070 0.141219 0.156526
7 0.951320 0.474272 0.097359 0.133239
7 0.918461 0.477746 0.072266 0.078075
7 0.777656 0.738263 0.082625 0.113615
7 0.718328 0.867500 0.092781 0.120681
7 0.677266 0.919613 0.101250 0.132324
7 0.650594 0.953662 0.140031 0.089718
7 0.742547 0.745458 0.031000 0.042042
7 0.812445 0.718063 0.044234 0.056502
7 0.975734 0.353768 0.048531 0.076315
7 0.913578 0.615070 0.172844 0.263474
7 0.962352 0.390141 0.075016 0.089671
7 0.767969 0.618545 0.460938 0.758216