7 0.524219 0.782666 0.222938 0.351354
7 0.924320 0.490856 0.054422 0.115193
7 0.863961 0.478936 0.033266 0.139144
7 0.823977 0.466823 0.038234 0.144641
7 0.766422 0.464530 0.051219 0.134475
7 0.704445 0.516782 0.039266 0.101740
7 0.713211 0.485552 0.040297 0.144917
7 0.655625 0.515801 0.044500 0.094586
7 0.627188 0.511727 0.043062 0.106492
7 0.802523 0.475746 0.016672 0.116464
7 0.577969 0.522790 0.058094 0.094586
7 0.402984 0.505152 0.038094 0.120028
9 0.515422 0.488771 0.075000 0.312348
7 0.434641 0.485981 0.038406 0.132403
7 0.500000 0.475138 0.996875 0.204420