7 0.491178 0.921310 0.156375 0.157380
7 0.783520 0.923710 0.026314 0.061420
7 0.956647 0.927670 0.047069 0.038260
7 0.813248 0.906620 0.032961 0.040960
7 0.187251 0.833640 0.041329 0.069600
7 0.163278 0.829100 0.032538 0.047680
7 0.241193 0.846550 0.019486 0.031300
7 0.603686 0.895770 0.045015 0.078340
7 0.230272 0.845900 0.020785 0.025560
7 0.036344 0.828510 0.035529 0.023500
7 0.319804 0.904580 0.261662 0.187240
7 0.938505 0.922960 0.031692 0.042320
7 0.887100 0.922660 0.028882 0.032560
7 0.492447 0.876000 0.978852 0.148000