7 0.589625 0.963708 0.028563 0.071667
7 0.673641 0.927833 0.019094 0.067500
7 0.807609 0.919687 0.027594 0.053542
7 0.197453 0.871646 0.017906 0.054208
7 0.979672 0.965125 0.038469 0.069750
7 0.345219 0.870312 0.017125 0.051958
7 0.939750 0.915125 0.045500 0.169750
7 0.877672 0.961688 0.024844 0.076625
7 0.600047 0.830333 0.014906 0.039750
7 0.511953 0.967479 0.027469 0.065042
7 0.430266 0.918625 0.039906 0.062750
7 0.299469 0.972000 0.019312 0.056000
7 0.744031 0.893646 0.037312 0.091958
7 0.434375 0.760417 0.456250 0.404167