7 0.261656 0.493694 0.217406 0.975278
7 0.944414 0.542403 0.084328 0.401861
7 0.898547 0.554389 0.022594 0.037722
7 0.687211 0.580750 0.042859 0.114278
7 0.091953 0.558667 0.022094 0.134000
7 0.635898 0.498389 0.030016 0.051889
7 0.603086 0.552194 0.037047 0.140278
7 0.630367 0.574056 0.026016 0.117944
7 0.581313 0.561847 0.018937 0.115583
7 0.648445 0.575972 0.018453 0.093833
7 0.558609 0.579528 0.013562 0.073444
7 0.564023 0.537917 0.014672 0.068889
7 0.008617 0.561167 0.017234 0.099500
7 0.472656 0.559722 0.170313 0.119444