7 0.454820 0.639518 0.181109 0.641765
7 0.288008 0.614612 0.188016 0.698871
7 0.502945 0.381847 0.016516 0.053718
7 0.126031 0.524929 0.054906 0.210753
7 0.373820 0.396953 0.016047 0.043271
7 0.396367 0.320224 0.016484 0.043553
7 0.552906 0.349635 0.010344 0.050424
7 0.373617 0.352412 0.017141 0.057106
7 0.397898 0.363188 0.011328 0.049106
7 0.478578 0.376906 0.016969 0.050000
7 0.506336 0.341247 0.006766 0.024282
7 0.722922 0.350035 0.013719 0.049059
7 0.579477 0.347035 0.021359 0.055529
7 0.582812 0.347059 0.253125 0.087059