7 0.836646 0.782492 0.103792 0.132516
7 0.644740 0.766359 0.051188 0.087375
7 0.443177 0.775898 0.053771 0.129016
7 0.957271 0.793102 0.064250 0.140203
7 0.905187 0.776328 0.045417 0.102188
7 0.184260 0.777820 0.050063 0.105609
7 0.047010 0.782594 0.050896 0.116125
7 0.254979 0.807703 0.037417 0.055406
7 0.714417 0.789258 0.042625 0.049703
7 0.751760 0.774086 0.057104 0.037172
7 0.087177 0.768086 0.062812 0.139391
7 0.021281 0.780086 0.041146 0.130391
7 0.617792 0.788516 0.034083 0.058250
7 0.571875 0.779687 0.822917 0.109375