7 0.562836 0.266879 0.048828 0.084823
7 0.804117 0.357600 0.073547 0.171466
7 0.673227 0.311596 0.023422 0.068487
7 0.648258 0.300816 0.040422 0.070662
7 0.873484 0.374173 0.030625 0.182908
7 0.906813 0.353641 0.048781 0.099007
7 0.931750 0.378227 0.080594 0.140236
7 0.476320 0.088239 0.018172 0.036761
7 0.118820 0.598191 0.148516 0.775296
7 0.846562 0.372009 0.041375 0.195556
7 0.640180 0.126359 0.014109 0.026288
7 0.624242 0.287648 0.040297 0.078180
7 0.486375 0.148582 0.025688 0.054043
7 0.498437 0.516548 0.990625 0.962175