7 0.920055 0.508978 0.151859 0.955063
7 0.148383 0.585802 0.098141 0.828396
7 0.225109 0.558789 0.108312 0.660660
7 0.289211 0.597657 0.080734 0.804686
7 0.342141 0.580676 0.095937 0.810472
7 0.422625 0.577531 0.123937 0.777516
7 0.707391 0.581792 0.117313 0.836415
7 0.597422 0.211352 0.078094 0.227044
7 0.550234 0.497972 0.122281 0.606258
7 0.642586 0.557296 0.079266 0.791006
7 0.793883 0.562925 0.142922 0.865157
7 0.481242 0.491997 0.103266 0.862358
7 0.060016 0.557642 0.117438 0.851950
7 0.407031 0.776730 0.451562 0.440252