7 0.109336 0.963911 0.015109 0.045105
7 0.133516 0.969555 0.022531 0.036862
7 0.286820 0.952482 0.014297 0.068571
7 0.270969 0.958677 0.007906 0.046909
7 0.429344 0.961393 0.015656 0.051124
7 0.401703 0.937611 0.012594 0.053630
7 0.677813 0.974356 0.025969 0.050492
7 0.583570 0.978372 0.032391 0.043255
7 0.940375 0.976604 0.026906 0.045293
7 0.355953 0.966522 0.022812 0.066956
7 0.191742 0.942892 0.009141 0.032389
7 0.300852 0.941019 0.013141 0.047049
7 0.090445 0.974192 0.014172 0.045855
7 0.563281 0.944965 0.848437 0.105386