7 0.383660 0.588810 0.162440 0.698283
7 0.588650 0.591762 0.159660 0.635934
7 0.677870 0.453584 0.090740 0.408313
7 0.842680 0.500542 0.145320 0.583072
7 0.948040 0.514473 0.103920 0.587982
7 0.199560 0.472741 0.127600 0.198494
7 0.112840 0.390617 0.033840 0.136837
7 0.024480 0.399623 0.025000 0.156175
7 0.333330 0.355979 0.061700 0.238524
7 0.084620 0.388328 0.026560 0.137440
7 0.178480 0.379714 0.027480 0.127922
7 0.052000 0.395211 0.041880 0.176205
7 0.301940 0.352410 0.022600 0.100361
7 0.492000 0.385542 0.936000 0.289157