1 0.805047 0.765200 0.235687 0.393216
1 0.955367 0.495869 0.089266 0.220047
1 0.837156 0.522359 0.131219 0.219601
1 0.708016 0.484272 0.154188 0.259718
1 0.571062 0.477946 0.125875 0.226831
1 0.450609 0.439660 0.092031 0.243451
1 0.097234 0.416538 0.184281 0.236315
1 0.269375 0.410739 0.151625 0.211009
1 0.383961 0.426315 0.113141 0.189765
1 0.823187 0.456772 0.165500 0.246221
1 0.700914 0.382218 0.103391 0.085000
1 0.228187 0.413016 0.126094 0.197160
1 0.710875 0.348075 0.075687 0.064789
1 0.500000 0.609155 0.996875 0.744131