4 0.874028 0.520766 0.055917 0.026281
7 0.582576 0.654109 0.149694 0.295906
7 0.432194 0.655156 0.132293 0.286844
7 0.111386 0.711453 0.173559 0.424906
7 0.680066 0.585055 0.095502 0.167641
7 0.496561 0.594734 0.071856 0.181688
4 0.990360 0.538023 0.019279 0.030078
4 0.799028 0.515398 0.039410 0.026078
7 0.620011 0.537023 0.030284 0.044266
7 0.651736 0.520172 0.029716 0.028844
7 0.431277 0.504453 0.030197 0.014406
7 0.528592 0.525633 0.020546 0.034859
4 0.709771 0.519508 0.038057 0.018297
4 0.727959 0.515070 0.019017 0.014359
4 0.827500 0.517570 0.042948 0.021984
7 0.631441 0.524758 0.029607 0.038828
7 0.647325 0.507625 0.012598 0.016531
5 0.949236 0.516078 0.067162 0.041875