7 0.552687 0.490195 0.373598 0.375359
7 0.796612 0.380984 0.099159 0.086875
7 0.709451 0.387023 0.114089 0.076297
7 0.466005 0.297609 0.093832 0.086656
7 0.741472 0.311445 0.092570 0.077578
7 0.554229 0.282828 0.089673 0.048688
7 0.466963 0.328711 0.078692 0.052984
7 0.665444 0.365266 0.067383 0.099344
7 0.778213 0.347219 0.108621 0.074125
7 0.621297 0.287961 0.040444 0.034859
7 0.377874 0.313555 0.085374 0.082203
7 0.631051 0.257102 0.068598 0.051484
7 0.290981 0.390594 0.112290 0.085375
7 0.500000 0.251563 0.995327 0.503125