4 0.244990 0.928445 0.158896 0.086984
4 0.361792 0.926242 0.090750 0.046266
7 0.889260 0.920484 0.044229 0.067344
7 0.844021 0.919180 0.032375 0.050547
7 0.060469 0.902641 0.027271 0.038156
7 0.025646 0.910453 0.045458 0.036875
7 0.973938 0.943578 0.041375 0.079375
7 0.925198 0.942320 0.049271 0.068953
7 0.009458 0.900531 0.018917 0.029937
4 0.684573 0.920695 0.076979 0.049328
4 0.449823 0.917305 0.059729 0.036359
4 0.494917 0.913977 0.050833 0.032141
4 0.522771 0.907813 0.025042 0.014594
4 0.725698 0.915695 0.022729 0.034484