7 0.590383 0.777488 0.182391 0.434743
7 0.681555 0.503376 0.118984 0.229743
7 0.395602 0.457745 0.094859 0.201098
7 0.385211 0.268364 0.187234 0.535794
7 0.902656 0.546472 0.188375 0.880280
7 0.593312 0.290806 0.067875 0.167033
7 0.511219 0.362862 0.074781 0.188014
7 0.289797 0.552804 0.101719 0.223224
7 0.482742 0.329276 0.105328 0.259206
7 0.057984 0.593470 0.112969 0.786051
7 0.857359 0.492792 0.101094 0.390584
7 0.163695 0.365724 0.120766 0.723084
7 0.676898 0.710479 0.081297 0.336519
7 0.706250 0.239486 0.521875 0.474299