7 0.239891 0.538206 0.377094 0.734836
7 0.686109 0.720580 0.279562 0.402691
7 0.955984 0.469147 0.088031 0.186302
7 0.634680 0.554869 0.120641 0.183042
7 0.499500 0.611466 0.169375 0.362057
7 0.335891 0.608206 0.151000 0.369716
7 0.121031 0.600295 0.161688 0.355252
7 0.508672 0.670777 0.150844 0.280897
7 0.490555 0.095295 0.133172 0.178118
7 0.340180 0.113917 0.121953 0.143807
7 0.903750 0.651860 0.192500 0.523457
7 0.902133 0.113643 0.111141 0.159672
7 0.792336 0.442144 0.147703 0.452516
7 0.501563 0.384026 0.993750 0.768053