4 0.703805 0.605292 0.037453 0.043208
7 0.290953 0.631135 0.062594 0.236479
7 0.126406 0.634823 0.070781 0.249438
7 0.428750 0.590115 0.031656 0.067646
7 0.479578 0.588958 0.022844 0.060875
7 0.031500 0.636469 0.063000 0.281354
7 0.868867 0.742844 0.157234 0.287271
7 0.970836 0.736177 0.058328 0.276604
7 0.344023 0.596458 0.036016 0.066583
7 0.459297 0.595750 0.023250 0.048667
7 0.371859 0.597292 0.027469 0.062167
7 0.884664 0.606740 0.022516 0.039688
7 0.930672 0.609760 0.032906 0.074854
7 0.230055 0.624917 0.058734 0.200208
7 0.540625 0.608333 0.915625 0.129167