7 0.276617 0.724719 0.313359 0.528080
7 0.496164 0.850222 0.242859 0.299555
7 0.730359 0.853489 0.334781 0.275738
7 0.774891 0.667412 0.239344 0.367705
7 0.614656 0.677635 0.090719 0.200515
7 0.470383 0.589239 0.154609 0.470890
7 0.386547 0.620890 0.091594 0.236019
7 0.079281 0.688232 0.146000 0.355293
7 0.577984 0.625843 0.061469 0.164052
7 0.176016 0.611674 0.074750 0.170703
7 0.264133 0.397986 0.080734 0.149040
7 0.104945 0.816265 0.161922 0.367471
7 0.699570 0.522377 0.028922 0.063349
5 0.350945 0.446042 0.113609 0.058080
7 0.513281 0.706089 0.970313 0.583138