7 0.345437 0.503185 0.042406 0.224965
7 0.585359 0.521136 0.421719 0.710890
7 0.307234 0.502459 0.047781 0.234567
7 0.102055 0.449766 0.037953 0.287681
7 0.686547 0.480749 0.067406 0.375082
7 0.977141 0.559508 0.045719 0.311663
7 0.771055 0.500562 0.096359 0.277049
7 0.149625 0.481358 0.050156 0.207916
7 0.422422 0.417717 0.051375 0.121007
7 0.737023 0.474368 0.039516 0.198197
7 0.908531 0.558595 0.056656 0.277283
7 0.320852 0.395199 0.045328 0.109930
7 0.848281 0.549532 0.064031 0.276956
7 0.234375 0.475410 0.106250 0.252927