7 0.511336 0.445333 0.088891 0.211083
7 0.324445 0.279052 0.067203 0.126229
7 0.662953 0.265073 0.036312 0.067771
7 0.458742 0.187052 0.024234 0.050271
7 0.178656 0.245521 0.027406 0.054250
7 0.429445 0.915750 0.152047 0.168500
7 0.491461 0.230917 0.036766 0.063042
7 0.766531 0.946240 0.113813 0.104021
7 0.622180 0.970219 0.102328 0.059562
7 0.625289 0.205813 0.027922 0.056625
7 0.572609 0.206417 0.019375 0.038750
7 0.908047 0.955219 0.067406 0.088563
7 0.495297 0.151281 0.031563 0.057271
7 0.499219 0.230208 0.998437 0.460417