7 0.467211 0.553607 0.164984 0.274098
7 0.746539 0.564836 0.095828 0.226909
7 0.670945 0.599098 0.145766 0.200445
7 0.649461 0.300726 0.078109 0.293630
7 0.476242 0.306780 0.045859 0.108407
7 0.713773 0.329356 0.054203 0.069391
7 0.140133 0.305972 0.046234 0.088712
7 0.792859 0.332529 0.044312 0.069836
7 0.420766 0.316651 0.047344 0.075035
7 0.202016 0.298911 0.065594 0.112014
7 0.860484 0.337881 0.061187 0.065176
7 0.911977 0.343068 0.055734 0.056674
7 0.272352 0.268993 0.052734 0.148525
7 0.500000 0.194379 0.996875 0.384075