7 0.576945 0.444579 0.187359 0.525842
7 0.611273 0.528533 0.097641 0.596087
7 0.767656 0.547704 0.155062 0.619918
7 0.814766 0.421861 0.046125 0.262582
7 0.952008 0.526413 0.091703 0.530435
7 0.691719 0.393179 0.012500 0.103098
7 0.330562 0.357976 0.015500 0.095136
7 0.345086 0.362880 0.017141 0.115435
7 0.385695 0.415734 0.187359 0.328098
7 0.466883 0.376114 0.013859 0.057120
4 0.889820 0.397500 0.031172 0.086793
7 0.702828 0.556943 0.062906 0.448234
7 0.841664 0.409674 0.018672 0.097935
7 0.123219 0.367541 0.144875 0.470136
7 0.517188 0.472826 0.950000 0.451087