11 0.780234 0.516932 0.064062 0.061967
11 0.462086 0.531616 0.043266 0.053770
11 0.496547 0.533326 0.028063 0.053724
4 0.800594 0.158571 0.084594 0.040937
4 0.170602 0.212506 0.056672 0.037518
11 0.560766 0.520176 0.021375 0.049532
11 0.592086 0.529215 0.047172 0.053138
11 0.416711 0.534368 0.039203 0.063770
11 0.529414 0.532002 0.023234 0.054918
11 0.641609 0.536534 0.044406 0.035972
11 0.824492 0.531347 0.016734 0.027845
7 0.434055 0.528349 0.027297 0.081569
7 0.468820 0.522658 0.029328 0.067471
7 0.509352 0.509754 0.029266 0.051171
7 0.540281 0.526616 0.026031 0.061991
7 0.604125 0.517681 0.038937 0.070773
7 0.837008 0.512623 0.024922 0.061733
7 0.659203 0.512225 0.027625 0.070211
7 0.778648 0.514871 0.024859 0.061311
7 0.036625 0.510574 0.028969 0.106862
7 0.555961 0.503946 0.012484 0.019274
4 0.078383 0.209859 0.051266 0.028009
11 0.847758 0.522834 0.052734 0.044122
11 0.676945 0.533934 0.042797 0.038923
7 0.628070 0.513829 0.028547 0.064941
7 0.574836 0.500293 0.020578 0.029578
7 0.806828 0.512763 0.031625 0.063326
11 0.618750 0.529274 0.428125 0.056206