4 0.031852 0.615357 0.058984 0.364048
4 0.249547 0.634792 0.058750 0.095774
4 0.866727 0.573199 0.063859 0.108125
4 0.908125 0.558839 0.035125 0.060893
4 0.942195 0.524479 0.040328 0.044375
7 0.284617 0.513973 0.021797 0.095387
7 0.262680 0.521622 0.035859 0.085506
7 0.313086 0.597649 0.030891 0.225595
4 0.790102 0.619985 0.035953 0.031280
5 0.537195 0.512768 0.436547 0.656012
7 0.149563 0.600298 0.031813 0.235119
7 0.800508 0.565491 0.021641 0.114137
4 0.942687 0.495640 0.035187 0.041518
4 0.765539 0.614807 0.034797 0.048363