7 0.534898 0.626838 0.187391 0.487088
7 0.403883 0.508305 0.042391 0.083723
7 0.848023 0.504165 0.042016 0.227757
7 0.731766 0.512554 0.096125 0.272936
7 0.521180 0.426026 0.031453 0.099212
7 0.380617 0.384714 0.050359 0.085990
7 0.310352 0.433496 0.035484 0.180692
7 0.099922 0.394403 0.043094 0.122601
7 0.248352 0.567876 0.118422 0.379761
7 0.339508 0.518675 0.074672 0.303413
7 0.966344 0.565095 0.067312 0.258783
7 0.698156 0.562864 0.128781 0.292411
7 0.507492 0.545621 0.035078 0.100310
7 0.500000 0.639618 0.996875 0.715990