7 0.642172 0.706708 0.174281 0.234683
7 0.637711 0.118691 0.050797 0.054847
7 0.255258 0.353139 0.078797 0.271309
7 0.897242 0.106339 0.059766 0.083027
7 0.770477 0.067035 0.057547 0.077505
7 0.948102 0.067474 0.066266 0.084315
7 0.334586 0.368170 0.105703 0.152577
7 0.303859 0.310695 0.083437 0.117669
7 0.061242 0.105552 0.059266 0.059939
7 0.137664 0.083456 0.063422 0.080164
7 0.439063 0.113272 0.067969 0.056605
7 0.379328 0.112873 0.044562 0.038712
7 0.711664 0.118814 0.077109 0.062168
7 0.501563 0.076687 0.993750 0.153374