7 0.517650 0.703732 0.046860 0.140948
7 0.490070 0.739495 0.037340 0.144639
7 0.580040 0.678330 0.054680 0.129361
7 0.419010 0.736165 0.029700 0.098598
7 0.156710 0.536526 0.012580 0.025959
7 0.435170 0.733010 0.021420 0.076247
7 0.141510 0.533608 0.005220 0.016495
7 0.482350 0.531010 0.007380 0.021402
7 0.169580 0.538124 0.012560 0.023918
7 0.359620 0.532814 0.006160 0.020186
7 0.416820 0.540928 0.003640 0.005897
7 0.365310 0.532670 0.005220 0.020351
7 0.497010 0.531258 0.008500 0.021113
7 0.071000 0.542268 0.030000 0.020619