4 0.297328 0.629920 0.212781 0.081124
4 0.979938 0.641376 0.040125 0.051667
4 0.687594 0.619588 0.076687 0.033956
7 0.927914 0.712962 0.073828 0.281707
7 0.894961 0.683112 0.037984 0.241767
7 0.631203 0.633655 0.049719 0.134859
7 0.457789 0.712410 0.060234 0.176426
7 0.578367 0.632751 0.061266 0.147791
7 0.365414 0.783283 0.158578 0.351225
7 0.512891 0.673213 0.070469 0.129317
7 0.148953 0.610050 0.058656 0.205402
4 0.716352 0.615030 0.141109 0.041948
7 0.598211 0.644498 0.045828 0.110763
7 0.052008 0.658052 0.049828 0.167791
7 0.730648 0.692731 0.066641 0.204940
7 0.332398 0.533675 0.037797 0.068956
4 0.677078 0.633976 0.055844 0.041446
4 0.831023 0.675994 0.129109 0.213032
7 0.238758 0.487239 0.030453 0.074799
7 0.275000 0.560241 0.550000 0.461847