11 0.770501 0.718055 0.271259 0.446203
11 0.452366 0.711172 0.224592 0.378500
7 0.455350 0.607242 0.272890 0.326922
7 0.855862 0.591109 0.083193 0.090969
7 0.265245 0.585805 0.079674 0.068672
7 0.918823 0.595609 0.082587 0.093437
7 0.075524 0.584406 0.070117 0.067469
7 0.182529 0.582016 0.088648 0.075844
7 0.326876 0.579953 0.072494 0.088844
7 0.236235 0.578688 0.037925 0.047500
7 0.737821 0.638227 0.335315 0.294328
7 0.125268 0.583586 0.077716 0.068016
7 0.026399 0.583187 0.052797 0.070062
7 0.823963 0.550000 0.070536 0.088406
7 0.990303 0.608156 0.017622 0.078250
7 0.505828 0.583594 0.983683 0.110937