4 0.142836 0.797181 0.280609 0.357306
4 0.580141 0.732764 0.285250 0.181361
4 0.428734 0.664944 0.061656 0.089111
7 0.327437 0.688333 0.021188 0.081389
7 0.260023 0.683444 0.019734 0.089111
7 0.980914 0.684792 0.023922 0.120806
4 0.660914 0.660819 0.091328 0.062750
7 0.393719 0.683139 0.016875 0.093333
7 0.555734 0.679625 0.027656 0.038472
7 0.298664 0.682208 0.015859 0.085806
7 0.849508 0.681514 0.008234 0.043917
7 0.230320 0.681014 0.022078 0.094972
7 0.271266 0.679736 0.017188 0.089361
7 0.453609 0.679944 0.018563 0.076278
7 0.239055 0.674056 0.013797 0.061944
7 0.712734 0.670111 0.016219 0.055889
5 0.036211 0.605292 0.071953 0.057139
7 0.741133 0.696264 0.024016 0.109472
5 0.879547 0.729875 0.195781 0.181806
7 0.484375 0.683333 0.731250 0.155556