7 0.498400 0.533740 0.483320 0.414280
7 0.886340 0.375700 0.191800 0.198920
7 0.350650 0.152760 0.103220 0.171320
7 0.424520 0.117430 0.107640 0.195060
7 0.775790 0.170360 0.043900 0.139760
7 0.128910 0.871980 0.164540 0.192240
7 0.310380 0.879270 0.101960 0.192020
7 0.436750 0.882830 0.103900 0.219420
7 0.393100 0.896440 0.051960 0.162720
7 0.596400 0.872790 0.176480 0.191580
7 0.904300 0.636410 0.102600 0.182180
7 0.836190 0.586050 0.081300 0.128420
7 0.878490 0.818030 0.055420 0.075140
7 0.513000 0.488000 0.918000 0.824000