1 0.6040464043617249 0.6965250372886658 0.20643997192382812 0.175696462392807
1 0.9600687026977539 0.6834874153137207 0.07945804297924042 0.09341983497142792
1 0.09675724804401398 0.6673784255981445 0.13944537937641144 0.11712799221277237
1 0.016308138146996498 0.6205279231071472 0.030298912897706032 0.04328517988324165
1 0.0767262876033783 0.6137160658836365 0.08810673654079437 0.04618053510785103
1 0.34561675786972046 0.6725124716758728 0.11716592311859131 0.0926060676574707
1 0.7944506406784058 0.673795759677887 0.06658382713794708 0.09010867774486542
1 0.718259334564209 0.6786599159240723 0.16350007057189941 0.1385505646467209
1 0.5293566584587097 0.6569200754165649 0.15178947150707245 0.10831832885742188
1 0.23560866713523865 0.6707161664962769 0.13327708840370178 0.10688076168298721
1 0.3430785834789276 0.6152864694595337 0.06166233867406845 0.039362527430057526
1 0.47880029678344727 0.6167239546775818 0.04961061477661133 0.02985410764813423
1 0.7254137396812439 0.6184442639350891 0.04694785922765732 0.025538157671689987
