0 0.7121517658233643 0.5203308463096619 0.05904436111450195 0.03104553185403347
0 0.5901497602462769 0.5418120622634888 0.12271738052368164 0.04908018186688423
0 0.8309844732284546 0.5247921943664551 0.06705479323863983 0.03241319581866264
0 0.40745076537132263 0.5502192974090576 0.16271734237670898 0.0611514076590538
0 0.45720964670181274 0.5140382647514343 0.05007476732134819 0.02567110024392605
0 0.15082958340644836 0.5613020062446594 0.197859525680542 0.07367344200611115
0 0.3750552237033844 0.5023008584976196 0.04694113880395889 0.01772451400756836
0 0.31688711047172546 0.5025361776351929 0.03187751770019531 0.013595295138657093
0 0.5460740923881531 0.5008691549301147 0.020610809326171875 0.017685603350400925
0 0.22467966377735138 0.5081902146339417 0.058629415929317474 0.02231750451028347
0 0.5899481773376465 0.5055155158042908 0.033918190747499466 0.01899547502398491
0 0.520788311958313 0.4976821541786194 0.017336273565888405 0.015485286712646484
0 0.27535879611968994 0.5084437131881714 0.04644975811243057 0.01834564283490181
0 0.1493988335132599 0.5126671195030212 0.07543778419494629 0.03308267518877983
0 0.5047934651374817 0.4928421080112457 0.01264801062643528 0.00914773903787136
0 0.47751492261886597 0.49357932806015015 0.013662433251738548 0.00843963585793972
