3 0.5442259907722473 0.7023898363113403 0.23181810975074768 0.522120475769043
3 0.33172282576560974 0.7251542806625366 0.23586328327655792 0.5107858777046204
3 0.9815378189086914 0.6188881397247314 0.036803245544433594 0.1776566505432129
3 0.8629231452941895 0.6131613850593567 0.09632320702075958 0.22264814376831055
3 0.7877362370491028 0.6027288436889648 0.061444900929927826 0.15154866874217987
3 0.02754918858408928 0.5986918807029724 0.05470748990774155 0.16760340332984924
3 0.16536161303520203 0.5963884592056274 0.06017963960766792 0.152849480509758
3 0.737228274345398 0.6015850901603699 0.04478740692138672 0.11229190975427628
3 0.6908001899719238 0.5851468443870544 0.026390457525849342 0.06830282509326935
3 0.10342906415462494 0.600043773651123 0.03418679162859917 0.08635453879833221
3 0.23091204464435577 0.5892581939697266 0.0518249049782753 0.10272426903247833
