3 0.7501174807548523 0.688753604888916 0.2678413391113281 0.5531879663467407
3 0.5005271434783936 0.7054189443588257 0.23614569008350372 0.5200935006141663
3 0.2722165286540985 0.7011288404464722 0.23136667907238007 0.5320233702659607
3 0.9773882627487183 0.6276878714561462 0.045134544372558594 0.27567777037620544
3 0.035999394953250885 0.6243168711662292 0.0715733990073204 0.23876866698265076
3 0.11551010608673096 0.6071765422821045 0.06947207450866699 0.14835834503173828
3 0.868965744972229 0.573652982711792 0.07760429382324219 0.17391672730445862
3 0.16517578065395355 0.5820276737213135 0.05686764791607857 0.14913415908813477
3 0.05730470269918442 0.6099502444267273 0.03747936338186264 0.17168207466602325
3 0.9244535565376282 0.5769374966621399 0.04883289337158203 0.13448496162891388
