3 0.7410338521003723 0.6885602474212646 0.2999494969844818 0.561987578868866
3 0.4933578073978424 0.6945339441299438 0.24286851286888123 0.5492219924926758
3 0.04632827639579773 0.5763824582099915 0.09208329766988754 0.26691943407058716
3 0.29570722579956055 0.6939840912818909 0.29371070861816406 0.5521437525749207
3 0.09397278726100922 0.5743715167045593 0.07272911071777344 0.23675766587257385
3 0.864167332649231 0.5492241382598877 0.05147609859704971 0.10412464290857315
3 0.42534512281417847 0.5289546251296997 0.043903350830078125 0.05935869365930557
3 0.1544768214225769 0.5544657111167908 0.042440176010131836 0.095148466527462
3 0.928482174873352 0.5629017949104309 0.052430152893066406 0.10160789638757706
3 0.6332023739814758 0.5394746661186218 0.043059445917606354 0.07726459205150604
3 0.8484851717948914 0.5116227865219116 0.03777923434972763 0.049704838544130325
3 0.5733731389045715 0.519125759601593 0.03359851986169815 0.046186257153749466
3 0.9845123291015625 0.6017454862594604 0.030645370483398438 0.18896809220314026
3 0.11883809417486191 0.5463837385177612 0.030593562871217728 0.13251972198486328
