3 0.9767991900444031 0.6552430987358093 0.046105194836854935 0.24288025498390198
3 0.5417305827140808 0.6037682294845581 0.05979929119348526 0.15396451950073242
3 0.5888482928276062 0.5774791240692139 0.029604816809296608 0.066236212849617
3 0.3888418674468994 0.6568707227706909 0.10984182357788086 0.2298583984375
3 0.9094256162643433 0.6442577242851257 0.07526759803295135 0.22904396057128906
3 0.8436868786811829 0.6378558278083801 0.06524982303380966 0.21076345443725586
3 0.7875321507453918 0.6129121780395508 0.05678582191467285 0.19160127639770508
3 0.227151557803154 0.690198540687561 0.18974772095680237 0.23656277358531952
3 0.03497859835624695 0.6694786548614502 0.06950560957193375 0.28216657042503357
3 0.6657618284225464 0.592201292514801 0.03049497678875923 0.09777803719043732
