1 0.2544209957122803 0.5945180058479309 0.5080558657646179 0.46880048513412476
1 0.7453473210334778 0.6058467030525208 0.5085247159004211 0.43335896730422974
1 0.22117003798484802 0.4398679733276367 0.10409345477819443 0.07341814041137695
1 0.4996737837791443 0.4540920853614807 0.0932985320687294 0.07416200637817383
1 0.83973228931427 0.4511672854423523 0.09700436890125275 0.07214832305908203
1 0.5442699790000916 0.42090803384780884 0.037129878997802734 0.038971997797489166
1 0.7044588923454285 0.43988847732543945 0.07382173836231232 0.05299720913171768
1 0.47583428025245667 0.42373162508010864 0.06566981971263885 0.043763257563114166
1 0.3345787227153778 0.4249369502067566 0.03769197314977646 0.03911638259887695
1 0.381538450717926 0.4176248610019684 0.044652484357357025 0.03327922895550728
1 0.6317653059959412 0.4273827075958252 0.04779338836669922 0.0374302864074707
1 0.59747314453125 0.4247511029243469 0.026861954480409622 0.030821418389678
1 0.6708118319511414 0.43509140610694885 0.031931497156620026 0.04664602130651474
1 0.29024484753608704 0.4320332407951355 0.0514681339263916 0.05772256851196289
1 0.4224260747432709 0.4170171618461609 0.036598872393369675 0.026233768090605736
1 0.13587260246276855 0.43849319219589233 0.07775130122900009 0.04868783801794052
1 0.9378448724746704 0.41522955894470215 0.0792684555053711 0.04373371601104736
