1 0.7481672167778015 0.5744154453277588 0.32156068086624146 0.24369554221630096
1 0.26526543498039246 0.5326542854309082 0.33645662665367126 0.2871171832084656
1 0.633809506893158 0.4272323548793793 0.040097903460264206 0.036989785730838776
1 0.4648968577384949 0.42269641160964966 0.04196014255285263 0.041165731847286224
1 0.8302286863327026 0.44062328338623047 0.03975563123822212 0.02705860137939453
1 0.544856071472168 0.4154844880104065 0.03603325039148331 0.029581833630800247
1 0.11743395030498505 0.4278383255004883 0.057751841843128204 0.029922008514404297
1 0.700808048248291 0.43031010031700134 0.018678665161132812 0.028011227026581764
1 0.594748854637146 0.4244628846645355 0.026551436632871628 0.02716836892068386
1 0.5377228260040283 0.4555630683898926 0.06782379001379013 0.06086768954992294
