1 0.39720863103866577 0.5179932713508606 0.5197840929031372 0.3234309256076813
1 0.829387366771698 0.45385345816612244 0.10962524265050888 0.06755761802196503
1 0.939431369304657 0.46251344680786133 0.12072906643152237 0.12203941494226456
1 0.0936981663107872 0.467336505651474 0.18694910407066345 0.10868682712316513
1 0.7069233059883118 0.4400997757911682 0.0627666488289833 0.04902048036456108
1 0.7491933107376099 0.43478789925575256 0.03622407838702202 0.0355687141418457
1 0.6341885328292847 0.428995281457901 0.045609571039676666 0.03590259701013565
1 0.2209872305393219 0.45281919836997986 0.0910336971282959 0.06280231475830078
1 0.595227837562561 0.42945003509521484 0.022618865594267845 0.0189635269343853
1 0.6714563369750977 0.4294925630092621 0.0310332290828228 0.03971843793988228
