3 0.2735249102115631 0.6700856685638428 0.16168680787086487 0.46881112456321716
3 0.5361232757568359 0.6611459255218506 0.17896604537963867 0.4653056263923645
3 0.9031937718391418 0.6625710725784302 0.07261066138744354 0.19612598419189453
3 0.9818129539489746 0.6666716933250427 0.0362701416015625 0.19734621047973633
3 0.3619266450405121 0.6329261064529419 0.05038003996014595 0.13248005509376526
3 0.03347549960017204 0.6533646583557129 0.06656081974506378 0.1943371742963791
3 0.40845268964767456 0.6378145813941956 0.03818175941705704 0.10909929126501083
3 0.7886799573898315 0.6813076734542847 0.16213946044445038 0.41292840242385864
3 0.18253648281097412 0.6331933736801147 0.0361168272793293 0.1094638854265213
3 0.1019161194562912 0.6302962303161621 0.03771068528294563 0.10557003319263458
3 0.14484147727489471 0.6263720393180847 0.040712762624025345 0.09884119033813477
3 0.4410439431667328 0.6245081424713135 0.021066855639219284 0.06812886893749237
3 0.0655568540096283 0.6371029019355774 0.03257235139608383 0.12003250420093536
