3 0.5306222438812256 0.6844379901885986 0.1399126946926117 0.40440911054611206
3 0.2254553735256195 0.6458154320716858 0.041588783264160156 0.09716558456420898
3 0.8924276232719421 0.6503218412399292 0.03173351287841797 0.09387035667896271
3 0.8542078137397766 0.6524581909179688 0.04442233964800835 0.10852737724781036
3 0.9843633770942688 0.6700602769851685 0.029924964532256126 0.09791889041662216
3 0.8228143453598022 0.651352047920227 0.02719097211956978 0.08981361240148544
3 0.17787718772888184 0.6410268545150757 0.02829763852059841 0.0633091926574707
3 0.7908185720443726 0.6496957540512085 0.03143177181482315 0.08195362240076065
3 0.1573585569858551 0.6400481462478638 0.018869733437895775 0.06316614151000977
3 0.274990439414978 0.6398401260375977 0.01636338233947754 0.06283950805664062
