3 0.4079121947288513 0.5697687268257141 0.30284184217453003 0.8595943450927734
3 0.9796758890151978 0.6522560119628906 0.04082374647259712 0.22781725227832794
3 0.9117540121078491 0.6417216658592224 0.09071788936853409 0.24910001456737518
3 0.0331883542239666 0.6512362360954285 0.06594099849462509 0.2923554480075836
3 0.5644668340682983 0.6437541246414185 0.04541473463177681 0.13255301117897034
3 0.1731170266866684 0.6562467813491821 0.063071608543396 0.1559106856584549
3 0.225643128156662 0.6389645934104919 0.04645881801843643 0.1310083419084549
3 0.6889886856079102 0.6511253714561462 0.04400806501507759 0.10956239700317383
3 0.7322758436203003 0.6489405035972595 0.036116696894168854 0.10511674731969833
3 0.8526016473770142 0.6544457674026489 0.03831310197710991 0.11850728839635849
3 0.10816273838281631 0.621074378490448 0.031018782407045364 0.06878213584423065
3 0.8212662935256958 0.6506974101066589 0.02996654435992241 0.11857690662145615
3 0.6336080431938171 0.648686408996582 0.03567514568567276 0.12014512717723846
3 0.6056278944015503 0.6524918079376221 0.0302568431943655 0.11331816017627716
3 0.7881154417991638 0.6550425291061401 0.03149233013391495 0.10786867141723633
