3 0.2573888599872589 0.5827946662902832 0.2326921969652176 0.6437158584594727
3 0.7757770419120789 0.6191636919975281 0.224165678024292 0.5663493871688843
3 0.532752275466919 0.6399998664855957 0.20574016869068146 0.4830983579158783
3 0.022995436564087868 0.5377768874168396 0.04566565155982971 0.1732541024684906
3 0.9296561479568481 0.5117247700691223 0.051760483533144 0.11578474193811417
3 0.6330903768539429 0.5103556513786316 0.05661811679601669 0.12311534583568573
3 0.9818589091300964 0.5212159156799316 0.03592796251177788 0.15013828873634338
3 0.885790228843689 0.50471431016922 0.026102637872099876 0.0873166099190712
3 0.07384549826383591 0.5126562714576721 0.0460917130112648 0.11056661605834961
3 0.6422174572944641 0.5133514404296875 0.038033295422792435 0.11739730834960938
