3 0.5271806120872498 0.6088020205497742 0.14886626601219177 0.4431392252445221
3 0.05412529781460762 0.5829589366912842 0.10775520652532578 0.3372536599636078
3 0.22796913981437683 0.5436081886291504 0.05473136901855469 0.15633955597877502
3 0.2885061502456665 0.5564279556274414 0.06916823238134384 0.1805434226989746
3 0.11228422820568085 0.5584650635719299 0.05171229690313339 0.19159984588623047
3 0.8598052263259888 0.5496832728385925 0.03790626674890518 0.1043679267168045
3 0.6397826671600342 0.5341994762420654 0.026326846331357956 0.06687374413013458
3 0.986364483833313 0.5574154257774353 0.027098845690488815 0.1480327546596527
3 0.3479223847389221 0.5420199036598206 0.034963417798280716 0.09272775799036026
3 0.4354187846183777 0.5338696837425232 0.021113108843564987 0.06246528774499893
3 0.7569049596786499 0.5301231741905212 0.029016589745879173 0.06509523093700409
3 0.6085311770439148 0.5296602845191956 0.023015212267637253 0.055838871747255325
3 0.3870794177055359 0.5397514700889587 0.027655864134430885 0.08243656158447266
