1 0.33760184049606323 0.6203975677490234 0.23845338821411133 0.28548288345336914
1 0.1722462922334671 0.6872312426567078 0.34364229440689087 0.5562065839767456
1 0.8779403567314148 0.6786922216415405 0.24341502785682678 0.4480258524417877
1 0.4681577682495117 0.6006666421890259 0.11849260330200195 0.1392809897661209
1 0.7344481348991394 0.6215272545814514 0.20178470015525818 0.1979990005493164
1 0.6130101680755615 0.5996405482292175 0.0678643211722374 0.1022397056221962
1 0.5551126599311829 0.5831285715103149 0.03359336778521538 0.05147724226117134
1 0.5783883333206177 0.5861290097236633 0.04940385743975639 0.07318992912769318
1 0.6508499979972839 0.6087742447853088 0.08316802978515625 0.15140657126903534
1 0.5055585503578186 0.5881543755531311 0.04687490314245224 0.11193637549877167
