3 0.5309770703315735 0.6771641373634338 0.1977306306362152 0.5558692216873169
3 0.056610219180583954 0.6320687532424927 0.11277686059474945 0.4062582552433014
3 0.2820621430873871 0.627402663230896 0.09270024299621582 0.22413864731788635
3 0.41524797677993774 0.6149384379386902 0.051488302648067474 0.14309701323509216
3 0.8940533399581909 0.6189398169517517 0.06122245639562607 0.13168343901634216
3 0.16522040963172913 0.5987059473991394 0.06021308898925781 0.15449905395507812
3 0.9809533953666687 0.628217339515686 0.03788433223962784 0.156389519572258
3 0.22327014803886414 0.6090978384017944 0.05651383474469185 0.17457762360572815
3 0.11561344563961029 0.6096464395523071 0.036005496978759766 0.123216912150383
3 0.37638577818870544 0.6019374132156372 0.027863407507538795 0.08165931701660156
