3 0.7981308698654175 0.6295270919799805 0.24244952201843262 0.6582610607147217
3 0.24725055694580078 0.619011402130127 0.225873664021492 0.6283247470855713
3 0.5139152407646179 0.640758216381073 0.22409820556640625 0.5999998450279236
3 0.10842093080282211 0.6811440587043762 0.04713611677289009 0.15289306640625
3 0.023579338565468788 0.6845857501029968 0.04433688521385193 0.13806352019309998
3 0.06282879412174225 0.6806529760360718 0.05113554000854492 0.14504852890968323
3 0.6701211929321289 0.6798127293586731 0.0367557518184185 0.09685716778039932
3 0.6349300146102905 0.6797480583190918 0.0213438980281353 0.05684623867273331
3 0.35945215821266174 0.6838796138763428 0.02292046509683132 0.06717939674854279
3 0.9853302240371704 0.6839443445205688 0.029182052239775658 0.16104468703269958
3 0.7322782278060913 0.6921442747116089 0.016863441094756126 0.07205095142126083
