3 0.24835984408855438 0.5651711225509644 0.24187640845775604 0.730249285697937
3 0.9119504690170288 0.5504690408706665 0.16717319190502167 0.610124945640564
3 0.7907201647758484 0.5536734461784363 0.18901534378528595 0.581686794757843
3 0.546887218952179 0.6191261410713196 0.12505397200584412 0.3642351031303406
3 0.0721530094742775 0.6122092008590698 0.1436983346939087 0.4120461940765381
3 0.41976404190063477 0.6427873373031616 0.10577430576086044 0.29082584381103516
3 0.6756342053413391 0.634978175163269 0.07873030006885529 0.2105022370815277
3 0.6159611344337463 0.6289175748825073 0.05877361446619034 0.20382842421531677
3 0.494381844997406 0.6501290798187256 0.039290428161621094 0.17600774765014648
3 0.3464747369289398 0.6455783843994141 0.06366066634654999 0.17688341438770294
3 0.9727765917778015 0.5855435132980347 0.053971290588378906 0.41389933228492737
3 0.7059895396232605 0.6245636343955994 0.03972949832677841 0.15759554505348206
3 0.1357504278421402 0.6210774183273315 0.06832623481750488 0.323366641998291
