3 0.7980912923812866 0.6846727132797241 0.1525392085313797 0.43392619490623474
3 0.5397928357124329 0.6771541833877563 0.16833142936229706 0.47196540236473083
3 0.2745487689971924 0.680810809135437 0.1654142290353775 0.4709245562553406
3 0.9012333154678345 0.770220935344696 0.07683296501636505 0.21342849731445312
3 0.1118539348244667 0.7565023303031921 0.05903954431414604 0.1388900727033615
3 0.4151381850242615 0.7617522478103638 0.05031261593103409 0.1105768233537674
3 0.04700338467955589 0.7653055787086487 0.02989242598414421 0.0751221626996994
3 0.17729201912879944 0.7550380825996399 0.04644526168704033 0.14291076362133026
3 0.2204015702009201 0.756464958190918 0.04756193235516548 0.14370498061180115
3 0.985376238822937 0.7459053993225098 0.02912158891558647 0.21383270621299744
