3 0.06540312618017197 0.529611349105835 0.13035491108894348 0.49093788862228394
3 0.39989912509918213 0.639956533908844 0.3919198513031006 0.7188187837600708
3 0.7526086568832397 0.428300142288208 0.071685791015625 0.18170300126075745
3 0.5955456495285034 0.3941100537776947 0.04284029081463814 0.09867493808269501
3 0.1781764030456543 0.41423335671424866 0.04833846166729927 0.13134756684303284
3 0.1305416226387024 0.41042906045913696 0.05557677894830704 0.14018067717552185
3 0.2506273090839386 0.38525915145874023 0.0463983528316021 0.10720062255859375
3 0.2131105661392212 0.4029536843299866 0.039216089993715286 0.11853017657995224
3 0.6829195618629456 0.3983786702156067 0.03455648571252823 0.09355106204748154
3 0.09283075481653214 0.3600601851940155 0.0267053060233593 0.03962559625506401
3 0.636087954044342 0.39019960165023804 0.019199181348085403 0.07342109829187393
