3 0.4041537344455719 0.6165485978126526 0.3351896405220032 0.7651316523551941
3 0.7518692016601562 0.43239250779151917 0.08636131137609482 0.22686001658439636
3 0.048293113708496094 0.4739096760749817 0.09603600203990936 0.4245271682739258
3 0.21040105819702148 0.42149439454078674 0.0812654048204422 0.2296861708164215
3 0.6394972801208496 0.38598203659057617 0.04676361009478569 0.11907970905303955
3 0.5959635972976685 0.3925209641456604 0.04543914645910263 0.11151228100061417
3 0.6834220886230469 0.3877095580101013 0.04002942889928818 0.10143222659826279
3 0.2666265070438385 0.4017694592475891 0.06767034530639648 0.201878160238266
3 0.5510924458503723 0.3911201059818268 0.06136608123779297 0.11490461975336075
3 0.2693212628364563 0.37547069787979126 0.06190133094787598 0.1487400084733963
