3 0.2737773358821869 0.6741002798080444 0.19666308164596558 0.45008888840675354
3 0.7786822319030762 0.6195175051689148 0.15962663292884827 0.5285283923149109
3 0.5327984690666199 0.6516554355621338 0.19942303001880646 0.4618775248527527
3 0.07400258630514145 0.5343592762947083 0.05530340224504471 0.17745628952980042
3 0.02865990437567234 0.5412105917930603 0.05691366270184517 0.18869361281394958
3 0.69208824634552 0.5278353691101074 0.05091695860028267 0.15479382872581482
3 0.9340792894363403 0.5144278407096863 0.04427032545208931 0.10822077095508575
3 0.63881516456604 0.5179125070571899 0.04068899154663086 0.11045608669519424
3 0.8919520378112793 0.5030770301818848 0.03163890913128853 0.09171199798583984
3 0.9830290675163269 0.5211963057518005 0.03350505977869034 0.14866963028907776
