3 0.523865818977356 0.7032901048660278 0.11727647483348846 0.36869868636131287
3 0.6336292624473572 0.7177713513374329 0.1291077584028244 0.37974756956100464
3 0.2731556296348572 0.7135830521583557 0.13046713173389435 0.3447627127170563
3 0.885087788105011 0.7272788286209106 0.105829618871212 0.3156019151210785
3 0.17715229094028473 0.7146539092063904 0.10682757198810577 0.33026283979415894
3 0.7785668969154358 0.724734902381897 0.1206238716840744 0.3229060769081116
3 0.38353395462036133 0.7133994102478027 0.0948481559753418 0.342053085565567
3 0.9824212193489075 0.6464818716049194 0.03495941311120987 0.1243833526968956
3 0.10106264054775238 0.646758496761322 0.035716839134693146 0.0986960381269455
3 0.06550762057304382 0.6472012400627136 0.03416856750845909 0.09929418563842773
3 0.01768062636256218 0.6449623703956604 0.035100627690553665 0.10660143196582794
3 0.12851302325725555 0.6392491459846497 0.02579207345843315 0.07662411034107208
