3 0.295346200466156 0.6511634588241577 0.3589373826980591 0.6953216791152954
3 0.8056372404098511 0.6894558072090149 0.09878134727478027 0.25464993715286255
3 0.7355574369430542 0.6335230469703674 0.04303484037518501 0.11641063541173935
3 0.9012071490287781 0.6752596497535706 0.07990550994873047 0.21375246345996857
3 0.5696401000022888 0.6360326409339905 0.04161577299237251 0.11376915127038956
3 0.9814302325248718 0.6896874904632568 0.03692645952105522 0.24899950623512268
3 0.5088277459144592 0.6432480216026306 0.04325227811932564 0.12416915595531464
3 0.10961808264255524 0.6649235486984253 0.050612498074769974 0.1911863386631012
3 0.06422892212867737 0.6505328416824341 0.043570104986429214 0.13513001799583435
3 0.03067914769053459 0.668044924736023 0.060693491250276566 0.19399738311767578
3 0.8578420877456665 0.6349690556526184 0.04781284183263779 0.13636445999145508
3 0.6057908535003662 0.6136910319328308 0.029674435034394264 0.08103151619434357
3 0.6356512308120728 0.6118689179420471 0.02427997626364231 0.0689006820321083
3 0.6685054302215576 0.6164987087249756 0.026311207562685013 0.07494135200977325
3 0.6939364671707153 0.6045466065406799 0.02099914476275444 0.050286006182432175
