3 0.27408620715141296 0.6422411203384399 0.17073020339012146 0.5210056900978088
3 0.5365981459617615 0.6355913281440735 0.19815893471240997 0.5138330459594727
3 0.7713901996612549 0.6509200930595398 0.129736989736557 0.49758490920066833
3 0.8966509103775024 0.6525124311447144 0.04366664960980415 0.12762203812599182
3 0.016511017456650734 0.6432806253433228 0.0322621688246727 0.09529056400060654
3 0.10180725157260895 0.6406424641609192 0.031527113169431686 0.08150901645421982
3 0.40818968415260315 0.6413677930831909 0.04315204545855522 0.103349968791008
3 0.9819838404655457 0.6556212306022644 0.035225678235292435 0.12468738853931427
3 0.17584523558616638 0.64010089635849 0.0219633337110281 0.06238527223467827
3 0.05136644095182419 0.6455307602882385 0.02656078338623047 0.07656802982091904
3 0.14966624975204468 0.6393042802810669 0.025937939062714577 0.06870003044605255
