3 0.5279152989387512 0.6436749696731567 0.1888691931962967 0.4653623700141907
3 0.284923791885376 0.6377171277999878 0.16296415030956268 0.47332000732421875
3 0.785394012928009 0.6411232948303223 0.1701095551252365 0.46158280968666077
3 0.2025880515575409 0.5276251435279846 0.042275380343198776 0.15466603636741638
3 0.9805024862289429 0.5332834124565125 0.03877372667193413 0.16695261001586914
3 0.03855816647410393 0.5447803735733032 0.07656227052211761 0.22393998503684998
3 0.06825566291809082 0.5274482369422913 0.04282517358660698 0.15654221177101135
3 0.1080264002084732 0.5109920501708984 0.04635806009173393 0.1042848601937294
3 0.9359005093574524 0.5166651606559753 0.037718772888183594 0.10428409278392792
3 0.8875840902328491 0.5068674087524414 0.02070007286965847 0.07618312537670135
