3 0.7968353629112244 0.6476518511772156 0.17628201842308044 0.46849361062049866
3 0.5365074276924133 0.6520077586174011 0.17510776221752167 0.4761403501033783
3 0.2769199013710022 0.6647787690162659 0.2048746645450592 0.44540682435035706
3 0.9880551099777222 0.5044249296188354 0.023591041564941406 0.11066541820764542
3 0.020964225754141808 0.5199929475784302 0.04166596382856369 0.12482929229736328
3 0.6419351100921631 0.5027150511741638 0.0290361400693655 0.07001399993896484
3 0.9340740442276001 0.5018102526664734 0.03821239620447159 0.0908225029706955
3 0.9654804468154907 0.5036800503730774 0.02663269080221653 0.08344908058643341
3 0.8885222673416138 0.4960053861141205 0.024207305163145065 0.0752631202340126
3 0.17341184616088867 0.4952932894229889 0.01949918270111084 0.06835193932056427
3 0.08087850362062454 0.49796000123023987 0.03163691610097885 0.07663039863109589
