3 0.37660256028175354 0.7745746374130249 0.25220879912376404 0.44932252168655396
3 0.5923397541046143 0.7985374331474304 0.21445569396018982 0.40166354179382324
3 0.12233927100896835 0.7317173480987549 0.24404454231262207 0.5344605445861816
3 0.27422672510147095 0.760346531867981 0.12062597274780273 0.4735032916069031
3 0.8762463331222534 0.7740545272827148 0.2468458116054535 0.4500013291835785
3 0.4640006422996521 0.6164612770080566 0.08190298080444336 0.1964220106601715
3 0.8045633435249329 0.7478271722793579 0.21281810104846954 0.36434096097946167
3 0.6293401122093201 0.6045095920562744 0.11788149178028107 0.24605293571949005
3 0.9636747241020203 0.5097576379776001 0.040026284754276276 0.07076368480920792
3 0.9802693128585815 0.525422215461731 0.0392644889652729 0.07445573806762695
3 0.3137189447879791 0.545599102973938 0.04786939546465874 0.1130596175789833
3 0.37537768483161926 0.518576979637146 0.05938992649316788 0.06418056786060333
3 0.5310792326927185 0.627591609954834 0.08801726996898651 0.24633245170116425
3 0.3568296730518341 0.5543290376663208 0.05138268321752548 0.059027958661317825
3 0.4303978979587555 0.5232570767402649 0.059505462646484375 0.06565332412719727
3 0.1920906901359558 0.6252084970474243 0.05450885370373726 0.05211582034826279
3 0.18267948925495148 0.7394822239875793 0.1316053867340088 0.2809392511844635
3 0.9205206632614136 0.507628321647644 0.031946372240781784 0.031228352338075638
3 0.23067393898963928 0.5283938646316528 0.05792546272277832 0.09481801837682724
