3 0.5376723408699036 0.6639381647109985 0.13085460662841797 0.44679737091064453
3 0.27136102318763733 0.6920566558837891 0.1277213990688324 0.34446677565574646
3 0.4053288400173187 0.645634114742279 0.0434003584086895 0.1355324685573578
3 0.3602878451347351 0.6406669020652771 0.04898066446185112 0.15051011741161346
3 0.8622878789901733 0.6531055569648743 0.06854248046875 0.16146059334278107
3 0.9816406965255737 0.6668273210525513 0.03644981235265732 0.2020861655473709
3 0.7911797761917114 0.6575552821159363 0.03619346767663956 0.10493192821741104
3 0.4436841607093811 0.6239750981330872 0.018723011016845703 0.06285276263952255
3 0.6365585327148438 0.6390150785446167 0.02697591856122017 0.08781357109546661
3 0.733557939529419 0.6449234485626221 0.034711550921201706 0.08669205009937286
