3 0.5363126397132874 0.6637821197509766 0.18243923783302307 0.4988754391670227
3 0.21903684735298157 0.6983814239501953 0.1873302459716797 0.4460277557373047
3 0.9357987642288208 0.7309538722038269 0.1279987394809723 0.5352373719215393
3 0.31895551085472107 0.6566089391708374 0.1464916169643402 0.3388267457485199
3 0.3927507698535919 0.6428232192993164 0.10402665287256241 0.2833290100097656
3 0.8644174337387085 0.6644328236579895 0.22834987938404083 0.37705159187316895
3 0.09557255357503891 0.7152522802352905 0.18992726504802704 0.5673009753227234
3 0.8215721845626831 0.6742658615112305 0.14618296921253204 0.357936292886734
3 0.7568076252937317 0.6353119611740112 0.10921025276184082 0.24436445534229279
3 0.4459686875343323 0.547650158405304 0.026499653235077858 0.04102335125207901
3 0.14835557341575623 0.6962692141532898 0.13532942533493042 0.43211713433265686
