3 0.38468798995018005 0.7670981287956238 0.12755413353443146 0.42512816190719604
3 0.6272328495979309 0.6585966348648071 0.07129602134227753 0.23226729035377502
3 0.2566494047641754 0.729735255241394 0.14385142922401428 0.39749884605407715
3 0.1766241043806076 0.6764928698539734 0.09209971129894257 0.27453479170799255
3 0.5430269241333008 0.6835628747940063 0.112187959253788 0.33748936653137207
3 0.7899125814437866 0.7476159334182739 0.13609734177589417 0.37124934792518616
3 0.6865597367286682 0.6566681265830994 0.05714254453778267 0.2062198668718338
3 0.7374715209007263 0.647363543510437 0.05703401565551758 0.1806846559047699
3 0.8589943051338196 0.630955159664154 0.07420482486486435 0.14649315178394318
3 0.45748433470726013 0.6464568972587585 0.05962791293859482 0.1818552017211914
3 0.5917420983314514 0.6282187700271606 0.04421348497271538 0.1815415322780609
3 0.2929341495037079 0.5763511061668396 0.03142910078167915 0.06248531490564346
3 0.324721097946167 0.6131722927093506 0.035120297223329544 0.11784162372350693
3 0.21788807213306427 0.5700181722640991 0.025942277163267136 0.05436410754919052
3 0.49606791138648987 0.6350528001785278 0.035323143005371094 0.17108134925365448
3 0.23392024636268616 0.5669478178024292 0.018785715103149414 0.05827484279870987
3 0.42081934213638306 0.5890060067176819 0.027910327538847923 0.07288074493408203
