3 0.3882361054420471 0.7128307819366455 0.18248824775218964 0.4511191248893738
3 0.5484828948974609 0.7094389796257019 0.17439326643943787 0.4674479067325592
3 0.26114538311958313 0.6904355883598328 0.13254165649414062 0.40299639105796814
3 0.14756551384925842 0.6457637548446655 0.11569495499134064 0.3119460642337799
3 0.03771942853927612 0.6549955606460571 0.07505699247121811 0.30105480551719666
3 0.9750086069107056 0.6642767786979675 0.04964504390954971 0.3409711718559265
3 0.8895495533943176 0.648780345916748 0.13400879502296448 0.35161131620407104
3 0.6592187881469727 0.6331488490104675 0.08328171074390411 0.26180410385131836
3 0.7756414413452148 0.6413013935089111 0.10654239356517792 0.25713682174682617
3 0.8234170079231262 0.6259559392929077 0.03687744215130806 0.19522161781787872
