3 0.5363603830337524 0.6799001693725586 0.17928847670555115 0.5027128458023071
3 0.8851502537727356 0.6670200228691101 0.12131690979003906 0.34370383620262146
3 0.06471853703260422 0.6814139485359192 0.1287330538034439 0.4084722101688385
3 0.26423874497413635 0.6674935817718506 0.11449103057384491 0.3212418556213379
3 0.7763257026672363 0.6441848874092102 0.10333915054798126 0.2640113830566406
3 0.9813119173049927 0.6260953545570374 0.036965180188417435 0.1623826026916504
3 0.16571931540966034 0.6275468468666077 0.07888270914554596 0.21085023880004883
3 0.3520231544971466 0.6206693649291992 0.06154336780309677 0.17991113662719727
3 0.40897831320762634 0.6178393959999084 0.06483013927936554 0.16680660843849182
3 0.666447103023529 0.6009054780006409 0.035027313977479935 0.10921859741210938
3 0.690514862537384 0.5937958359718323 0.023098373785614967 0.08473644405603409
