3 0.5301218628883362 0.6147178411483765 0.1409611701965332 0.37477320432662964
3 0.3408215045928955 0.6121746301651001 0.28582489490509033 0.7734315991401672
3 0.9031832814216614 0.6057478785514832 0.11617889255285263 0.3829215168952942
3 0.6296176314353943 0.5778456330299377 0.06960801780223846 0.19459828734397888
3 0.9759808778762817 0.6152368783950806 0.04784221574664116 0.33697566390037537
3 0.11386936902999878 0.5483470559120178 0.049286603927612305 0.19175128638744354
3 0.15172028541564941 0.49768996238708496 0.08803796768188477 0.13803653419017792
3 0.6947270035743713 0.5562512874603271 0.03903207927942276 0.12662915885448456
3 0.7621134519577026 0.559564471244812 0.07168436050415039 0.14819136261940002
3 0.15218020975589752 0.535519540309906 0.0902639627456665 0.21342936158180237
