3 0.5320218801498413 0.6586852073669434 0.14122410118579865 0.42041459679603577
3 0.27407875657081604 0.6905058026313782 0.1267547607421875 0.3371012210845947
3 0.8891838192939758 0.6830447912216187 0.12033557891845703 0.3475372791290283
3 0.027678608894348145 0.6777567863464355 0.05506923049688339 0.2755827009677887
3 0.9813283681869507 0.6733298301696777 0.03704414516687393 0.21292170882225037
3 0.4108630120754242 0.67549729347229 0.04928550869226456 0.15206260979175568
3 0.025070171803236008 0.2933749258518219 0.049941908568143845 0.17958278954029083
3 0.7657942771911621 0.6720578074455261 0.06335926055908203 0.1642635315656662
3 0.35561978816986084 0.6751850247383118 0.03921837732195854 0.128742977976799
3 0.6692163348197937 0.661495566368103 0.041762255132198334 0.1287066489458084
3 0.8229767084121704 0.658484160900116 0.03075733222067356 0.10776691138744354
3 0.6313192844390869 0.6588762998580933 0.03600158542394638 0.1246827095746994
3 0.10199787467718124 0.6424545049667358 0.04196004942059517 0.08186588436365128
3 0.46710437536239624 0.6807299256324768 0.036893367767333984 0.1186128631234169
3 0.1880890429019928 0.6401276588439941 0.052129458636045456 0.10248212516307831
3 0.7278498411178589 0.654540479183197 0.02817974053323269 0.0949370414018631
3 0.95875084400177 0.6420904397964478 0.03574962541460991 0.12313871085643768
3 0.5989198684692383 0.6614473462104797 0.04341583326458931 0.10309533774852753
3 0.06376844644546509 0.6455016732215881 0.029756661504507065 0.07665739208459854
