3 0.26711079478263855 0.761083722114563 0.12293429672718048 0.336059033870697
3 0.7889730930328369 0.7582544088363647 0.12419214099645615 0.32214999198913574
3 0.3913750648498535 0.7759946584701538 0.14500275254249573 0.4077676832675934
3 0.6852944493293762 0.6836060285568237 0.06250400841236115 0.15788555145263672
3 0.8894935846328735 0.6868519186973572 0.04152641445398331 0.05812082439661026
3 0.5392638444900513 0.6967718601226807 0.07269439846277237 0.1806129515171051
3 0.4668142795562744 0.6965034604072571 0.07603760063648224 0.1933104544878006
3 0.9472668766975403 0.6855331659317017 0.08009453117847443 0.06922054290771484
3 0.1966627538204193 0.6555688381195068 0.03412989526987076 0.05758657306432724
3 0.5944914221763611 0.6679972410202026 0.05062980577349663 0.12819203734397888
3 0.23103013634681702 0.6413694024085999 0.04045829921960831 0.05643415451049805
