3 0.25018131732940674 0.5660891532897949 0.23103293776512146 0.6369994878768921
3 0.5268133282661438 0.6308015584945679 0.21488675475120544 0.5175323486328125
3 0.7680948376655579 0.6052911877632141 0.23607707023620605 0.5569129586219788
3 0.9116781949996948 0.591338574886322 0.10932083427906036 0.34057626128196716
3 0.046450693160295486 0.5780798196792603 0.09223900735378265 0.3256044387817383
3 0.10649289190769196 0.5813349485397339 0.04981036111712456 0.14316825568675995
3 0.6450272798538208 0.5851574540138245 0.05157413333654404 0.1713777482509613
3 0.15997664630413055 0.5923075675964355 0.04537179321050644 0.15111589431762695
3 0.41137823462486267 0.5924480557441711 0.04329993575811386 0.1489245444536209
3 0.9805597066879272 0.5980337262153625 0.03861942142248154 0.30205726623535156
3 0.8583853840827942 0.621711015701294 0.03170929104089737 0.19202680885791779
