3 0.4000951647758484 0.5940806865692139 0.28512391448020935 0.6990290880203247
3 0.03404218703508377 0.5138247013092041 0.06753911077976227 0.21379175782203674
3 0.7572981119155884 0.4949480891227722 0.024723147973418236 0.07316569983959198
3 0.215214803814888 0.501833975315094 0.04282746464014053 0.11158256232738495
3 0.1700868159532547 0.4859633445739746 0.026536107063293457 0.08519573509693146
3 0.8535922765731812 0.5056731700897217 0.03366966173052788 0.07643795013427734
3 0.794963538646698 0.49017786979675293 0.023810911923646927 0.06330118328332901
3 0.5562704801559448 0.49285611510276794 0.03847761079668999 0.08658065646886826
3 0.9432998895645142 0.4987846910953522 0.020224571228027344 0.05323944240808487
3 0.6389243006706238 0.48988738656044006 0.021051788702607155 0.04989271238446236
3 0.6932013630867004 0.48394089937210083 0.01874227449297905 0.043961428105831146
3 0.9818757772445679 0.5113356709480286 0.035706520080566406 0.17605915665626526
3 0.23903870582580566 0.48198309540748596 0.017787838354706764 0.053609561175107956
