3 0.49573931097984314 0.6370820999145508 0.2129126787185669 0.5850366353988647
3 0.9760296940803528 0.6433506608009338 0.04764289781451225 0.19129295647144318
3 0.900985598564148 0.6378300189971924 0.05591144412755966 0.16424283385276794
3 0.8425084948539734 0.6294354200363159 0.06094513088464737 0.16452531516551971
3 0.34932583570480347 0.6193128824234009 0.028022289276123047 0.09472503513097763
3 0.6932510733604431 0.6158568859100342 0.01772279664874077 0.04918728023767471
3 0.7824342846870422 0.6313736438751221 0.03961925581097603 0.11278219521045685
3 0.8105911016464233 0.623203456401825 0.032910965383052826 0.12580032646656036
3 0.37063345313072205 0.6210052967071533 0.026844214648008347 0.08417586982250214
3 0.738487958908081 0.6292994618415833 0.040166281163692474 0.10494737327098846
