3 0.2414575070142746 0.6943151354789734 0.32867348194122314 0.6087383031845093
3 0.888187050819397 0.7198219299316406 0.09495601803064346 0.2776172161102295
3 0.40792638063430786 0.697824239730835 0.04372758790850639 0.11334476619958878
3 0.7865755558013916 0.7037871479988098 0.06555414199829102 0.16184024512767792
3 0.6700552105903625 0.6825031638145447 0.034465789794921875 0.09668417274951935
3 0.9845296740531921 0.6978017687797546 0.030530357733368874 0.14068421721458435
3 0.5635994076728821 0.6810266375541687 0.029367636889219284 0.08658027648925781
3 0.6117272973060608 0.6793512105941772 0.029387664049863815 0.07535572350025177
3 0.5345268845558167 0.684799313545227 0.023786544799804688 0.08289174735546112
3 0.6365625262260437 0.6780279278755188 0.021076202392578125 0.05751953274011612
3 0.5027896165847778 0.6870368123054504 0.03366794437170029 0.10155925899744034
3 0.8270456194877625 0.6954948306083679 0.035002898424863815 0.1278156340122223
