3 0.26986536383628845 0.7030275464057922 0.13144759833812714 0.3756679892539978
3 0.41460973024368286 0.723544716835022 0.18885107338428497 0.5513591766357422
3 0.9721962213516235 0.6568752527236938 0.05521278455853462 0.2414778769016266
3 0.5410246253013611 0.683526873588562 0.1009795218706131 0.33065325021743774
3 0.8562191128730774 0.6446779370307922 0.048686981201171875 0.15387114882469177
3 0.6651055812835693 0.6506331562995911 0.05544548109173775 0.14823321998119354
3 0.7330943942070007 0.6441915035247803 0.03187818452715874 0.12988977134227753
3 0.604909360408783 0.6404197812080383 0.031894586980342865 0.11312246322631836
3 0.695196807384491 0.644235372543335 0.030043888837099075 0.10944356769323349
3 0.7894439697265625 0.6419773101806641 0.03238258510828018 0.13806791603565216
3 0.8218585848808289 0.6485822200775146 0.033411599695682526 0.12317867577075958
3 0.6314693689346313 0.6439167261123657 0.033530332148075104 0.11783905327320099
3 0.31101998686790466 0.6207504272460938 0.04638347774744034 0.14877119660377502
