3 0.2599261403083801 0.6458942890167236 0.2111118733882904 0.5431309938430786
3 0.5316821932792664 0.6672003865242004 0.21046742796897888 0.5126954913139343
3 0.7712043523788452 0.6273257732391357 0.20548725128173828 0.5515990257263184
3 0.03251687437295914 0.6235403418540955 0.0648920089006424 0.3545452952384949
3 0.914076030254364 0.6142978072166443 0.09998855739831924 0.3782048225402832
3 0.40832796692848206 0.6222036480903625 0.05718355253338814 0.146388441324234
3 0.1137576550245285 0.6047005653381348 0.04677024483680725 0.14556512236595154
3 0.9797240495681763 0.6171930432319641 0.04020500183105469 0.3392753601074219
3 0.3549109399318695 0.6383081078529358 0.05267186090350151 0.13536004722118378
3 0.16404125094413757 0.6217281222343445 0.06102869659662247 0.16239795088768005
3 0.6731696724891663 0.6148223876953125 0.0459783561527729 0.16944094002246857
