3 0.5545023679733276 0.619914710521698 0.18940849602222443 0.5938133001327515
3 0.23552079498767853 0.5701237320899963 0.19180822372436523 0.65052330493927
3 0.7533270716667175 0.4669463038444519 0.05435647815465927 0.16030645370483398
3 0.39236006140708923 0.5861679911613464 0.23181657493114471 0.6588121056556702
3 0.9420634508132935 0.46751728653907776 0.04648552089929581 0.1391180008649826
3 0.9897319078445435 0.4828784465789795 0.020436858758330345 0.12296781688928604
3 0.6894028186798096 0.45226138830184937 0.031095314770936966 0.08106307685375214
3 0.9024268388748169 0.46332845091819763 0.037970732897520065 0.11807756125926971
3 0.6602135300636292 0.44526633620262146 0.029391098767518997 0.07411690056324005
3 0.6356305480003357 0.4859069287776947 0.02848844602704048 0.12512902915477753
