3 0.8131647109985352 0.6640508770942688 0.1833927184343338 0.43401598930358887
3 0.2864767611026764 0.6561242938041687 0.18475070595741272 0.4584999680519104
3 0.5375689268112183 0.6637638807296753 0.18230733275413513 0.48494452238082886
3 0.02035406231880188 0.5453011393547058 0.04062362760305405 0.16934451460838318
3 0.2231200486421585 0.49466007947921753 0.03608288615942001 0.062215231359004974
3 0.9430989027023315 0.5006617903709412 0.01925945281982422 0.0483851432800293
3 0.9880267977714539 0.5052194595336914 0.02353343926370144 0.059929657727479935
3 0.06726507097482681 0.51025390625 0.034616805613040924 0.09700584411621094
3 0.19605644047260284 0.5094988942146301 0.028744827955961227 0.08009567111730576
3 0.6391885876655579 0.5087924599647522 0.028782939538359642 0.07424898445606232
3 0.7603086829185486 0.5002812147140503 0.017743205651640892 0.03548421710729599
