3 0.8129516839981079 0.6608685255050659 0.18305230140686035 0.4399073123931885
3 0.2817947566509247 0.6365975141525269 0.19403566420078278 0.49295973777770996
3 0.5381486415863037 0.6584504246711731 0.1850932091474533 0.49293574690818787
3 0.6396966576576233 0.5191085338592529 0.03329772874712944 0.09681721031665802
3 0.07034292817115784 0.5151545405387878 0.03979630395770073 0.10160341113805771
3 0.19704285264015198 0.5119979977607727 0.03039037063717842 0.08602609485387802
3 0.016291271895170212 0.5206055045127869 0.03253358602523804 0.12518826127052307
3 0.986894965171814 0.5459417104721069 0.02578887902200222 0.14493951201438904
3 0.9437372088432312 0.5029904842376709 0.017214393243193626 0.04193153232336044
3 0.7583580613136292 0.5000595450401306 0.02312622033059597 0.04557619243860245
