3 0.29913923144340515 0.649772047996521 0.25545534491539 0.4633968472480774
3 0.5124645233154297 0.6650934815406799 0.24124868214130402 0.4503563940525055
3 0.6349956393241882 0.5403516292572021 0.07591104507446289 0.21752366423606873
3 0.9287559390068054 0.5041720271110535 0.06035041809082031 0.1554427146911621
3 0.02076420933008194 0.5252924561500549 0.04125189408659935 0.19351530075073242
3 0.06751231849193573 0.5263227224349976 0.05885041877627373 0.1681136190891266
3 0.7984834909439087 0.6325452923774719 0.15140052139759064 0.3950948715209961
3 0.9624168276786804 0.49865180253982544 0.03257179260253906 0.11708297580480576
3 0.8641606569290161 0.5090183019638062 0.0679536834359169 0.14881524443626404
3 0.8848158121109009 0.5146667957305908 0.028110694140195847 0.12961426377296448
3 0.7558362483978271 0.48485317826271057 0.0425051674246788 0.09963817894458771
3 0.9864941835403442 0.5095224380493164 0.026635359972715378 0.13431024551391602
