3 0.27076295018196106 0.6486473679542542 0.14915123581886292 0.45681867003440857
3 0.794718861579895 0.6620795130729675 0.1597713977098465 0.43842658400535583
3 0.5290435552597046 0.646909773349762 0.15555457770824432 0.4338301718235016
3 0.7348073124885559 0.2698911130428314 0.023082638159394264 0.07271895557641983
3 0.44606199860572815 0.6284838914871216 0.010747527703642845 0.024442005902528763
3 0.710026204586029 0.2694075107574463 0.027823353186249733 0.06447277218103409
3 0.7712040543556213 0.295159250497818 0.029587458819150925 0.04026393964886665
3 0.922514796257019 0.3383890390396118 0.021819686517119408 0.05326356738805771
3 0.9018141031265259 0.33472442626953125 0.018440818414092064 0.04157371446490288
3 0.4383229613304138 0.20617444813251495 0.04777507856488228 0.08413448184728622
3 0.6879674196243286 0.26925086975097656 0.016518782824277878 0.04748392105102539
