3 0.4258047044277191 0.64231938123703 0.20904970169067383 0.6691057085990906
3 0.23026339709758759 0.5879541635513306 0.26442140340805054 0.7605713605880737
3 0.9765595197677612 0.6456692218780518 0.04647178575396538 0.23609991371631622
3 0.5737466812133789 0.757282555103302 0.14957742393016815 0.456752210855484
3 0.8526502847671509 0.6543495655059814 0.07880687713623047 0.21201296150684357
3 0.030352115631103516 0.6253418326377869 0.06025226041674614 0.21592816710472107
3 0.1514796018600464 0.6344221234321594 0.03524384647607803 0.12438049167394638
3 0.7895725965499878 0.6667981147766113 0.059319160878658295 0.1838652640581131
3 0.7374354600906372 0.6515555381774902 0.07372989505529404 0.1874232292175293
3 0.05520634725689888 0.6423951387405396 0.03900878503918648 0.1084921807050705
