3 0.5399110913276672 0.666294515132904 0.1874937117099762 0.5083813667297363
3 0.8183329701423645 0.6760811805725098 0.19656987488269806 0.5100457668304443
3 0.2778959274291992 0.6528931856155396 0.20216993987560272 0.5254571437835693
3 0.0706106573343277 0.5279040932655334 0.061583589762449265 0.15603943169116974
3 0.021752923727035522 0.533372700214386 0.0433715358376503 0.17431068420410156
3 0.986370861530304 0.5056422352790833 0.026988793164491653 0.11427955329418182
3 0.9318541288375854 0.5131765007972717 0.047858428210020065 0.11343240737915039
3 0.9614790678024292 0.5040836334228516 0.029627609997987747 0.10495519638061523
3 0.6415963768959045 0.506212592124939 0.03337116166949272 0.08508434146642685
3 0.1577141284942627 0.5093947649002075 0.03735659271478653 0.10731010138988495
3 0.19594720005989075 0.49797573685646057 0.02785653993487358 0.05890369415283203
3 0.7566651701927185 0.4891633093357086 0.025516699999570847 0.04745006561279297
3 0.6177378296852112 0.4722837507724762 0.03396205976605415 0.04826765134930611
3 0.12508535385131836 0.5018832683563232 0.03133855015039444 0.06778669357299805
3 0.8869560956954956 0.49682801961898804 0.024865340441465378 0.06051130220293999
3 0.8654748201370239 0.4855981767177582 0.022786712273955345 0.029368113726377487
3 0.6731106042861938 0.4856719374656677 0.025155354291200638 0.06371326744556427
