3 0.532631516456604 0.536451518535614 0.18029479682445526 0.5130523443222046
3 0.22052331268787384 0.4290796220302582 0.08640570938587189 0.2115555703639984
3 0.3131154775619507 0.4485945701599121 0.09377975761890411 0.25121742486953735
3 0.7425388693809509 0.40397509932518005 0.06705303490161896 0.1823425590991974
3 0.7931568026542664 0.411196768283844 0.052179716527462006 0.15949270129203796
3 0.6760410070419312 0.3926946222782135 0.04403648525476456 0.13610820472240448
3 0.6334943771362305 0.3976198136806488 0.05271320417523384 0.14259767532348633
3 0.36024489998817444 0.3925662934780121 0.0429265983402729 0.1250646561384201
3 0.2693982422351837 0.4079006314277649 0.03953595086932182 0.14378622174263
3 0.4346458315849304 0.38379818201065063 0.03135328367352486 0.08402013778686523
3 0.24709537625312805 0.4044249653816223 0.02968907356262207 0.13665743172168732
