3 0.5828800201416016 0.6159858107566833 0.26446741819381714 0.7322115898132324
3 0.9164952039718628 0.6123185753822327 0.14867611229419708 0.37224262952804565
3 0.2673869729042053 0.6266748309135437 0.16954584419727325 0.6842069625854492
3 0.392078161239624 0.6129269599914551 0.2268388718366623 0.7181555032730103
3 0.05900367349386215 0.6406166553497314 0.11755795776844025 0.3805455267429352
3 0.7824678421020508 0.6037702560424805 0.08759994804859161 0.23083248734474182
3 0.16682712733745575 0.5900862216949463 0.06410875171422958 0.17302122712135315
3 0.8484485745429993 0.5979793667793274 0.047512054443359375 0.17033997178077698
3 0.6461606025695801 0.7029871344566345 0.13398495316505432 0.5143381953239441
3 0.9789153337478638 0.620822012424469 0.042054176330566406 0.3475654721260071
3 0.7305288314819336 0.5897008776664734 0.04481248930096626 0.1222740188241005
