3 0.2740580439567566 0.5700942873954773 0.09616442024707794 0.2756923735141754
3 0.5196956396102905 0.623751163482666 0.16593703627586365 0.4938100278377533
3 0.05529642105102539 0.6156852841377258 0.1097743958234787 0.4026779234409332
3 0.15377143025398254 0.5461066961288452 0.0713609904050827 0.2043922394514084
3 0.38375091552734375 0.5179685950279236 0.04137992858886719 0.10596571117639542
3 0.6908518075942993 0.509872555732727 0.026220321655273438 0.08636188507080078
3 0.10800764709711075 0.5494449734687805 0.05505147576332092 0.19255027174949646
3 0.642595112323761 0.5088344216346741 0.03269042819738388 0.09668455272912979
3 0.9824885129928589 0.5718789100646973 0.0347658172249794 0.2499074935913086
3 0.7540416717529297 0.5078673958778381 0.030464936047792435 0.07738542556762695
3 0.3529757857322693 0.5091294646263123 0.026023482903838158 0.08681736141443253
3 0.6089407205581665 0.5081973671913147 0.03203439712524414 0.08426046371459961
3 0.907618522644043 0.587548553943634 0.12142200767993927 0.3269241452217102
3 0.22209259867668152 0.5214866995811462 0.04365820810198784 0.14110365509986877
