3 0.2523370087146759 0.6823534369468689 0.19384627044200897 0.44793349504470825
3 0.5313755869865417 0.6705234050750732 0.19691476225852966 0.49915188550949097
3 0.7885597348213196 0.6652207374572754 0.17769674956798553 0.5069699883460999
3 0.07294993102550507 0.5355710983276367 0.053745947778224945 0.17815503478050232
3 0.028075402602553368 0.5540398955345154 0.05579711124300957 0.2110672891139984
3 0.9805589914321899 0.5317396521568298 0.038823701441287994 0.1702633798122406
3 0.936130702495575 0.5136052370071411 0.03888645023107529 0.1034550666809082
3 0.6342703104019165 0.5112002491950989 0.04866590350866318 0.116864874958992
3 0.8869312405586243 0.5122888088226318 0.02347278594970703 0.09524021297693253
3 0.35474732518196106 0.5059099197387695 0.0332854762673378 0.10171337425708771
3 0.6890369057655334 0.510212779045105 0.0424625389277935 0.11135949939489365
