3 0.5325454473495483 0.5975534915924072 0.13595524430274963 0.40330973267555237
3 0.8582407236099243 0.5360641479492188 0.04052257537841797 0.13186368346214294
3 0.28697627782821655 0.5492419004440308 0.07959003746509552 0.19821615517139435
3 0.22612161934375763 0.5260012745857239 0.047110795974731445 0.12027673423290253
3 0.9801424145698547 0.5331794619560242 0.039641570299863815 0.16835317015647888
3 0.05657673999667168 0.5962677001953125 0.11265461146831512 0.3628217577934265
3 0.11019928753376007 0.5336954593658447 0.05246107652783394 0.15653657913208008
3 0.7608596086502075 0.5236161351203918 0.030858993530273438 0.08127574622631073
3 0.39008253812789917 0.5213607549667358 0.030670166015625 0.08244714885950089
3 0.6450802683830261 0.5201070308685303 0.0223541259765625 0.05887918546795845
3 0.35911327600479126 0.5265882015228271 0.03398771211504936 0.09673281013965607
3 0.3395780324935913 0.5181170105934143 0.031683921813964844 0.09071139991283417
