3 0.40197882056236267 0.6054365634918213 0.30220553278923035 0.7867013216018677
3 0.9107726812362671 0.6023560762405396 0.12857703864574432 0.3536754548549652
3 0.060893941670656204 0.6143653392791748 0.1209651455283165 0.3881716728210449
3 0.5493929982185364 0.6098122596740723 0.10339927673339844 0.28268298506736755
3 0.7895076274871826 0.5941365957260132 0.04686479642987251 0.13447017967700958
3 0.21278107166290283 0.5383116006851196 0.07282428443431854 0.1049131378531456
3 0.2812134623527527 0.6154636144638062 0.053414009511470795 0.20336799323558807
3 0.7368214726448059 0.5768373012542725 0.04278230667114258 0.09722213447093964
3 0.2128593921661377 0.5914289951324463 0.07350416481494904 0.2106492966413498
3 0.6349116563796997 0.5802974104881287 0.02536153793334961 0.08103742450475693
3 0.666681170463562 0.5783515572547913 0.024581432342529297 0.07195176929235458
3 0.6122313737869263 0.5731419920921326 0.0223828312009573 0.066850945353508
