3 0.5335883498191833 0.6301872730255127 0.18178892135620117 0.4939175546169281
3 0.27696260809898376 0.6315289735794067 0.18037767708301544 0.4888046383857727
3 0.9043580889701843 0.6362671852111816 0.1021970734000206 0.2491750717163086
3 0.9752205014228821 0.6471554040908813 0.0493505485355854 0.23537540435791016
3 0.8462309837341309 0.6216602921485901 0.059885215014219284 0.18624429404735565
3 0.18288461863994598 0.6071196794509888 0.045104168355464935 0.16772861778736115
3 0.7848641872406006 0.6154727339744568 0.06856050342321396 0.1748289167881012
3 0.031602922827005386 0.6124010682106018 0.06265506148338318 0.20139332115650177
3 0.1057034581899643 0.6071368455886841 0.050418853759765625 0.1314549446105957
3 0.15456901490688324 0.6026999354362488 0.03754589706659317 0.14056912064552307
3 0.06847389787435532 0.6062528491020203 0.04001154750585556 0.1333303451538086
3 0.637727677822113 0.5959058403968811 0.032027244567871094 0.10687847435474396
3 0.3626416027545929 0.6024091243743896 0.057572461664676666 0.14349766075611115
3 0.7363681197166443 0.5972545742988586 0.03869743272662163 0.11324815452098846
3 0.043347593396902084 0.6071970462799072 0.04032256081700325 0.1909995973110199
