3 0.551996111869812 0.715061366558075 0.1921418160200119 0.5469756722450256
3 0.24707727134227753 0.7406547665596008 0.12297564744949341 0.4061291217803955
3 0.7854678630828857 0.7720454335212708 0.14619913697242737 0.3463898301124573
3 0.1180356964468956 0.7632795572280884 0.07305322587490082 0.2141312062740326
3 0.1854456216096878 0.7848707437515259 0.0536128506064415 0.17161870002746582
3 0.8969769477844238 0.7793773412704468 0.08963795006275177 0.22378960251808167
3 0.4223380982875824 0.7751057744026184 0.07031669467687607 0.1926751583814621
3 0.9705749750137329 0.7894049882888794 0.04504432529211044 0.11600270122289658
3 0.011525895446538925 0.8256503939628601 0.02280685491859913 0.09598159790039062
3 0.8380711674690247 0.7681280970573425 0.045348357409238815 0.22544054687023163
3 0.4853360056877136 0.7875992059707642 0.03453464433550835 0.1107780933380127
3 0.6719516515731812 0.784999668598175 0.03748741000890732 0.11754269897937775
3 0.4576418399810791 0.7851967811584473 0.030807876959443092 0.11340270191431046
3 0.3640492558479309 0.7930431962013245 0.03682837635278702 0.10987424850463867
3 0.344708114862442 0.7806276082992554 0.0395081527531147 0.12064852565526962
