3 0.5301485657691956 0.6149343252182007 0.1453969031572342 0.38382092118263245
3 0.1562798023223877 0.5302790403366089 0.06219146400690079 0.1585109680891037
3 0.9796689748764038 0.5724701881408691 0.04019889980554581 0.2521381378173828
3 0.02740362659096718 0.5389777421951294 0.054340869188308716 0.17803916335105896
3 0.2282729595899582 0.5280883312225342 0.0502685084939003 0.13046054542064667
3 0.7605746388435364 0.5336321592330933 0.030333423987030983 0.09348277747631073
3 0.6436856985092163 0.5244377851486206 0.021759415045380592 0.0674034133553505
3 0.6076620221138 0.5190230011940002 0.027101803570985794 0.07723216712474823
3 0.8568483591079712 0.5450589656829834 0.040654562413692474 0.1311330795288086
3 0.271483451128006 0.5321653485298157 0.048150014132261276 0.14401188492774963
3 0.3106238842010498 0.534956157207489 0.042269516736269 0.13558968901634216
3 0.9430323839187622 0.529579758644104 0.02679920196533203 0.11083364486694336
3 0.88611900806427 0.5215165019035339 0.023421477526426315 0.0883093848824501
