3 0.509370744228363 0.6644836664199829 0.23035764694213867 0.6093515157699585
3 0.23847465217113495 0.6307710409164429 0.24497051537036896 0.6463783979415894
3 0.8001052141189575 0.6674656867980957 0.22514434158802032 0.6051691770553589
3 0.9708706140518188 0.6291707158088684 0.05799712985754013 0.2835454046726227
3 0.6471032500267029 0.6184317469596863 0.08309908211231232 0.23704977333545685
3 0.4058090150356293 0.6465175151824951 0.09359540790319443 0.2640276849269867
3 0.022855130955576897 0.6298064589500427 0.0455164760351181 0.2886061668395996
3 0.11676405370235443 0.6327546238899231 0.08699937164783478 0.2930629849433899
3 0.7044201493263245 0.6219943165779114 0.07295427471399307 0.2377185821533203
3 0.8958214521408081 0.6031094789505005 0.0837339386343956 0.2490939199924469
