3 0.7718343734741211 0.7804131507873535 0.17446884512901306 0.43765830993652344
3 0.40492957830429077 0.7596390843391418 0.27410000562667847 0.47891250252723694
3 0.5859009027481079 0.7557485103607178 0.2432461678981781 0.48711976408958435
3 0.8738330006599426 0.7810496687889099 0.14554710686206818 0.43671637773513794
3 0.9397774934768677 0.710299015045166 0.07830218970775604 0.269151508808136
3 0.15614965558052063 0.7739236354827881 0.23757795989513397 0.4505925178527832
3 0.060614895075559616 0.781855583190918 0.08326493203639984 0.43291035294532776
3 0.27697792649269104 0.7556686997413635 0.15036658942699432 0.4838496148586273
3 0.479452908039093 0.6197326183319092 0.06470556557178497 0.08999796211719513
3 0.032902684062719345 0.740182101726532 0.06554465740919113 0.3588302731513977
3 0.2182644158601761 0.5915631651878357 0.03577842563390732 0.07925882190465927
3 0.6880316734313965 0.627666711807251 0.042649172246456146 0.07246122509241104
