3 0.2748929560184479 0.6969813704490662 0.1592160165309906 0.3999810218811035
3 0.5283969044685364 0.6936286091804504 0.15979155898094177 0.42900338768959045
3 0.7670276165008545 0.6506255269050598 0.09788541495800018 0.24185895919799805
3 0.8527835011482239 0.6556369066238403 0.09984283149242401 0.24221134185791016
3 0.9775122404098511 0.6305548548698425 0.04495296627283096 0.1563967764377594
3 0.404558002948761 0.6295105814933777 0.04291057586669922 0.1350187361240387
3 0.360115110874176 0.6325324177742004 0.05532021448016167 0.1378626823425293
3 0.07371881604194641 0.6297990083694458 0.04282303899526596 0.13623590767383575
3 0.032420843839645386 0.6383979916572571 0.06444649398326874 0.15729713439941406
3 0.14923377335071564 0.6097869873046875 0.02529728412628174 0.072038933634758
3 0.11309023201465607 0.6208004951477051 0.037581831216812134 0.10821771621704102
3 0.6382518410682678 0.6087920069694519 0.025391291826963425 0.07130269706249237
3 0.04712597653269768 0.6325926184654236 0.030276333913207054 0.14071626961231232
