3 0.5444844961166382 0.7015482783317566 0.1658943146467209 0.4502626061439514
3 0.0675632432103157 0.6503648161888123 0.11267031729221344 0.3169541358947754
3 0.3973432183265686 0.6488420963287354 0.07233238220214844 0.2017524689435959
3 0.2702384293079376 0.6681183576583862 0.10723576694726944 0.27243345975875854
3 0.9091378450393677 0.6519417762756348 0.07325039058923721 0.23706188797950745
3 0.46186718344688416 0.6296239495277405 0.04559612274169922 0.14399060606956482
3 0.16878342628479004 0.6533889770507812 0.07431373745203018 0.23767080903053284
3 0.3532962501049042 0.6382458806037903 0.05151505395770073 0.16790084540843964
3 0.9745895266532898 0.6716272234916687 0.05047283321619034 0.21858587861061096
3 0.233656644821167 0.6438435912132263 0.05817685276269913 0.20801620185375214
3 0.8540986180305481 0.6417228579521179 0.046738624572753906 0.15725135803222656
3 0.7387884259223938 0.6236352920532227 0.042334843426942825 0.1174280196428299
3 0.6381595730781555 0.6088024973869324 0.026409436017274857 0.07404889911413193
3 0.8162733912467957 0.6101383566856384 0.02386627160012722 0.08920364081859589
3 0.7857285737991333 0.6375350952148438 0.04482102394104004 0.1161642074584961
3 0.8375490307807922 0.6124897599220276 0.03211479261517525 0.1229584664106369
3 0.6674362421035767 0.6076943278312683 0.026203537359833717 0.07634039223194122
3 0.9464777708053589 0.6085689663887024 0.028931999579072 0.09891615062952042
