3 0.7836596369743347 0.6859757304191589 0.04939551278948784 0.12667255103588104
3 0.5411422252655029 0.6977689862251282 0.16017475724220276 0.45448678731918335
3 0.24055850505828857 0.7214470505714417 0.18728089332580566 0.42477694153785706
3 0.39828604459762573 0.7238786816596985 0.16565608978271484 0.4120287001132965
3 0.6716939210891724 0.6879997849464417 0.04733695834875107 0.11333741992712021
3 0.9029424786567688 0.7116758823394775 0.02660350874066353 0.10553359985351562
3 0.6337648630142212 0.6792583465576172 0.026793669909238815 0.07396974414587021
3 0.9250689744949341 0.7088868021965027 0.031061744317412376 0.10721902549266815
3 0.830518901348114 0.6837205290794373 0.020606230944395065 0.08183632045984268
3 0.984411895275116 0.7031347155570984 0.030985068529844284 0.1548147201538086
