3 0.5366805195808411 0.677126407623291 0.17898941040039062 0.47383826971054077
3 0.7965980768203735 0.6764060854911804 0.1552933156490326 0.41830500960350037
3 0.9021546244621277 0.6756340861320496 0.07786960899829865 0.24852485954761505
3 0.9805604815483093 0.6686791777610779 0.03876457363367081 0.2019576132297516
3 0.27874505519866943 0.6777075529098511 0.17589305341243744 0.4739452302455902
3 0.4025910496711731 0.6645362973213196 0.05342083051800728 0.17020292580127716
3 0.6351872682571411 0.6495003700256348 0.037505436688661575 0.11498022079467773
3 0.10430388152599335 0.6561480760574341 0.04073333740234375 0.13561764359474182
3 0.16753089427947998 0.66473388671875 0.0687500387430191 0.17557783424854279
3 0.03335726261138916 0.6540855765342712 0.06622819602489471 0.1974388062953949
3 0.3630387485027313 0.6492080688476562 0.043500471860170364 0.18615122139453888
3 0.43884196877479553 0.6444783210754395 0.027224158868193626 0.1036798506975174
3 0.12881501019001007 0.6451361775398254 0.028508495539426804 0.09575824439525604
3 0.6831904053688049 0.6559247970581055 0.045763492584228516 0.11207733303308487
3 0.7133001089096069 0.6521424055099487 0.024759674444794655 0.09768132865428925
