3 0.51338791847229 0.7631759643554688 0.1445751190185547 0.4214065968990326
3 0.8090735673904419 0.7165552377700806 0.09840340912342072 0.2764534056186676
3 0.27069219946861267 0.7064657211303711 0.1136045902967453 0.32950687408447266
3 0.4043002724647522 0.6714395880699158 0.07568709552288055 0.1812579184770584
3 0.2003156691789627 0.7267475128173828 0.10549640655517578 0.30801811814308167
3 0.08390508592128754 0.7161943912506104 0.16716603934764862 0.5658028721809387
3 0.8777133822441101 0.6837813854217529 0.05702953413128853 0.2178790122270584
3 0.35745012760162354 0.6685970425605774 0.05602560192346573 0.16843871772289276
3 0.9170662760734558 0.7149378657341003 0.11795501410961151 0.2803098261356354
3 0.7317379713058472 0.646435558795929 0.04353351518511772 0.10279341042041779
3 0.6886667013168335 0.6433637142181396 0.03948249667882919 0.08845929801464081
3 0.6105093955993652 0.6375832557678223 0.027408218011260033 0.07474870979785919
3 0.77369624376297 0.6950722336769104 0.04016923904418945 0.18328456580638885
3 0.6366727948188782 0.6417449116706848 0.032474614679813385 0.08954238891601562
3 0.11502311378717422 0.5927786231040955 0.03881633281707764 0.042797088623046875
3 0.14940913021564484 0.6079882979393005 0.03227658197283745 0.05493011325597763
3 0.9560396075248718 0.6699137687683105 0.030435752123594284 0.14884547889232635
3 0.9812710881233215 0.6949249505996704 0.03702716901898384 0.24328574538230896
