3 0.513049840927124 0.7016714811325073 0.16171827912330627 0.4804288446903229
3 0.26724743843078613 0.6942430734634399 0.11951909214258194 0.34931451082229614
3 0.40026694536209106 0.645773708820343 0.05613129213452339 0.18324394524097443
3 0.8421729803085327 0.6592546701431274 0.09600219875574112 0.24898776412010193
3 0.9119564294815063 0.6492019295692444 0.07023048400878906 0.2320103645324707
3 0.17005856335163116 0.6596124172210693 0.0718456283211708 0.2287520468235016
3 0.08451249450445175 0.6677997708320618 0.10127882659435272 0.32649192214012146
3 0.6063703894615173 0.6203780174255371 0.03588266298174858 0.11020412296056747
3 0.35547369718551636 0.6316505670547485 0.04376406595110893 0.134320929646492
3 0.031137773767113686 0.6677783727645874 0.06197122856974602 0.27428188920021057
3 0.9815560579299927 0.6664629578590393 0.036695290356874466 0.20283231139183044
3 0.6731566190719604 0.620402991771698 0.04080333560705185 0.11140508949756622
3 0.7792704105377197 0.6275767087936401 0.0404973030090332 0.13486003875732422
3 0.3215347230434418 0.6098856925964355 0.02729768678545952 0.10099563747644424
3 0.7034472227096558 0.6102065443992615 0.028905773535370827 0.09152984619140625
3 0.7384853363037109 0.621847927570343 0.04623918607831001 0.1492045372724533
3 0.6393041014671326 0.6215716600418091 0.03471861034631729 0.1056787520647049
3 0.21269109845161438 0.6268503665924072 0.029910851269960403 0.1374112069606781
3 0.9729555249214172 0.5914969444274902 0.019712258130311966 0.048253726214170456
3 0.9512724876403809 0.6024594306945801 0.025497054681181908 0.06737031787633896
