3 0.5326489806175232 0.6407269239425659 0.1663723886013031 0.4522179961204529
3 0.28572067618370056 0.5761141777038574 0.09518589824438095 0.26101264357566833
3 0.048079900443553925 0.5908887982368469 0.09551223367452621 0.3561161160469055
3 0.97996985912323 0.5450026392936707 0.03947772830724716 0.14530429244041443
3 0.8629456758499146 0.5326610207557678 0.030858229845762253 0.08467092365026474
3 0.2245515137910843 0.5287802815437317 0.0465729720890522 0.11599960178136826
3 0.9257896542549133 0.5329208970069885 0.03102893754839897 0.07548923790454865
3 0.7602295279502869 0.5287185907363892 0.021679211407899857 0.06064271926879883
3 0.640876293182373 0.5312763452529907 0.023429393768310547 0.06602372974157333
3 0.11838674545288086 0.533100962638855 0.02548360824584961 0.10784435272216797
3 0.1058378592133522 0.5335071086883545 0.03723815083503723 0.11024055629968643
