3 0.5390956997871399 0.6587785482406616 0.18096618354320526 0.45899733901023865
3 0.7399329543113708 0.6160455346107483 0.03698120266199112 0.07514782249927521
3 0.9823390245437622 0.6341292262077332 0.035157203674316406 0.1307380646467209
3 0.874118983745575 0.6196823716163635 0.043282318860292435 0.08979053795337677
3 0.815660297870636 0.610582709312439 0.02058715745806694 0.07836952060461044
3 0.39422574639320374 0.6188249588012695 0.023184489458799362 0.06592397391796112
3 0.7836335897445679 0.6169832348823547 0.025082683190703392 0.08333978801965714
3 0.7988942861557007 0.616828441619873 0.02106633223593235 0.08716926723718643
3 0.2974354326725006 0.6128847599029541 0.05487113073468208 0.08514871448278427
3 0.4153115153312683 0.6194247603416443 0.020058155059814453 0.05315981060266495
3 0.3702014684677124 0.6184290647506714 0.02675452269613743 0.06848707050085068
3 0.3456974923610687 0.6135018467903137 0.018298720940947533 0.05417003482580185
