3 0.9196127653121948 0.6547408699989319 0.08360576629638672 0.2495804727077484
3 0.0778597816824913 0.7358220815658569 0.15498802065849304 0.5267070531845093
3 0.8417304754257202 0.6617032289505005 0.09987082332372665 0.2580093443393707
3 0.5465378165245056 0.6528188586235046 0.08908338844776154 0.19422206282615662
3 0.9819414019584656 0.6562963724136353 0.03603515774011612 0.23341074585914612
3 0.7394987940788269 0.6134170293807983 0.04605989530682564 0.12481317669153214
3 0.26419150829315186 0.6958873867988586 0.12590980529785156 0.35267502069473267
3 0.7838168144226074 0.6214495301246643 0.0417814739048481 0.1268651932477951
3 0.19870126247406006 0.6963773965835571 0.10982732474803925 0.3586563169956207
3 0.6370584964752197 0.6132115125656128 0.027266407385468483 0.09161233901977539
3 0.6087749004364014 0.6063476800918579 0.03887929767370224 0.09770412743091583
3 0.4266217350959778 0.7861003875732422 0.189083069562912 0.42643681168556213
3 0.11974362283945084 0.6143508553504944 0.03936564922332764 0.128211110830307
3 0.6740642189979553 0.6150559782981873 0.038150690495967865 0.11174192279577255
3 0.3326997458934784 0.6268039345741272 0.04590606689453125 0.13412590324878693
3 0.15987837314605713 0.6619770526885986 0.04742684215307236 0.2528626322746277
