3 0.2727571725845337 0.775726318359375 0.05298967286944389 0.17031574249267578
3 0.917103111743927 0.7808414697647095 0.05653247982263565 0.17659573256969452
3 0.11711758375167847 0.7725883722305298 0.05027763918042183 0.16842631995677948
3 0.5256980657577515 0.7865199446678162 0.08592834323644638 0.29208821058273315
3 0.1927201747894287 0.7809604406356812 0.04394359514117241 0.14527034759521484
3 0.7616952657699585 0.7791507244110107 0.02439260482788086 0.08663950115442276
3 0.054321326315402985 0.7826658487319946 0.06288556754589081 0.17503419518470764
3 0.16274519264698029 0.7747203707695007 0.04320528358221054 0.13511386513710022
3 0.3205118775367737 0.7715249061584473 0.03193154186010361 0.08039756119251251
3 0.38375866413116455 0.7782291769981384 0.025584936141967773 0.07911749184131622
3 0.35200071334838867 0.776053786277771 0.0291777141392231 0.08235697448253632
3 0.709221363067627 0.7697873711585999 0.020980071276426315 0.06029815599322319
3 0.6528062224388123 0.7706589698791504 0.017229843884706497 0.05017995834350586
3 0.8055419921875 0.5478155612945557 0.05563921853899956 0.043764494359493256
3 0.41356486082077026 0.7733449935913086 0.024121761322021484 0.07521462440490723
3 0.6735426187515259 0.7712823748588562 0.022884750738739967 0.056310176849365234
3 0.46966132521629333 0.7720035910606384 0.021573925390839577 0.05281371995806694
3 0.23153066635131836 0.7755916714668274 0.03152437135577202 0.11313571780920029
3 0.8330190777778625 0.7611690163612366 0.02149944379925728 0.026441384106874466
3 0.9845371246337891 0.7785450220108032 0.030780602246522903 0.19514374434947968
