3 0.2609030306339264 0.6867777705192566 0.17406177520751953 0.4820781648159027
3 0.8172146677970886 0.7000793218612671 0.20537248253822327 0.5119622945785522
3 0.5287368297576904 0.6788942813873291 0.19947127997875214 0.5315543413162231
3 0.9811877012252808 0.6692790985107422 0.03748035430908203 0.21735171973705292
3 0.03402143716812134 0.6575942039489746 0.0677485466003418 0.2831181585788727
3 0.4137538969516754 0.6721794009208679 0.07516705989837646 0.2163829803466797
3 0.025789016857743263 0.29369935393333435 0.05140053108334541 0.18240909278392792
3 0.34913790225982666 0.6636469960212708 0.0668560042977333 0.20369215309619904
3 0.17960485816001892 0.6772810220718384 0.06208885833621025 0.19925251603126526
3 0.6385108232498169 0.6677911281585693 0.035582732409238815 0.1429237425327301
3 0.7298805713653564 0.6753779053688049 0.04350023344159126 0.13002833724021912
3 0.0907704308629036 0.6688864231109619 0.05968257039785385 0.1836560219526291
3 0.672746479511261 0.667961061000824 0.032662201672792435 0.11865253746509552
