3 0.9074050784111023 0.5832459330558777 0.12993526458740234 0.33988532423973083
3 0.3896254897117615 0.6161314845085144 0.2910681366920471 0.7659234404563904
3 0.15349261462688446 0.5403104424476624 0.06764636188745499 0.22178754210472107
3 0.2261078655719757 0.5196056962013245 0.052405644208192825 0.18510618805885315
3 0.5618796348571777 0.5089526176452637 0.041596125811338425 0.11243705451488495
3 0.6102296113967896 0.5081837773323059 0.02936372719705105 0.08584318310022354
3 0.6424373388290405 0.5048084855079651 0.031196022406220436 0.09143028408288956
3 0.692376434803009 0.5080388188362122 0.027535248547792435 0.09374046325683594
3 0.7542923092842102 0.5098379254341125 0.02920999564230442 0.08604554831981659
3 0.7998288869857788 0.5077933073043823 0.026006650179624557 0.0811372771859169
3 0.979622483253479 0.5717345476150513 0.040329743176698685 0.25468531250953674
3 0.5288862586021423 0.515244722366333 0.0308088306337595 0.09941510856151581
