3 0.5357950925827026 0.6507800817489624 0.14586839079856873 0.38689708709716797
3 0.9372128248214722 0.5205642580986023 0.03499927371740341 0.09478569030761719
3 0.01416362076997757 0.5184110403060913 0.02815723791718483 0.10166549682617188
3 0.21911850571632385 0.5108432769775391 0.028710221871733665 0.08228044211864471
3 0.9897991418838501 0.5149664878845215 0.020130539312958717 0.07839317619800568
3 0.7569910883903503 0.5060169100761414 0.02476348914206028 0.06493949890136719
3 0.8886215090751648 0.5100280046463013 0.019230078905820847 0.07082357257604599
3 0.1151726245880127 0.5041787028312683 0.016311192885041237 0.05604858323931694
3 0.1308891475200653 0.50584477186203 0.020697712898254395 0.05517692491412163
3 0.05836080387234688 0.4948797821998596 0.01408848725259304 0.048686884343624115
