3 0.5359205603599548 0.6421375870704651 0.17427654564380646 0.45339155197143555
3 0.28215253353118896 0.5827088356018066 0.09529781341552734 0.2324165403842926
3 0.05550531670451164 0.6301546692848206 0.11042164266109467 0.4130450189113617
3 0.11060982942581177 0.5628219842910767 0.05074744299054146 0.19156265258789062
3 0.14183130860328674 0.5597614645957947 0.042751431465148926 0.14949198067188263
3 0.9851064682006836 0.5563362240791321 0.029033470898866653 0.13017559051513672
3 0.6402913331985474 0.5364717841148376 0.025848388671875 0.0707976371049881
3 0.2218892127275467 0.5577170252799988 0.04772982746362686 0.15668019652366638
3 0.8610160946846008 0.5500218868255615 0.0413476936519146 0.0991067886352539
3 0.34885522723197937 0.543990433216095 0.03099346160888672 0.08821096271276474
3 0.3848819136619568 0.5414666533470154 0.026970434933900833 0.08462753146886826
