0 0.3091850280761719 0.7436927556991577 0.32161474227905273 0.511134922504425
0 0.7647531628608704 0.6539289355278015 0.08775200694799423 0.23119354248046875
0 0.980435848236084 0.6529068350791931 0.03866558149456978 0.22649240493774414
0 0.8425952196121216 0.655455470085144 0.08286380767822266 0.2436470091342926
0 0.9151622653007507 0.6555870175361633 0.07860050350427628 0.23948326706886292
0 0.4099833071231842 0.6359450221061707 0.035132694989442825 0.11202001571655273
0 0.4986470639705658 0.6357781887054443 0.03912992402911186 0.12713709473609924
0 0.603875994682312 0.6244276165962219 0.03890543058514595 0.11819066852331161
0 0.5648859143257141 0.628882110118866 0.03687276691198349 0.1408495008945465
0 0.44550758600234985 0.6177356243133545 0.020892620086669922 0.07161150127649307
0 0.532511830329895 0.6295125484466553 0.03797750547528267 0.14203882217407227
0 0.6358901262283325 0.6282769441604614 0.027553368359804153 0.1040370911359787
0 0.6655861139297485 0.6257984638214111 0.03765277937054634 0.10775633156299591
