0 0.7978926301002502 0.6941291093826294 0.27956533432006836 0.49545249342918396
0 0.23490431904792786 0.6873815059661865 0.3050616681575775 0.5317209959030151
0 0.5214307904243469 0.6829608678817749 0.28338631987571716 0.5481645464897156
0 0.9350226521492004 0.5154874324798584 0.039682578295469284 0.10476980358362198
0 0.01436701975762844 0.5241945385932922 0.02856898307800293 0.11934814602136612
0 0.8868616819381714 0.5002182126045227 0.02093963697552681 0.06268329918384552
0 0.9826697111129761 0.5167580246925354 0.03428993374109268 0.13148470222949982
0 0.19599764049053192 0.5053579807281494 0.025358807295560837 0.07016601413488388
0 0.08186501264572144 0.5182303190231323 0.02720315381884575 0.09511832892894745
0 0.17255139350891113 0.5075069069862366 0.021457815542817116 0.08149824291467667
0 0.8601029515266418 0.5042616128921509 0.020488357171416283 0.0533536896109581
0 0.061055004596710205 0.5179805159568787 0.023027468472719193 0.10146608203649521
