0 0.331814169883728 0.7211076617240906 0.2427077740430832 0.47886887192726135
0 0.5654253959655762 0.7178197503089905 0.22095775604248047 0.49033498764038086
0 0.17855636775493622 0.731365442276001 0.04161860793828964 0.1356978416442871
0 0.9482592344284058 0.7216570973396301 0.05135955661535263 0.14075049757957458
0 0.8933770060539246 0.7372627258300781 0.08141040802001953 0.21957850456237793
0 0.021076545119285583 0.735088586807251 0.041955213993787766 0.12701138854026794
0 0.05174585431814194 0.737676739692688 0.03552577644586563 0.10635242611169815
0 0.8566046953201294 0.7246873378753662 0.03728199005126953 0.12829312682151794
0 0.7504693865776062 0.7213300466537476 0.03462495654821396 0.12148971855640411
0 0.8271700739860535 0.7243920564651489 0.035769082605838776 0.11864738166332245
0 0.9828823208808899 0.7122206687927246 0.03390655666589737 0.15665607154369354
