0 0.7510356903076172 0.6874653697013855 0.2758662700653076 0.5657567381858826
0 0.262585312128067 0.6934797167778015 0.25118541717529297 0.5493968725204468
0 0.024821793660521507 0.44010409712791443 0.04935182258486748 0.28542807698249817
0 0.5169790983200073 0.7024775743484497 0.28356534242630005 0.5525094866752625
0 0.6804456114768982 0.3940550982952118 0.061815548688173294 0.16068319976329803
0 0.36510658264160156 0.38439369201660156 0.05509514734148979 0.14226646721363068
0 0.7399315237998962 0.3743174076080322 0.06499509513378143 0.11787338554859161
0 0.44315189123153687 0.39035719633102417 0.05554237216711044 0.15527963638305664
0 0.24208179116249084 0.3903549611568451 0.054743193089962006 0.13562317192554474
0 0.26806968450546265 0.3690567910671234 0.040410615503787994 0.10699710994958878
0 0.5085078477859497 0.37794455885887146 0.031468771398067474 0.10789308696985245
0 0.29551514983177185 0.3722689747810364 0.03668947145342827 0.10443687438964844
0 0.5660828351974487 0.3602330982685089 0.024005699902772903 0.07529964298009872
0 0.47762781381607056 0.3898257911205292 0.036606691777706146 0.14747662842273712
0 0.5458458662033081 0.3604928255081177 0.022998714819550514 0.0725068598985672
0 0.3248698115348816 0.3797413408756256 0.03373584896326065 0.11430664360523224
