0 0.4943414330482483 0.7506378889083862 0.2744150161743164 0.4969184994697571
0 0.6702151894569397 0.6757616400718689 0.04892997816205025 0.11438264697790146
0 0.11874042451381683 0.6967669129371643 0.06151537969708443 0.13453444838523865
0 0.2195715457201004 0.6883325576782227 0.0961783304810524 0.12380971759557724
0 0.2767259478569031 0.68641597032547 0.05397767946124077 0.1161225289106369
0 0.31465020775794983 0.6626642942428589 0.03587622568011284 0.05031576007604599
0 0.7779366970062256 0.6556639075279236 0.04085578769445419 0.05881071090698242
0 0.8219839930534363 0.6623333096504211 0.0578460693359375 0.05227260664105415
0 0.37802398204803467 0.9021075963973999 0.09106965363025665 0.1867971420288086
0 0.7270579934120178 0.652265727519989 0.03698987886309624 0.06363964080810547
0 0.9502078890800476 0.6931090354919434 0.06845913082361221 0.17583370208740234
