0 0.40082770586013794 0.6782046556472778 0.6074455380439758 0.6232530474662781
0 0.9030002355575562 0.6135979890823364 0.13891258835792542 0.37305665016174316
0 0.769041121006012 0.648749828338623 0.10068883746862411 0.2672310769557953
0 0.03145252913236618 0.6343284249305725 0.06263413280248642 0.26654547452926636
0 0.9800407290458679 0.6478670239448547 0.039529990404844284 0.23465032875537872
0 0.5241730213165283 0.6296377778053284 0.1045864075422287 0.2261778861284256
0 0.125201016664505 0.6181029081344604 0.06969068199396133 0.2028898298740387
0 0.611760675907135 0.6389684677124023 0.07030411064624786 0.16829156875610352
0 0.49409419298171997 0.6287668943405151 0.04626636579632759 0.1895066201686859
0 0.6662501096725464 0.6407025456428528 0.03838024288415909 0.1376173049211502
