0 0.3753877580165863 0.6838338971138 0.3394882082939148 0.4965194761753082
0 0.5690142512321472 0.6250542402267456 0.05588998645544052 0.16575603187084198
0 0.502504289150238 0.6198664307594299 0.06028947979211807 0.17626667022705078
0 0.7871043086051941 0.6300290822982788 0.05169491842389107 0.1484980583190918
0 0.8802281618118286 0.6182602047920227 0.0452638640999794 0.1385762244462967
0 0.8426087498664856 0.6232144832611084 0.058023642748594284 0.1755271852016449
0 0.6071158051490784 0.606848418712616 0.029700184240937233 0.08641862869262695
0 0.384929358959198 0.6040898561477661 0.04040975496172905 0.08735780417919159
0 0.9724043011665344 0.6335166692733765 0.054940033704042435 0.20618601143360138
0 0.7385796308517456 0.6098304390907288 0.033574484288692474 0.08549928665161133
0 0.4463147521018982 0.6167293190956116 0.02359161339700222 0.06475229561328888
0 0.6680072546005249 0.6100691556930542 0.02309102937579155 0.0660037025809288
0 0.6374716758728027 0.6083211898803711 0.02476491965353489 0.06741781532764435
0 0.4115127921104431 0.6177025437355042 0.024311374872922897 0.07263469696044922
