0 0.9678313136100769 0.6824414134025574 0.06418190151453018 0.1648981124162674
0 0.6834225058555603 0.6499866247177124 0.0485566146671772 0.1257026642560959
0 0.31209248304367065 0.6936144828796387 0.1679917275905609 0.32806363701820374
0 0.6103520393371582 0.6147175431251526 0.028745461255311966 0.083074189722538
0 0.427695095539093 0.7204120755195618 0.1666148155927658 0.2629726529121399
0 0.6591157913208008 0.614543080329895 0.02588939666748047 0.0796419158577919
0 0.1579420268535614 0.6303079724311829 0.039824437350034714 0.051423072814941406
0 0.8451650738716125 0.6199207305908203 0.03454780578613281 0.08938045799732208
0 0.4475248456001282 0.600580632686615 0.020617103204131126 0.04405622556805611
0 0.5030729174613953 0.5929258465766907 0.01809682883322239 0.03717947006225586
0 0.484968900680542 0.5974168181419373 0.023222923278808594 0.03860149532556534
0 0.5253875851631165 0.6186887621879578 0.031353093683719635 0.06224231794476509
0 0.4609350562095642 0.604409396648407 0.029758263379335403 0.03935079649090767
0 0.3673132061958313 0.6002558469772339 0.021436262875795364 0.049452781677246094
0 0.5634463429450989 0.611673891544342 0.021147346124053 0.07719288021326065
0 0.8138984441757202 0.6099147200584412 0.030389022082090378 0.10084972530603409
