0 0.2648772895336151 0.7409849762916565 0.16100209951400757 0.4988221228122711
0 0.39827632904052734 0.7806392312049866 0.14987942576408386 0.41327103972435
0 0.5604202747344971 0.7419853806495667 0.18710669875144958 0.4841609001159668
0 0.8093239068984985 0.7180859446525574 0.09692344814538956 0.28106898069381714
0 0.8909937143325806 0.7216586470603943 0.09073619544506073 0.2785828709602356
0 0.6639741659164429 0.7229793667793274 0.07747554779052734 0.18601326644420624
0 0.029114563018083572 0.7197259068489075 0.0577930323779583 0.18930473923683167
0 0.1785016506910324 0.7209746241569519 0.05268745496869087 0.15711155533790588
0 0.11099286377429962 0.7204362750053406 0.05618441104888916 0.16887836158275604
0 0.1422600895166397 0.7206929326057434 0.032872773706912994 0.1306232511997223
0 0.9846707582473755 0.7454771995544434 0.030305098742246628 0.23997712135314941
0 0.9846924543380737 0.723845899105072 0.030335808172822 0.19538870453834534
