0 0.7385989427566528 0.7173282504081726 0.22296524047851562 0.5033079385757446
0 0.32928889989852905 0.7218875885009766 0.24610431492328644 0.4933643937110901
0 0.025220777839422226 0.6532691121101379 0.05024582892656326 0.17600736021995544
0 0.9758931994438171 0.6433067321777344 0.04795417934656143 0.23058490455150604
0 0.5442531704902649 0.6996179223060608 0.23368529975414276 0.5273488163948059
0 0.852319598197937 0.6032934784889221 0.08077602088451385 0.161982923746109
0 0.16265472769737244 0.6206225156784058 0.03875129297375679 0.10509147495031357
0 0.17838960886001587 0.616384744644165 0.020938897505402565 0.09098777920007706
0 0.8969556093215942 0.6089368462562561 0.036220550537109375 0.09720773994922638
0 0.9476624727249146 0.6022421717643738 0.02976837195456028 0.09026346355676651
0 0.19402822852134705 0.6060184240341187 0.01712627336382866 0.068822480738163
0 0.4249846041202545 0.6061346530914307 0.030658340081572533 0.08359899371862411
