0 0.5802997946739197 0.6070023775100708 0.2992611825466156 0.446638286113739
0 0.3053925335407257 0.6212431788444519 0.30193352699279785 0.4337659776210785
0 0.7504691481590271 0.4250412583351135 0.0862853080034256 0.20590126514434814
0 0.4821053445339203 0.4115538001060486 0.04353675991296768 0.13219204545021057
0 0.43489694595336914 0.4134215712547302 0.05331916734576225 0.13014821708202362
0 0.6752675175666809 0.4300302565097809 0.06951427459716797 0.19846220314502716
0 0.6299883723258972 0.3649556338787079 0.03648195415735245 0.08087744563817978
0 0.5188747048377991 0.41033339500427246 0.037841033190488815 0.1233116164803505
0 0.6647281646728516 0.33976423740386963 0.037392329424619675 0.061229608952999115
0 0.3657395541667938 0.4077790379524231 0.03624434396624565 0.12354984134435654
0 0.6019768714904785 0.36909523606300354 0.02801504172384739 0.03511462360620499
0 0.11625075340270996 0.43776077032089233 0.05392730236053467 0.12119551002979279
0 0.25888359546661377 0.40766650438308716 0.040163516998291016 0.12714309990406036
0 0.10796966403722763 0.3972458839416504 0.03636729717254639 0.04016449302434921
0 0.30399489402770996 0.3738250732421875 0.056214045733213425 0.0812067985534668
0 0.5472251176834106 0.38928812742233276 0.027301501482725143 0.07223844528198242
