0 0.7805450558662415 0.6145816445350647 0.3016870617866516 0.4426264762878418
0 0.25362616777420044 0.5911668539047241 0.2759847640991211 0.4826427102088928
0 0.5104125142097473 0.6184372901916504 0.25156325101852417 0.4444505572319031
0 0.9398964047431946 0.4979817867279053 0.07115459442138672 0.17557469010353088
0 0.03412667289376259 0.5050559639930725 0.06778433918952942 0.26895245909690857
0 0.6425302028656006 0.4914354383945465 0.04964799806475639 0.11847305297851562
0 0.7939778566360474 0.45776134729385376 0.030177641659975052 0.059171199798583984
0 0.08304883539676666 0.49328669905662537 0.0328124538064003 0.10389270633459091
0 0.9886167645454407 0.5030515193939209 0.022719765082001686 0.1645139753818512
0 0.1263544112443924 0.4829191267490387 0.03194835036993027 0.07846803963184357
