0 0.3141910135746002 0.7424780130386353 0.3444768190383911 0.5135936737060547
0 0.502531111240387 0.6291328072547913 0.04814586788415909 0.11543197929859161
0 0.8512013554573059 0.6302594542503357 0.06484641879796982 0.16733494400978088
0 0.7385489344596863 0.6353533864021301 0.04145012050867081 0.11717367172241211
0 0.4086572229862213 0.638586699962616 0.03743741661310196 0.10882282257080078
0 0.7854188680648804 0.6351202130317688 0.04584851115942001 0.11712303012609482
0 0.3714200556278229 0.6239283680915833 0.030783463269472122 0.0835803970694542
0 0.5870934724807739 0.6168075203895569 0.025476837530732155 0.06320562213659286
0 0.4459311068058014 0.6171765327453613 0.022133540362119675 0.054848574101924896
0 0.325081467628479 0.6423731446266174 0.03586382791399956 0.10748262703418732
0 0.6355255246162415 0.6171641945838928 0.02287616766989231 0.05369100719690323
