0 0.312335729598999 0.7723751068115234 0.3130422532558441 0.45384636521339417
0 0.5043902397155762 0.6403632760047913 0.05103645473718643 0.13431444764137268
0 0.9140702486038208 0.6474328637123108 0.09885158389806747 0.28512048721313477
0 0.9798690676689148 0.6466238498687744 0.04004402086138725 0.2380325347185135
0 0.5656266808509827 0.6407167315483093 0.0494568832218647 0.1257437765598297
0 0.8536832928657532 0.6364951729774475 0.05095062404870987 0.13519783318042755
0 0.41196322441101074 0.6311506628990173 0.02913990058004856 0.09328804165124893
0 0.444219172000885 0.619881808757782 0.021014977246522903 0.06388024985790253
0 0.7140259146690369 0.6282790899276733 0.03586301952600479 0.12001123279333115
0 0.7839326858520508 0.629695475101471 0.052834510803222656 0.13099995255470276
0 0.35586273670196533 0.6251720786094666 0.0342404842376709 0.091936394572258
0 0.7370267510414124 0.6325341463088989 0.041985511779785156 0.12192869186401367
0 0.6641714572906494 0.6231018900871277 0.037099551409482956 0.1120663657784462
