0 0.7817738652229309 0.6387306451797485 0.3477035164833069 0.4785277843475342
0 0.2525794208049774 0.632003128528595 0.3207036554813385 0.4736822247505188
0 0.4360966086387634 0.39343857765197754 0.04509000852704048 0.10690982639789581
0 0.5962377190589905 0.39276283979415894 0.04190797731280327 0.10833609104156494
0 0.521714985370636 0.6368210315704346 0.2775528132915497 0.4648808538913727
0 0.18051044642925262 0.3999200165271759 0.050599753856658936 0.13759341835975647
0 0.1389906257390976 0.4007071554660797 0.04891252517700195 0.13332700729370117
0 0.295609712600708 0.36993408203125 0.03632798045873642 0.07323777675628662
0 0.2385294884443283 0.38906165957450867 0.04709272459149361 0.08527960628271103
0 0.3582691550254822 0.3900890052318573 0.040879201143980026 0.09738240391016006
0 0.68083655834198 0.39512935280799866 0.0411502830684185 0.10584290325641632
0 0.4801334738731384 0.3821719288825989 0.029778098687529564 0.07190389931201935
0 0.5077057480812073 0.37722212076187134 0.025208283215761185 0.06018505245447159
0 0.05070372298359871 0.36020535230636597 0.05168219655752182 0.0510617271065712
0 0.5487368702888489 0.37389513850212097 0.020891571417450905 0.049562789499759674
