0 0.46827784180641174 0.6806823015213013 0.35668087005615234 0.5761852264404297
0 0.7734712958335876 0.6574379801750183 0.2948857247829437 0.5814241170883179
0 0.23063459992408752 0.6727504730224609 0.30814480781555176 0.5586034655570984
0 0.04703456535935402 0.4819315969944 0.09330404549837112 0.41596126556396484
0 0.14005045592784882 0.4068217873573303 0.08389885723590851 0.16945314407348633
0 0.9138027429580688 0.385589063167572 0.06348590552806854 0.16027438640594482
0 0.36051660776138306 0.3692897856235504 0.04480729252099991 0.1268879920244217
0 0.7164270877838135 0.3631868362426758 0.096723273396492 0.14061486721038818
0 0.4332190454006195 0.3689279556274414 0.047780800610780716 0.14320895075798035
0 0.800447940826416 0.3806900680065155 0.06962275505065918 0.13378243148326874
0 0.27483823895454407 0.3599805235862732 0.08086095005273819 0.10281018912792206
0 0.8575183153152466 0.3626781105995178 0.05433616787195206 0.11999358981847763
0 0.20569832623004913 0.3365044593811035 0.05447854846715927 0.1762484312057495
