0 0.6621991991996765 0.6666942834854126 0.38731569051742554 0.5314304232597351
0 0.3000675141811371 0.6265721321105957 0.36788251996040344 0.5606460571289062
0 0.4548376202583313 0.40403324365615845 0.08494415134191513 0.19175319373607635
0 0.7337439060211182 0.3885363042354584 0.11193732917308807 0.30779826641082764
0 0.3662199079990387 0.38687533140182495 0.07118014991283417 0.15975284576416016
0 0.5216042995452881 0.3956476151943207 0.056424904614686966 0.15022793412208557
0 0.6025111675262451 0.38885417580604553 0.04177207872271538 0.11817769706249237
0 0.6452800035476685 0.3651055693626404 0.05733051151037216 0.09448249638080597
0 0.5680283904075623 0.372089147567749 0.028807545080780983 0.09959805011749268
0 0.5459880828857422 0.37382155656814575 0.021496867761015892 0.09657333046197891
