0 0.7935011982917786 0.6641847491264343 0.27534350752830505 0.4438663423061371
0 0.36005041003227234 0.3659277856349945 0.047644853591918945 0.13576087355613708
0 0.6842860579490662 0.37317967414855957 0.06810836493968964 0.22968263924121857
0 0.746497631072998 0.36285120248794556 0.07948808372020721 0.25380104780197144
0 0.26030611991882324 0.6375893354415894 0.29298868775367737 0.5278691649436951
0 0.5226115584373474 0.6464852094650269 0.2758115828037262 0.504557192325592
0 0.43879860639572144 0.3691314160823822 0.04725771024823189 0.14639022946357727
0 0.5531395077705383 0.35534578561782837 0.038235854357481 0.09314718097448349
0 0.4767557978630066 0.35340115427970886 0.04263629764318466 0.12945131957530975
0 0.5058505535125732 0.3585374653339386 0.030112743377685547 0.07934808731079102
