0 0.8473812937736511 0.6415687799453735 0.08421401679515839 0.22225742042064667
0 0.3177240490913391 0.7000563144683838 0.3173055648803711 0.43938666582107544
0 0.5991700291633606 0.7143839597702026 0.26690465211868286 0.4061148166656494
0 0.504652738571167 0.6176669001579285 0.03929252550005913 0.08902044594287872
0 0.1706468164920807 0.6286491751670837 0.07248125225305557 0.2162799835205078
0 0.4193868041038513 0.6156414151191711 0.024693775922060013 0.06365613639354706
0 0.7392942905426025 0.6336262226104736 0.0411524772644043 0.11591615527868271
0 0.4457634389400482 0.6200456023216248 0.027152538299560547 0.06485243141651154
0 0.4742160439491272 0.6165748238563538 0.023671817034482956 0.06426458060741425
0 0.3970077633857727 0.5989733338356018 0.019754718989133835 0.030279159545898438
0 0.03286807984113693 0.6318916082382202 0.06543833017349243 0.23183651268482208
0 0.11350160837173462 0.5909628868103027 0.03840358182787895 0.06652326881885529
0 0.032468508929014206 0.572111189365387 0.06462877988815308 0.11251220852136612
0 0.7912519574165344 0.6500052809715271 0.0354885570704937 0.08888082206249237
