0 0.782617449760437 0.6187898516654968 0.306659460067749 0.522208034992218
0 0.5143173336982727 0.6248171925544739 0.28243160247802734 0.5227040648460388
0 0.2369774878025055 0.6285779476165771 0.29174676537513733 0.5278765559196472
0 0.36288419365882874 0.3744274973869324 0.06035909801721573 0.1608411967754364
0 0.4302896559238434 0.36321911215782166 0.07838714122772217 0.17505475878715515
0 0.5549290180206299 0.34751302003860474 0.04858455806970596 0.14065439999103546
0 0.47850170731544495 0.32756003737449646 0.03736553341150284 0.0780511349439621
0 0.1657283753156662 0.34201592206954956 0.06315617263317108 0.15511798858642578
0 0.6458204984664917 0.3379596769809723 0.051204584538936615 0.131794735789299
0 0.7075328826904297 0.3222714960575104 0.043799590319395065 0.11351461708545685
0 0.9734643697738647 0.3177412748336792 0.0464351661503315 0.1024661511182785
0 0.1202765479683876 0.3357275426387787 0.0517682321369648 0.17206986248493195
0 0.04716605693101883 0.387876033782959 0.09331544488668442 0.1159147247672081
0 0.9403438568115234 0.28932297229766846 0.04516773298382759 0.10221008956432343
0 0.04784180596470833 0.420814573764801 0.09513901174068451 0.1826784908771515
