0 0.5271639823913574 0.718858540058136 0.49486953020095825 0.5375068783760071
0 0.19644728302955627 0.7278687953948975 0.3426749110221863 0.5395979881286621
0 0.08278928697109222 0.6539801359176636 0.12197041511535645 0.19734534621238708
0 0.6451272964477539 0.6427267789840698 0.10847263038158417 0.15518255531787872
0 0.3789471983909607 0.6129711270332336 0.10743234306573868 0.15579566359519958
0 0.9390093088150024 0.6751028299331665 0.08818302303552628 0.1315167397260666
0 0.6937898397445679 0.6495468616485596 0.05287904664874077 0.08119869232177734
0 0.8834899663925171 0.7182345986366272 0.12919750809669495 0.30261945724487305
0 0.45637184381484985 0.5996067523956299 0.04469785839319229 0.06958217918872833
0 0.7823349833488464 0.7534201145172119 0.2387559860944748 0.41714411973953247
0 0.020911237224936485 0.7358193397521973 0.04146889969706535 0.16389155387878418
0 0.7822858095169067 0.709358811378479 0.23798751831054688 0.32922935485839844
