0 0.9207807779312134 0.7257626056671143 0.06155967712402344 0.17586374282836914
0 0.26784175634384155 0.7629691958427429 0.13454322516918182 0.20802974700927734
0 0.05187194421887398 0.6592117547988892 0.061672888696193695 0.0980992317199707
0 0.7963329553604126 0.6918905973434448 0.06964854896068573 0.13891038298606873
0 0.8507639169692993 0.6293429732322693 0.05864543840289116 0.10959196090698242
0 0.7559400796890259 0.6044813990592957 0.03247327730059624 0.06456021964550018
0 0.9128201603889465 0.5936579704284668 0.01639251783490181 0.03752412647008896
0 0.5050881505012512 0.6445801854133606 0.0429871566593647 0.08498172461986542
0 0.22104211151599884 0.6443374156951904 0.04904017597436905 0.10044889152050018
0 0.9626482725143433 0.6212989687919617 0.030054282397031784 0.06650266796350479
0 0.3474695086479187 0.6411116123199463 0.037024833261966705 0.08407334983348846
0 0.6279199719429016 0.6557462811470032 0.06468906253576279 0.13170185685157776
0 0.10555706918239594 0.3855922818183899 0.012153029441833496 0.016106462106108665
0 0.9881244897842407 0.6315876245498657 0.02349700964987278 0.07973003387451172
0 0.8672808408737183 0.5985662341117859 0.028676223009824753 0.06487713009119034
