0 0.41838282346725464 0.6669246554374695 0.5294963121414185 0.6646481156349182
0 0.5050321221351624 0.6310936808586121 0.058579254895448685 0.1798209249973297
0 0.9093266725540161 0.6497480869293213 0.09881305694580078 0.2691102921962738
0 0.9797607660293579 0.6521329879760742 0.040064238011837006 0.2418208122253418
0 0.5683708786964417 0.621252179145813 0.04578723758459091 0.14793166518211365
0 0.842117965221405 0.6249657273292542 0.0578344352543354 0.17456045746803284
0 0.7395350337028503 0.6172301769256592 0.04563407972455025 0.1328950822353363
0 0.7917429208755493 0.6268227100372314 0.05904536321759224 0.17231473326683044
0 0.6892282962799072 0.5958389639854431 0.023879528045654297 0.08279838413000107
0 0.6411604285240173 0.606471598148346 0.04578447341918945 0.12763690948486328
