0 0.4953711926937103 0.688404381275177 0.35941994190216064 0.5653207898139954
0 0.014272349886596203 0.5256364345550537 0.028286825865507126 0.102831169962883
0 0.9451068639755249 0.5129498243331909 0.01953277550637722 0.05949735641479492
0 0.6419233679771423 0.5223752856254578 0.019474124535918236 0.04457397386431694
0 0.21776673197746277 0.5203973650932312 0.024399328976869583 0.06343431770801544
0 0.24030034244060516 0.5243492722511292 0.020618772134184837 0.056981660425662994
0 0.9870826601982117 0.5215734243392944 0.01742572709918022 0.04481372982263565
0 0.3012356162071228 0.5263569951057434 0.020281171426177025 0.06507463753223419
0 0.26351699233055115 0.5278903841972351 0.015353011898696423 0.05809631198644638
0 0.2798158526420593 0.5280870199203491 0.019896745681762695 0.06015338748693466
0 0.32169294357299805 0.5201544165611267 0.01578364335000515 0.04424314573407173
0 0.3530033826828003 0.5206645131111145 0.015111541375517845 0.03665466234087944
