0 0.5231186747550964 0.5836139917373657 0.4760894775390625 0.34669190645217896
0 0.2145185023546219 0.5864956378936768 0.4285850524902344 0.3259219229221344
0 0.7653836607933044 0.14270609617233276 0.1560439169406891 0.16689661145210266
0 0.10926376283168793 0.2580929398536682 0.21759918332099915 0.15123985707759857
0 0.9481576085090637 0.21123197674751282 0.10330047458410263 0.09351129829883575
0 0.6205875277519226 0.15254440903663635 0.13567200303077698 0.12449342012405396
0 0.4001716673374176 0.22220352292060852 0.1760985404253006 0.0840701088309288
0 0.0801432877779007 0.13333426415920258 0.15957799553871155 0.11179034411907196
0 0.21222028136253357 0.2155580222606659 0.4134441316127777 0.15180416405200958
0 0.5832964777946472 0.2142695188522339 0.1911482810974121 0.09656290709972382
