0 0.7183837294578552 0.5365206599235535 0.12230625003576279 0.0659184455871582
0 0.14539234340190887 0.5561146140098572 0.20585227012634277 0.0995720848441124
0 0.40700763463974 0.5470409393310547 0.17739860713481903 0.07895489037036896
0 0.5589856505393982 0.5385746955871582 0.16274061799049377 0.07411422580480576
0 0.9735706448554993 0.545293390750885 0.05295829847455025 0.06782655417919159
0 0.9487200975418091 0.49461039900779724 0.041295431554317474 0.020270824432373047
0 0.44501644372940063 0.5166648626327515 0.08932848274707794 0.0419405922293663
0 0.2926701307296753 0.49579042196273804 0.05807237699627876 0.022761916741728783
0 0.5459410548210144 0.4917866587638855 0.03606357425451279 0.016024399548768997
0 0.8395463824272156 0.5312296152114868 0.08417586982250214 0.04734296724200249
