0 0.3900962769985199 0.6642727851867676 0.3836163580417633 0.15493039786815643
0 0.7185804843902588 0.8107911348342896 0.5631709098815918 0.2903088927268982
0 0.5937182307243347 0.5618390440940857 0.20014819502830505 0.0692223533987999
0 0.12301669269800186 0.569104790687561 0.23574447631835938 0.07540760189294815
0 0.39655962586402893 0.5769067406654358 0.2169446051120758 0.06895065307617188
0 0.2932312786579132 0.5114863514900208 0.09646840393543243 0.029117394238710403
0 0.14180558919906616 0.7011726498603821 0.28317248821258545 0.2066972702741623
0 0.17804007232189178 0.5050289034843445 0.07089747488498688 0.027394866570830345
0 0.4972512125968933 0.5408695936203003 0.1293371170759201 0.04201860353350639
0 0.16132144629955292 0.5100091099739075 0.10446591675281525 0.03697528690099716
0 0.4250526428222656 0.5290691256523132 0.10602398216724396 0.032930660992860794
