0 0.4173658490180969 0.5146896243095398 0.05529029294848442 0.025392819195985794
0 0.6926470398902893 0.5017784833908081 0.025430774316191673 0.012811660766601562
0 0.3615446388721466 0.49380189180374146 0.018109750002622604 0.010795211419463158
0 0.2768665552139282 0.5044082403182983 0.03622884675860405 0.019875621423125267
0 0.5840269327163696 0.5354537963867188 0.11097583919763565 0.036103248596191406
0 0.8799877166748047 0.49547672271728516 0.021750831976532936 0.01116113644093275
0 0.14959046244621277 0.5085097551345825 0.04731891304254532 0.0199261661618948
0 0.2258894145488739 0.49054843187332153 0.013814210891723633 0.007739352993667126
0 0.537849485874176 0.49207431077957153 0.012401866726577282 0.007695293519645929
0 0.5049216151237488 0.4904322028160095 0.0073341368697583675 0.006468772888183594
