7 0.7944310307502747 0.7967994213104248 0.11391701549291611 0.3352459967136383
7 0.4965492784976959 0.7029666900634766 0.35917729139328003 0.5920588970184326
7 0.9083005785942078 0.8093355894088745 0.0968790054321289 0.28090348839759827
7 0.049903273582458496 0.7812132835388184 0.09917621314525604 0.24996452033519745
7 0.18043813109397888 0.7841635942459106 0.08197756111621857 0.2547208368778229
7 0.25980913639068604 0.7968215942382812 0.10543179512023926 0.30302271246910095
7 0.1147146001458168 0.7770863175392151 0.05300414562225342 0.17961129546165466
7 0.6657818555831909 0.7849971055984497 0.06169547885656357 0.21221594512462616
7 0.7107031345367432 0.7568538784980774 0.030446242541074753 0.09159622341394424
7 0.988392174243927 0.7812395691871643 0.02300109900534153 0.1463788002729416
7 0.9716383218765259 0.7768360376358032 0.03790454939007759 0.139781191945076
