7 0.551578164100647 0.6784348487854004 0.17459659278392792 0.48035866022109985
7 0.2931097149848938 0.6602570414543152 0.1978655308485031 0.5384751558303833
7 0.8046385645866394 0.7144781351089478 0.09332098811864853 0.20230083167552948
7 0.17349940538406372 0.7153873443603516 0.03209583833813667 0.10536155849695206
7 0.7440800070762634 0.7181335091590881 0.03330087661743164 0.11230096966028214
7 0.4636567533016205 0.733194887638092 0.06866779178380966 0.12808552384376526
7 0.41990742087364197 0.7121629118919373 0.0425540916621685 0.1417241096496582
7 0.8796039819717407 0.7150983810424805 0.05248966068029404 0.11698456108570099
7 0.33745697140693665 0.7055195569992065 0.029234934598207474 0.07500696182250977
7 0.6705373525619507 0.7194728851318359 0.027489852160215378 0.08298616111278534
7 0.9004753232002258 0.7171804904937744 0.026414871215820312 0.11400842666625977
