7 0.5250602960586548 0.7135874032974243 0.21828022599220276 0.5457138419151306
7 0.2528407573699951 0.6979252696037292 0.21436944603919983 0.5535739660263062
7 0.9086018800735474 0.6805420517921448 0.18188056349754333 0.4229891896247864
7 0.7807897925376892 0.694107174873352 0.128211110830307 0.3626890182495117
7 0.41683903336524963 0.6643060445785522 0.09924764931201935 0.3012733459472656
7 0.031140917912125587 0.6602742075920105 0.062216080725193024 0.2783125936985016
7 0.6663624048233032 0.6547789573669434 0.05315408855676651 0.15888309478759766
7 0.14762939512729645 0.6656153798103333 0.06057703495025635 0.2610544264316559
7 0.11087002605199814 0.6613667607307434 0.04660968855023384 0.19346599280834198
7 0.06308212131261826 0.6676771640777588 0.057280052453279495 0.18106985092163086
7 0.35253119468688965 0.6633293628692627 0.04006833955645561 0.20050029456615448
7 0.6328248381614685 0.6571327447891235 0.02842864952981472 0.13048401474952698
7 0.6951512694358826 0.6543534994125366 0.027354145422577858 0.089948371052742
7 0.9860559701919556 0.6604140400886536 0.027750397101044655 0.2105303704738617
