2 0.8200877904891968 0.6463016867637634 0.12780041992664337 0.09987020492553711
2 0.2108950912952423 0.7358293533325195 0.22750511765480042 0.19464321434497833
2 0.6215897798538208 0.6383470296859741 0.10241232067346573 0.08408947288990021
2 0.5792359113693237 0.5850086808204651 0.03714141994714737 0.034803103655576706
2 0.8469773530960083 0.5610790848731995 0.03605709224939346 0.030289744958281517
2 0.22644153237342834 0.6207463145256042 0.03706030920147896 0.030206680297851562
2 0.3583981394767761 0.6009963750839233 0.04661259800195694 0.04262847825884819
2 0.47799643874168396 0.6006900668144226 0.031464386731386185 0.030846213921904564
2 0.7667942643165588 0.6094438433647156 0.08872365951538086 0.06056051328778267
2 0.3588005006313324 0.6119357943534851 0.04811439663171768 0.06618223339319229
2 0.599799633026123 0.5664855241775513 0.02058381959795952 0.023789405822753906
2 0.7240344285964966 0.5686571002006531 0.018301868811249733 0.016674231737852097
2 0.6945195198059082 0.5699801445007324 0.023602675646543503 0.016864966601133347
