8 0.06779223680496216 0.5867106914520264 0.08628015220165253 0.12435398250818253
8 0.7403620481491089 0.675713300704956 0.07685651630163193 0.14903736114501953
8 0.40856093168258667 0.6378623843193054 0.06028556823730469 0.11630773544311523
8 0.2177470624446869 0.5792546272277832 0.32486432790756226 0.6491414904594421
8 0.9825795888900757 0.7032424807548523 0.03413372114300728 0.1332007348537445
8 0.6693386435508728 0.6830849051475525 0.03947572782635689 0.07171974331140518
8 0.6131213307380676 0.6853077411651611 0.03225736692547798 0.06352414935827255
8 0.5087705254554749 0.6772390604019165 0.046782396733760834 0.08217944949865341
8 0.8616234064102173 0.6998425126075745 0.2573409974575043 0.5309714078903198
8 0.4690891206264496 0.6709093451499939 0.02954559400677681 0.05593595653772354
8 0.5649248957633972 0.6573622822761536 0.04348773881793022 0.1009853333234787
