8 0.8538119196891785 0.7818781733512878 0.2373228520154953 0.37401217222213745
8 0.5054314732551575 0.6299630999565125 0.08589210361242294 0.11317624896764755
8 0.394776314496994 0.6708987355232239 0.07730269432067871 0.1553259789943695
8 0.12712213397026062 0.8015536069869995 0.25350886583328247 0.39499345421791077
8 0.2578854262828827 0.736456573009491 0.18400458991527557 0.2955659329891205
8 0.6435667276382446 0.6417011022567749 0.04318428039550781 0.09124107658863068
8 0.7412790060043335 0.6709566116333008 0.08502645790576935 0.15034380555152893
8 0.6825063824653625 0.6516714096069336 0.060499001294374466 0.11644458770751953
8 0.6167059540748596 0.640702486038208 0.03199758380651474 0.08638010174036026
8 0.35227832198143005 0.7080414891242981 0.09308652579784393 0.2061312198638916
8 0.9826413989067078 0.7476885914802551 0.03436317294836044 0.26363053917884827
