2 0.1786751002073288 0.2347336709499359 0.2264958918094635 0.22070065140724182
2 0.10441982746124268 0.5766651034355164 0.20718960464000702 0.32266274094581604
2 0.32712510228157043 0.28847387433052063 0.07832684367895126 0.1735858917236328
2 0.32998767495155334 0.44071832299232483 0.07702226936817169 0.16078431904315948
2 0.16238605976104736 0.414193719625473 0.2590216100215912 0.20172357559204102
2 0.4237167239189148 0.7234807014465332 0.06252355873584747 0.15370869636535645
2 0.23140478134155273 0.5603528022766113 0.45603427290916443 0.8725191354751587
2 0.3728359639644623 0.5996127128601074 0.06485936790704727 0.15295562148094177
2 0.10250918567180634 0.8503676652908325 0.20077423751354218 0.2972135543823242
2 0.3128334581851959 0.7777365446090698 0.09201798588037491 0.20275521278381348
