7 0.8908222913742065 0.6765086054801941 0.1371263563632965 0.40899524092674255
7 0.5247727036476135 0.650732696056366 0.19628210365772247 0.5583226680755615
7 0.7990753054618835 0.6910909414291382 0.08350606262683868 0.24730868637561798
7 0.6842455863952637 0.7058446407318115 0.0455775260925293 0.1201203316450119
7 0.2724504768848419 0.6905304789543152 0.14633068442344666 0.4281217157840729
7 0.12144681066274643 0.7372745275497437 0.06745678931474686 0.16228289902210236
7 0.7369906306266785 0.7004089951515198 0.05321464687585831 0.1553564965724945
7 0.6439127326011658 0.7177922129631042 0.02452554740011692 0.07012424618005753
7 0.2209983766078949 0.7372845411300659 0.04312244802713394 0.1028473824262619
7 0.1763828843832016 0.7272871732711792 0.03813128545880318 0.10968188941478729
7 0.05396612361073494 0.7256497740745544 0.03420008346438408 0.08593664318323135
7 0.02202513813972473 0.7270901203155518 0.04141801595687866 0.13511018455028534
7 0.9279958605766296 0.7234220504760742 0.03040924109518528 0.09565553814172745
7 0.36776649951934814 0.729074239730835 0.02445239946246147 0.06696663051843643
7 0.39350613951683044 0.715886116027832 0.01980266533792019 0.0659341812133789
7 0.9838053584098816 0.6996738314628601 0.032038114964962006 0.14125481247901917
