2 0.20023420453071594 0.7563349604606628 0.20219941437244415 0.15356655418872833
2 0.8629193305969238 0.7946776151657104 0.17352013289928436 0.16602377593517303
2 0.7916273474693298 0.7135435342788696 0.1321379691362381 0.10576848685741425
2 0.6514830589294434 0.6653599739074707 0.10261402279138565 0.07151603698730469
2 0.3226029872894287 0.646928071975708 0.0955328494310379 0.04972229152917862
2 0.8552743792533875 0.641739010810852 0.061774253845214844 0.04198942333459854
2 0.37133949995040894 0.6307369470596313 0.06345073878765106 0.042283058166503906
2 0.7917940020561218 0.6296555995941162 0.05482478067278862 0.037914372980594635
2 0.7383579611778259 0.6186802983283997 0.044013023376464844 0.030153369531035423
2 0.4528960585594177 0.608608603477478 0.03900928422808647 0.029465198516845703
2 0.39942651987075806 0.6186402440071106 0.05499706417322159 0.03617363050580025
2 0.6000402569770813 0.6330665946006775 0.06314373016357422 0.045134734362363815
2 0.677358090877533 0.6080951690673828 0.0376802459359169 0.02776184119284153
2 0.47571125626564026 0.6006558537483215 0.0379827506840229 0.02433471754193306
2 0.2691771984100342 0.6860485672950745 0.11785168945789337 0.09049081802368164
2 0.5161850452423096 0.5978950262069702 0.03361768648028374 0.021053314208984375
2 0.6287381649017334 0.6090672016143799 0.037937164306640625 0.026948262006044388
