7 0.897169291973114 0.7562422156333923 0.08853473514318466 0.265841007232666
7 0.43460020422935486 0.5924233198165894 0.529177188873291 0.8142309188842773
7 0.17139805853366852 0.7598475217819214 0.06514070183038712 0.292252779006958
7 0.7915604710578918 0.7443373799324036 0.08782081305980682 0.2715438902378082
7 0.11703415960073471 0.7412022352218628 0.06632037460803986 0.17855587601661682
7 0.6793675422668457 0.7009181380271912 0.047501467168331146 0.12016782909631729
7 0.7345821261405945 0.704319417476654 0.04055509716272354 0.12583103775978088
7 0.8334386944770813 0.7005550265312195 0.0367216095328331 0.1144014373421669
7 0.9856492877006531 0.7501611709594727 0.0280595775693655 0.22422146797180176
7 0.9857140779495239 0.7267692685127258 0.028195571154356003 0.1746879518032074
