7 0.29058536887168884 0.745734453201294 0.2755837142467499 0.5063492655754089
7 0.5330220460891724 0.6896330714225769 0.11353893578052521 0.3268856108188629
7 0.6173027157783508 0.6469049453735352 0.06282081454992294 0.1821397840976715
7 0.8077285885810852 0.7068693041801453 0.10300235450267792 0.27464938163757324
7 0.8934224843978882 0.712540328502655 0.09398002922534943 0.28265076875686646
7 0.45871442556381226 0.6283782720565796 0.047121524810791016 0.13631467521190643
7 0.7420039176940918 0.6301049590110779 0.05283508449792862 0.14340658485889435
7 0.9811733961105347 0.6796993017196655 0.0374387726187706 0.2341928482055664
7 0.6876352429389954 0.6050775647163391 0.02586355246603489 0.10145807266235352
7 0.6665989756584167 0.6055151224136353 0.031531523913145065 0.09229526668787003
7 0.9811066389083862 0.7339587211608887 0.03737583011388779 0.3440381586551666
