4 0.24827174842357635 0.6822888851165771 0.3508147895336151 0.24459657073020935
4 0.7674838900566101 0.5990352630615234 0.19107146561145782 0.1597118377685547
4 0.901073157787323 0.5619659423828125 0.11244507133960724 0.09001855552196503
4 0.3947668969631195 0.5769639015197754 0.10125167667865753 0.07470311969518661
4 0.9795312881469727 0.61097651720047 0.04082145541906357 0.165306955575943
4 0.5395920276641846 0.5855791568756104 0.16240473091602325 0.14565381407737732
4 0.46563273668289185 0.5382592678070068 0.053739167749881744 0.05150585249066353
4 0.2847418189048767 0.5465709567070007 0.06256222724914551 0.02994709089398384
4 0.6877708435058594 0.5398106575012207 0.043653201311826706 0.03959007188677788
4 0.42083877325057983 0.5452556610107422 0.08113930374383926 0.04720582813024521
4 0.6067952513694763 0.5372576713562012 0.036577604711055756 0.03589315339922905
4 0.3215036690235138 0.5456427335739136 0.03857221454381943 0.0317319855093956
