0 0.7719232439994812 0.785527229309082 0.14961108565330505 0.10011687129735947
0 0.27934783697128296 0.7576174139976501 0.12444772571325302 0.09301481395959854
0 0.6719039082527161 0.75789475440979 0.0983707457780838 0.08115901798009872
0 0.3532889783382416 0.7392553091049194 0.04121961444616318 0.051489830017089844
0 0.5384144186973572 0.7205047011375427 0.031896401196718216 0.035375405102968216
0 0.3792019188404083 0.726149320602417 0.03326840326189995 0.031987763941287994
0 0.5801607370376587 0.7346041798591614 0.03142671659588814 0.038062285631895065
0 0.39655181765556335 0.7093457579612732 0.026457643136382103 0.02171945571899414
0 0.6146238446235657 0.7421982288360596 0.05565700680017471 0.05518960952758789
0 0.507192075252533 0.7098665833473206 0.028799057006835938 0.022965144366025925
0 0.5624098777770996 0.7299996614456177 0.04087190702557564 0.036185454577207565
