0 0.3310234248638153 0.829742431640625 0.21818403899669647 0.09633298218250275
0 0.20978650450706482 0.7940239906311035 0.06509985029697418 0.023009348660707474
0 0.5231686234474182 0.7903721928596497 0.07161464542150497 0.03416252136230469
0 0.0965479239821434 0.7945694327354431 0.047007255256175995 0.021665478125214577
0 0.43716955184936523 0.7917396426200867 0.06138629838824272 0.03500781208276749
0 0.2655068635940552 0.7949874401092529 0.05257735401391983 0.028127193450927734
0 0.9034862518310547 0.7779443860054016 0.0729747787117958 0.0266552921384573
0 0.6998142600059509 0.7868695259094238 0.05202922970056534 0.026668548583984375
0 0.9390965700149536 0.7723345160484314 0.04460964351892471 0.02539987489581108
0 0.739107608795166 0.7888218760490417 0.04242534562945366 0.023176908493041992
