0 0.7494315505027771 0.5918682813644409 0.5001328587532043 0.46436554193496704
0 0.8335375785827637 0.44406190514564514 0.08442902565002441 0.05205888673663139
0 0.4643498361110687 0.42076581716537476 0.04491787031292915 0.039403341710567474
0 0.5383241176605225 0.4219755530357361 0.05069112777709961 0.042627908289432526
0 0.18734274804592133 0.43358486890792847 0.1023382917046547 0.07083272933959961
0 0.2520771920681 0.5918616056442261 0.503832221031189 0.46971702575683594
0 0.3368082344532013 0.42418980598449707 0.03269767761230469 0.041277505457401276
0 0.4269927144050598 0.41575488448143005 0.030347157269716263 0.023087119683623314
0 0.13206033408641815 0.4397483468055725 0.09071455150842667 0.05520019680261612
0 0.7000452876091003 0.4380940794944763 0.04323282092809677 0.051537513732910156
0 0.24020929634571075 0.4354952871799469 0.04622025415301323 0.06721849739551544
0 0.6681497097015381 0.4341903328895569 0.03919257968664169 0.04995441436767578
0 0.2666611969470978 0.42777642607688904 0.06592812389135361 0.06303300708532333
0 0.4995798170566559 0.415196031332016 0.03251781314611435 0.025746632367372513
