0 0.8925672769546509 0.45218363404273987 0.21441765129566193 0.12001819908618927
0 0.016449758782982826 0.5092892050743103 0.03270593285560608 0.062970831990242
0 0.1690484881401062 0.4547227919101715 0.17152898013591766 0.08541373908519745
0 0.08262220770120621 0.44994133710861206 0.16459396481513977 0.14487886428833008
0 0.7364612817764282 0.42580580711364746 0.07691554725170135 0.05339984968304634
0 0.3183479309082031 0.4173094630241394 0.07319460064172745 0.03224058076739311
0 0.3664293885231018 0.4074571132659912 0.07852943241596222 0.025323104113340378
0 0.27777421474456787 0.42993393540382385 0.09845957905054092 0.06681372970342636
0 0.48414984345436096 0.5963771343231201 0.8597599267959595 0.38663578033447266
0 0.19117121398448944 0.43429097533226013 0.21859177947044373 0.08874578773975372
0 0.08273935317993164 0.4682064652442932 0.16508622467517853 0.10824499279260635
