5 0.6591759920120239 0.6649124622344971 0.11023826897144318 0.1119326576590538
5 0.8292442560195923 0.6602457165718079 0.1405692994594574 0.10776548087596893
5 0.746086835861206 0.6198683977127075 0.05489025264978409 0.04668884351849556
5 0.476914644241333 0.6182593107223511 0.0948571190237999 0.07141552120447159
5 0.22847886383533478 0.635475218296051 0.043424319475889206 0.07729492336511612
5 0.3184414803981781 0.634575605392456 0.04323549196124077 0.07600031048059464
5 0.5528991222381592 0.6160279512405396 0.0984501838684082 0.07166662067174911
5 0.6045273542404175 0.6164472103118896 0.09277095645666122 0.07108660042285919
5 0.2965083122253418 0.6189292073249817 0.04215841367840767 0.0544649139046669
5 0.3844143748283386 0.6142242550849915 0.0862283706665039 0.06645746529102325
