5 0.5229132175445557 0.7039980888366699 0.1983390748500824 0.5274744033813477
5 0.03241509571671486 0.662226140499115 0.06446825712919235 0.3130576014518738
5 0.9122995138168335 0.6783690452575684 0.10044288635253906 0.2352457046508789
5 0.9802892804145813 0.6519631147384644 0.03900718688964844 0.24863281846046448
5 0.16871698200702667 0.6565499901771545 0.0941227525472641 0.23435640335083008
5 0.4042930603027344 0.6448639035224915 0.053951360285282135 0.15011386573314667
5 0.27226367592811584 0.6806539297103882 0.12076950073242188 0.3005084991455078
5 0.35943201184272766 0.6448073387145996 0.04444470256567001 0.13455943763256073
5 0.6667129993438721 0.635847806930542 0.03611717373132706 0.1254865676164627
5 0.6342008709907532 0.6318705081939697 0.03506765514612198 0.10883951187133789
5 0.8560087084770203 0.6431965231895447 0.046719931066036224 0.14446716010570526
5 0.7860091328620911 0.6300755739212036 0.04735736921429634 0.11962966620922089
5 0.21816149353981018 0.6536566019058228 0.04235434532165527 0.20388832688331604
