5 0.5820751786231995 0.724737286567688 0.2711609899997711 0.5485935211181641
5 0.2830564081668854 0.7084701657295227 0.33624058961868286 0.5809224843978882
5 0.9813467264175415 0.6799143552780151 0.03687477111816406 0.22139044106006622
5 0.7937703728675842 0.6744936108589172 0.06946496665477753 0.19090481102466583
5 0.9052454233169556 0.6744091510772705 0.07252426445484161 0.18705730140209198
5 0.8534260988235474 0.6569761633872986 0.044901467859745026 0.127312570810318
5 0.026260092854499817 0.6786395907402039 0.05196912959218025 0.1548829972743988
5 0.099632129073143 0.6588176488876343 0.03962799906730652 0.12060384452342987
5 0.06396470963954926 0.6509133577346802 0.03451777622103691 0.09951076656579971
5 0.14558126032352448 0.6336341500282288 0.031245971098542213 0.07163991779088974
5 0.7299717664718628 0.6390938758850098 0.03217296674847603 0.07838115841150284
