5 0.2472330629825592 0.6326471567153931 0.49363890290260315 0.701320230960846
5 0.29151982069015503 0.37256473302841187 0.16658177971839905 0.4358205795288086
5 0.4961453080177307 0.3830954134464264 0.177259162068367 0.4475893974304199
5 0.653153657913208 0.36197876930236816 0.1292496621608734 0.37873363494873047
5 0.9153119325637817 0.4011159837245941 0.16881179809570312 0.3737344741821289
5 0.7587873339653015 0.36915165185928345 0.13696131110191345 0.3893824517726898
5 0.4310930371284485 0.3545229434967041 0.07537984848022461 0.33797675371170044
5 0.3610492944717407 0.35876306891441345 0.08404898643493652 0.325491338968277
5 0.5701063871383667 0.34778890013694763 0.08479948341846466 0.35026875138282776
5 0.8319488763809204 0.3278900980949402 0.05445880815386772 0.21224012970924377
5 0.9656679034233093 0.2587342858314514 0.06093902513384819 0.13469509780406952
5 0.8756537437438965 0.31372395157814026 0.07187004387378693 0.2263418436050415
