5 0.48975151777267456 0.7093661427497864 0.41406410932540894 0.580181896686554
5 0.1054171547293663 0.7472827434539795 0.09865688532590866 0.24436445534229279
5 0.8936334848403931 0.7547050714492798 0.09473247826099396 0.2796671390533447
5 0.7966865301132202 0.7473886609077454 0.09100337326526642 0.24607396125793457
5 0.27879634499549866 0.7688931822776794 0.10294055938720703 0.33144158124923706
5 0.6761453151702881 0.6930757761001587 0.04944629594683647 0.12156867980957031
5 0.19164519011974335 0.7506508231163025 0.07723826169967651 0.24788980185985565
5 0.22087082266807556 0.7104436755180359 0.033715344965457916 0.17036351561546326
5 0.9848731756210327 0.7308517694473267 0.029842376708984375 0.20321278274059296
5 0.14049699902534485 0.7195191979408264 0.02970266342163086 0.13386383652687073
