5 0.5020411014556885 0.6815415620803833 0.38743504881858826 0.6348180770874023
5 0.026953209191560745 0.6952935457229614 0.05360133573412895 0.3164171576499939
5 0.2689451277256012 0.7365639805793762 0.12988796830177307 0.4286598265171051
5 0.18639591336250305 0.6603202223777771 0.07409165799617767 0.21228179335594177
5 0.7730940580368042 0.662942111492157 0.07249903678894043 0.2229268103837967
5 0.858894944190979 0.6947718262672424 0.10370121151208878 0.29224690794944763
5 0.6643425822257996 0.6573681235313416 0.041059114038944244 0.1807941496372223
5 0.9861303567886353 0.701379656791687 0.027559470385313034 0.26436322927474976
5 0.8924596905708313 0.6881501078605652 0.0417659766972065 0.22403693199157715
5 0.7331579923629761 0.6248560547828674 0.02839374542236328 0.1163320541381836
