5 0.49978742003440857 0.6471458673477173 0.2027137726545334 0.5650100708007812
5 0.2772308588027954 0.660491943359375 0.20339980721473694 0.5450828671455383
5 0.7613072395324707 0.6679503917694092 0.209696963429451 0.5498231053352356
5 0.13569487631320953 0.5412089228630066 0.046013664454221725 0.13627919554710388
5 0.9841977953910828 0.529748797416687 0.03151683881878853 0.1602311134338379
5 0.07065581530332565 0.540808916091919 0.050063036382198334 0.1385897696018219
5 0.024120628833770752 0.5440014600753784 0.04768519848585129 0.1584051102399826
5 0.852689266204834 0.525909423828125 0.0498899444937706 0.11602143943309784
5 0.6402152180671692 0.5283803939819336 0.03623161464929581 0.11588306725025177
5 0.1756451576948166 0.5142202973365784 0.023874234408140182 0.07842846214771271
5 0.8171575665473938 0.4818946421146393 0.02458171918988228 0.029263878241181374
5 0.9275172352790833 0.5330284237861633 0.0505765900015831 0.14899806678295135
