5 0.5175206661224365 0.6490836143493652 0.1843070089817047 0.5615705251693726
5 0.26805806159973145 0.6213191747665405 0.14953777194023132 0.40186214447021484
5 0.057445622980594635 0.6325439214706421 0.11451129615306854 0.43075981736183167
5 0.9105666875839233 0.6030213236808777 0.12080307304859161 0.3544498383998871
5 0.6358169913291931 0.591859757900238 0.07297086715698242 0.23159313201904297
5 0.7854493260383606 0.6163570880889893 0.1150214672088623 0.31400710344314575
5 0.9821286201477051 0.6032570600509644 0.03536243364214897 0.265812486410141
5 0.8428003191947937 0.5926223993301392 0.06733588874340057 0.2367158830165863
5 0.17874105274677277 0.5880750417709351 0.046813298016786575 0.19561681151390076
5 0.12785114347934723 0.5897672772407532 0.06597726792097092 0.21127405762672424
5 0.40250930190086365 0.596815288066864 0.05283000320196152 0.20808419585227966
5 0.35661986470222473 0.595441460609436 0.04778914526104927 0.20425471663475037
