5 0.8974944353103638 0.7853561639785767 0.06172885745763779 0.18137964606285095
5 0.38413333892822266 0.7699957489967346 0.11284997314214706 0.3901499807834625
5 0.7976148724555969 0.778263509273529 0.04989228397607803 0.12220144271850586
5 0.27337732911109924 0.7469388842582703 0.11599135398864746 0.43071040511131287
5 0.17054271697998047 0.749605119228363 0.021851802244782448 0.05995006486773491
5 0.136437326669693 0.7485299706459045 0.01986067369580269 0.0592777244746685
5 0.7421805262565613 0.7424308657646179 0.01990346983075142 0.048395633697509766
5 0.544881284236908 0.7707148790359497 0.029811669141054153 0.08795547485351562
5 0.4597249925136566 0.7660956382751465 0.03183736652135849 0.08270339667797089
5 0.6407310366630554 0.7381937503814697 0.013125610537827015 0.0281847957521677
5 0.15247836709022522 0.7386796474456787 0.01165475882589817 0.030515670776367188
5 0.479686439037323 0.7414588332176208 0.017478084191679955 0.03821859508752823
