5 0.4581601023674011 0.6481758952140808 0.4792589247226715 0.7019887566566467
5 0.9082782864570618 0.8085820078849792 0.08619346469640732 0.2396247833967209
5 0.8169063329696655 0.8050376176834106 0.08034782111644745 0.2379472702741623
5 0.11704270541667938 0.7785730361938477 0.0683940201997757 0.18022365868091583
5 0.19599184393882751 0.7778379321098328 0.06960521638393402 0.18763670325279236
5 0.7478522658348083 0.7489727735519409 0.027424907311797142 0.0654897689819336
5 0.7154229283332825 0.759071946144104 0.028005409985780716 0.08192191272974014
5 0.8544799089431763 0.7348164916038513 0.033644866198301315 0.06926755607128143
5 0.016307195648550987 0.7575087547302246 0.03128137066960335 0.09956765174865723
5 0.06491601467132568 0.7328317761421204 0.023062516003847122 0.07133007049560547
