5 0.5483260750770569 0.4665372967720032 0.10145807266235352 0.14190244674682617
5 0.29819461703300476 0.3560008704662323 0.050715066492557526 0.10094714164733887
5 0.8909124135971069 0.7387606501579285 0.17558422684669495 0.23594145476818085
5 0.04044661670923233 0.44097334146499634 0.08034662902355194 0.16089248657226562
5 0.9363878965377808 0.2229805886745453 0.0856027603149414 0.08180083334445953
5 0.19266468286514282 0.16818788647651672 0.052327465265989304 0.06558366119861603
5 0.36476343870162964 0.1949712336063385 0.05419196933507919 0.07626696676015854
5 0.7395932078361511 0.33534812927246094 0.17805838584899902 0.1672615110874176
5 0.8583443760871887 0.26626235246658325 0.06660003960132599 0.11180548369884491
5 0.8337174654006958 0.12190289795398712 0.059162139892578125 0.060811303555965424
5 0.5019410848617554 0.14920872449874878 0.036618899554014206 0.06460978835821152
5 0.765329122543335 0.1538711041212082 0.06466607749462128 0.07861828804016113
5 0.22369888424873352 0.6721268892288208 0.328360378742218 0.3036310076713562
5 0.025740880519151688 0.3093916177749634 0.051266372203826904 0.11190905421972275
5 0.7015950679779053 0.09680493175983429 0.03495359420776367 0.048946548253297806
5 0.4138479232788086 0.12049027532339096 0.046895693987607956 0.04821033403277397
5 0.6058968305587769 0.12365870177745819 0.04406175762414932 0.05071604251861572
5 0.6208069324493408 0.19729933142662048 0.07639026641845703 0.0945856124162674
5 0.5388736724853516 0.0893263965845108 0.02289762534201145 0.03983762115240097
5 0.7726616263389587 0.07620071619749069 0.027381038293242455 0.044754158705472946
5 0.2255837619304657 0.1161639541387558 0.025989770889282227 0.03952531889081001
5 0.29663771390914917 0.1471625715494156 0.03482308238744736 0.048606157302856445
5 0.20089969038963318 0.24544687569141388 0.0650566965341568 0.08221311867237091
5 0.11372880637645721 0.12936313450336456 0.028684336692094803 0.04986176639795303
5 0.9654019474983215 0.0674101859331131 0.025921249762177467 0.04282240942120552
5 0.0110689178109169 0.220130056142807 0.02212744578719139 0.052657317370176315
5 0.9059330224990845 0.0986793264746666 0.024815941229462624 0.04190077632665634
5 0.9869043231010437 0.1813637614250183 0.025958824902772903 0.07362721115350723
5 0.45900097489356995 0.07125255465507507 0.031145190820097923 0.028847480192780495
5 0.31421470642089844 0.09946062415838242 0.024576950818300247 0.03146443888545036
5 0.1570298820734024 0.08936762809753418 0.025420665740966797 0.029628729447722435
5 0.6053281426429749 0.07557479292154312 0.022988224402070045 0.036739349365234375
5 0.7166227698326111 0.05043674260377884 0.022757912054657936 0.027987908571958542
5 0.666480541229248 0.05778723210096359 0.03094501420855522 0.03716081380844116
5 0.8356627225875854 0.059683531522750854 0.016579056158661842 0.03503526747226715
5 0.0681672990322113 0.10142459720373154 0.018695104867219925 0.03533458709716797
5 0.38618624210357666 0.08100240677595139 0.014683008193969727 0.0372692346572876
5 0.8813861012458801 0.0482235811650753 0.03155555576086044 0.026795607060194016
5 0.9214452505111694 0.03432990610599518 0.019404029473662376 0.028910571709275246
5 0.9580212831497192 0.024575475603342056 0.02132892608642578 0.02954445406794548
5 0.24168045818805695 0.07692322880029678 0.012684392742812634 0.024401092901825905
5 0.8240612149238586 0.024753140285611153 0.014631271362304688 0.02243058942258358
5 0.1808733195066452 0.05426190420985222 0.016725707799196243 0.027145659551024437
5 0.7724053859710693 0.034205373376607895 0.029645442962646484 0.028422946110367775
5 0.549105703830719 0.049012281000614166 0.025110816583037376 0.029429471120238304
5 0.41754668951034546 0.25839170813560486 0.050293516367673874 0.10130548477172852
5 0.7316203117370605 0.015950266271829605 0.019328881055116653 0.025243062525987625
5 0.030269499868154526 0.0817001461982727 0.014548420906066895 0.027478504925966263
5 0.683148980140686 0.025348812341690063 0.020894337445497513 0.02325063943862915
5 0.41393429040908813 0.0455782450735569 0.01860494539141655 0.021958500146865845
5 0.10039987415075302 0.07066570967435837 0.023362135514616966 0.021673548966646194
