5 0.5247389674186707 0.7695384621620178 0.5895498394966125 0.21674184501171112
5 0.12006530910730362 0.8818503618240356 0.23955106735229492 0.23515495657920837
5 0.45901694893836975 0.6462412476539612 0.2590087056159973 0.20605525374412537
5 0.1750154197216034 0.7233379483222961 0.3492375910282135 0.3089420795440674
5 0.7872545123100281 0.6855670213699341 0.42191562056541443 0.2214188575744629
5 0.9034225344657898 0.7893517017364502 0.19219931960105896 0.22508573532104492
5 0.906741738319397 0.5865548253059387 0.17032337188720703 0.1523406058549881
5 0.9303509593009949 0.9118334650993347 0.13827094435691833 0.17501449584960938
5 0.7225314378738403 0.9064954519271851 0.3697582185268402 0.18626156449317932
5 0.5887012481689453 0.5966867804527283 0.14747019112110138 0.13389292359352112
5 0.923578143119812 0.6363559365272522 0.15218181908130646 0.06778965145349503
5 0.08665144443511963 0.5407858490943909 0.17264337837696075 0.07764530181884766
5 0.29508116841316223 0.9364482760429382 0.3988880515098572 0.12625464797019958
5 0.29216402769088745 0.5361470580101013 0.1675582379102707 0.12407074123620987
5 0.11366083472967148 0.6122112274169922 0.22620578110218048 0.10433950275182724
5 0.7670924067497253 0.5926637649536133 0.15876904129981995 0.1217641830444336
