5 0.37998390197753906 0.6507171392440796 0.1487669050693512 0.23727282881736755
5 0.9644287824630737 0.5081450343132019 0.07088355720043182 0.09376659244298935
5 0.7619546055793762 0.6111355423927307 0.2417469024658203 0.17973728477954865
5 0.5018107295036316 0.5762417912483215 0.14430217444896698 0.1724853515625
5 0.21594271063804626 0.6976721882820129 0.21596165001392365 0.2606920599937439
5 0.04758446663618088 0.5231300592422485 0.09462989866733551 0.12682190537452698
5 0.9380655288696289 0.45009034872055054 0.05168342590332031 0.04489154741168022
5 0.8976472020149231 0.43525534868240356 0.032540321350097656 0.03467273712158203
5 0.18724703788757324 0.4998683035373688 0.1181320995092392 0.0727466568350792
5 0.353123277425766 0.5333528518676758 0.18287961184978485 0.12076444923877716
5 0.8407828211784363 0.5907840728759766 0.20857945084571838 0.19926491379737854
5 0.41396933794021606 0.4765080511569977 0.07083873450756073 0.0509185791015625
5 0.7683332562446594 0.4826199412345886 0.07556299865245819 0.03702669218182564
5 0.6387218832969666 0.5777080059051514 0.08184385299682617 0.1942557394504547
5 0.5815314054489136 0.5723618865013123 0.06671581417322159 0.15996094048023224
5 0.13089600205421448 0.5036233067512512 0.07249893993139267 0.08181142807006836
5 0.1604156792163849 0.6322426199913025 0.1385403275489807 0.23520441353321075
