5 0.2319318801164627 0.7018769979476929 0.17399820685386658 0.1962001770734787
5 0.10068132728338242 0.6813495755195618 0.09277606010437012 0.15945187211036682
5 0.46644505858421326 0.7207111120223999 0.08887147903442383 0.20637130737304688
5 0.3516528010368347 0.7134391069412231 0.10770833492279053 0.21617341041564941
5 0.5547295212745667 0.7187138795852661 0.10631752014160156 0.21705326437950134
5 0.8432711362838745 0.7346930503845215 0.16829681396484375 0.2047416716814041
5 0.1528230756521225 0.6868318915367126 0.16025331616401672 0.19073772430419922
5 0.7110701203346252 0.7147420048713684 0.1038140282034874 0.20554828643798828
5 0.40462273359298706 0.7030164003372192 0.07996015250682831 0.19768328964710236
5 0.6214194297790527 0.7147936820983887 0.08863687515258789 0.21247538924217224
