5 0.1451646238565445 0.761178195476532 0.07526850700378418 0.0839296355843544
5 0.7354981303215027 0.7338123917579651 0.06523647159337997 0.08316393196582794
5 0.7751230001449585 0.6769601702690125 0.042479705065488815 0.046076010912656784
5 0.9026390314102173 0.7396982312202454 0.0761880874633789 0.11881618201732635
5 0.2373143881559372 0.7614573240280151 0.07730583846569061 0.08308124542236328
5 0.31202197074890137 0.764011800289154 0.11470546573400497 0.09154100716114044
5 0.8140164613723755 0.7696713209152222 0.07933221012353897 0.11327071487903595
5 0.39725664258003235 0.7496592402458191 0.10109686851501465 0.0765605941414833
5 0.620602011680603 0.6854847073554993 0.0446135513484478 0.04640502855181694
5 0.5475082993507385 0.7576093673706055 0.049432944506406784 0.1008821502327919
5 0.5797094702720642 0.7228391170501709 0.06335382163524628 0.07459497451782227
5 0.6789963841438293 0.6923854947090149 0.052605342119932175 0.05124940723180771
5 0.5185791850090027 0.7112016081809998 0.05402984470129013 0.07067327201366425
5 0.35445383191108704 0.7407051920890808 0.06389541923999786 0.09289388358592987
