5 0.790093183517456 0.6434680819511414 0.09526395797729492 0.0870594009757042
5 0.703277587890625 0.6458938717842102 0.114446260035038 0.09880609810352325
5 0.4725235104560852 0.6484571695327759 0.09600639343261719 0.09328851848840714
5 0.5525633096694946 0.6486085057258606 0.06831379234790802 0.09417925029993057
5 0.33074480295181274 0.6452504396438599 0.07949590682983398 0.09692783653736115
5 0.18387183547019958 0.6425521373748779 0.10351123660802841 0.10471238940954208
5 0.627943754196167 0.6431330442428589 0.0663977637887001 0.09456004947423935
5 0.26399996876716614 0.6426243782043457 0.08037705719470978 0.0970364585518837
5 0.416584312915802 0.6400415897369385 0.04189777374267578 0.09425439685583115
5 0.3855992257595062 0.6381031274795532 0.0401310920715332 0.09758110344409943
