5 0.24152430891990662 0.6569042205810547 0.06177849695086479 0.04693412780761719
5 0.46757563948631287 0.87977534532547 0.0990021675825119 0.07028789818286896
5 0.3135664463043213 0.7183741331100464 0.08448610454797745 0.07699251174926758
5 0.8468928337097168 0.8124669194221497 0.08039264380931854 0.0613977424800396
5 0.7027918696403503 0.7262131571769714 0.04076891019940376 0.03905496746301651
5 0.7714914679527283 0.7874692678451538 0.05247030407190323 0.06134223937988281
5 0.35471031069755554 0.6334061026573181 0.05639176443219185 0.03791389614343643
5 0.19865700602531433 0.5931320786476135 0.04236992448568344 0.036118604242801666
5 0.503399670124054 0.7813194990158081 0.07225589454174042 0.07555370032787323
5 0.43020620942115784 0.6868383288383484 0.05993347242474556 0.04365959018468857
5 0.5590065717697144 0.7223586440086365 0.0735769271850586 0.05033578723669052
5 0.7394357919692993 0.8058568239212036 0.056153297424316406 0.07910595089197159
5 0.4891420304775238 0.7307055592536926 0.05921974033117294 0.04651384428143501
5 0.446511447429657 0.6399405598640442 0.044811345636844635 0.03139352798461914
5 0.3131900727748871 0.6056004762649536 0.015756940469145775 0.015616321936249733
5 0.6446273326873779 0.7292980551719666 0.04872284084558487 0.03419637680053711
5 0.47227802872657776 0.6898322701454163 0.034401796758174896 0.03879289701581001
5 0.6104927062988281 0.7591449022293091 0.07140703499317169 0.05432119220495224
5 0.6732295155525208 0.7681755423545837 0.06813697516918182 0.0648745521903038
5 0.6199043393135071 0.6715052723884583 0.024018477648496628 0.02002744749188423
