5 0.17385339736938477 0.7452805042266846 0.2087850570678711 0.1759171485900879
5 0.34214621782302856 0.734587550163269 0.13464176654815674 0.1764868199825287
5 0.44005975127220154 0.7039417624473572 0.1253618448972702 0.15998812019824982
5 0.5488919019699097 0.6697102189064026 0.129459947347641 0.13792963325977325
5 0.7458353042602539 0.6346204280853271 0.10282983630895615 0.12065534293651581
5 0.34617024660110474 0.6889525055885315 0.1585826873779297 0.19763021171092987
5 0.6595717668533325 0.6485832333564758 0.1232568770647049 0.1273273527622223
5 0.8202039003372192 0.6199515461921692 0.11127104610204697 0.11168785393238068
5 0.863084614276886 0.5982351899147034 0.07378005981445312 0.10021714866161346
5 0.46369534730911255 0.6762908697128296 0.07761259377002716 0.14453773200511932
5 0.5212039351463318 0.5972489714622498 0.1323874443769455 0.03644409030675888
