5 0.5926430225372314 0.6464760303497314 0.05700721591711044 0.0962456688284874
5 0.5116276144981384 0.6543017625808716 0.07596578449010849 0.1091977134346962
5 0.3933841586112976 0.6440543532371521 0.05606215074658394 0.09645605087280273
5 0.27557939291000366 0.6483737826347351 0.06600060313940048 0.1034308448433876
5 0.6437295079231262 0.6471603512763977 0.05926237255334854 0.09954853355884552
5 0.34588250517845154 0.6489869356155396 0.054502297192811966 0.08654479682445526
5 0.4264739453792572 0.6417211294174194 0.03798045963048935 0.08425245434045792
5 0.21815529465675354 0.6461895704269409 0.05059851333498955 0.09809627383947372
5 0.4718705117702484 0.6416960954666138 0.05667610093951225 0.10010518878698349
5 0.8456676602363586 0.6520070433616638 0.06601810455322266 0.10241212695837021
5 0.32186776399612427 0.6432291269302368 0.03933148458600044 0.0963314026594162
5 0.7939258813858032 0.653457522392273 0.07998218387365341 0.09933862835168839
5 0.7385672330856323 0.6482135653495789 0.0543396957218647 0.10127267986536026
5 0.19520044326782227 0.6463685035705566 0.061103999614715576 0.10106039047241211
