5 0.4897046685218811 0.7887787818908691 0.13213109970092773 0.11195359379053116
5 0.6584068536758423 0.7854660749435425 0.17551270127296448 0.11223354190587997
5 0.2574816942214966 0.7914583086967468 0.10255761444568634 0.08031735569238663
5 0.8122865557670593 0.7436142563819885 0.13472099602222443 0.09642352908849716
5 0.39524030685424805 0.7527938485145569 0.049875855445861816 0.056882478296756744
5 0.8891975283622742 0.7208484411239624 0.1069757491350174 0.08617401123046875
5 0.015498528257012367 0.7878861427307129 0.029741257429122925 0.034252166748046875
5 0.8329331278800964 0.6804011464118958 0.048495102673769 0.03242139890789986
5 0.21913953125476837 0.7868698835372925 0.05796241760253906 0.07103724777698517
5 0.34674233198165894 0.7476183176040649 0.046872567385435104 0.04781694337725639
5 0.70196133852005 0.7312586903572083 0.05913133546710014 0.042734719812870026
5 0.47135305404663086 0.7231526970863342 0.05384321138262749 0.028630638495087624
5 0.09053162485361099 0.7962015271186829 0.07817395031452179 0.06377582252025604
5 0.916594386100769 0.6709368228912354 0.06351566314697266 0.03234529495239258
5 0.6578526496887207 0.7063535451889038 0.042188167572021484 0.03727006912231445
5 0.7805739641189575 0.6984729766845703 0.03934025764465332 0.03009471856057644
5 0.4967356324195862 0.7338384985923767 0.06525812298059464 0.029900360852479935
5 0.7524930238723755 0.6855993866920471 0.04034290462732315 0.023899460211396217
5 0.8753997087478638 0.6740720272064209 0.025473976507782936 0.024172306060791016
5 0.05035341903567314 0.7894567251205444 0.04083341360092163 0.03472552448511124
5 0.3008978068828583 0.7495790123939514 0.04981198161840439 0.0349489226937294
5 0.6322749853134155 0.7145031094551086 0.07087250053882599 0.03640460968017578
5 0.5367117524147034 0.7279527187347412 0.04040117189288139 0.03744830936193466
5 0.5739284157752991 0.7113906741142273 0.035843849182128906 0.02035369910299778
5 0.7017611265182495 0.7013580203056335 0.036325931549072266 0.027709294110536575
5 0.968133807182312 0.6624171137809753 0.0462430939078331 0.026662539690732956
5 0.0054650744423270226 0.7868680953979492 0.010960112325847149 0.034552622586488724
