5 0.5545260906219482 0.7969095706939697 0.30849170684814453 0.2510056495666504
5 0.6845075488090515 0.6162958741188049 0.15457658469676971 0.10447082668542862
5 0.34716272354125977 0.7391576766967773 0.19236290454864502 0.1525072604417801
5 0.48146191239356995 0.5848345160484314 0.10109691321849823 0.0817655548453331
5 0.1926083117723465 0.6867826581001282 0.1832684576511383 0.1940486878156662
5 0.21342208981513977 0.5996488928794861 0.12567248940467834 0.08092308044433594
5 0.39113038778305054 0.599995493888855 0.10687074810266495 0.08303537219762802
5 0.5763428807258606 0.5604661703109741 0.05817146226763725 0.05007753521203995
5 0.3069484233856201 0.628498911857605 0.1562081277370453 0.0922209769487381
5 0.8859246373176575 0.5749399065971375 0.06064319610595703 0.05442361906170845
5 0.9233675003051758 0.5569491982460022 0.04293002933263779 0.03018779680132866
5 0.16530120372772217 0.5391934514045715 0.05012974888086319 0.03212032467126846
5 0.009978565387427807 0.5371338129043579 0.019804293289780617 0.02282686159014702
5 0.3306209444999695 0.5626602172851562 0.07243504375219345 0.04499406740069389
5 0.8200486898422241 0.5622047185897827 0.031003188341856003 0.027733325958251953
5 0.7025953531265259 0.5626137256622314 0.06012105941772461 0.03818387910723686
5 0.2723448872566223 0.5494173765182495 0.03903231769800186 0.024947356432676315
5 0.5347109436988831 0.5319995284080505 0.02144804038107395 0.014671802520751953
5 0.6237858533859253 0.5652124285697937 0.055016327649354935 0.04275522381067276
5 0.48610448837280273 0.5502023696899414 0.026307487860322 0.030048180371522903
5 0.8468993902206421 0.5609583854675293 0.028168678283691406 0.033537767827510834
5 0.2347002476453781 0.5436122417449951 0.02025475539267063 0.027148056775331497
5 0.21964922547340393 0.5456032752990723 0.02416696585714817 0.0199127197265625
5 0.332209050655365 0.5358104109764099 0.019733572378754616 0.01777200773358345
5 0.4454801082611084 0.5316887497901917 0.019829750061035156 0.009757613763213158
