5 0.807339072227478 0.7384462952613831 0.23577365279197693 0.2150622308254242
5 0.35810229182243347 0.7712717652320862 0.2469816654920578 0.2414933145046234
5 0.9779211282730103 0.6507070660591125 0.043814849108457565 0.11164732277393341
5 0.913506805896759 0.6300376653671265 0.08739300072193146 0.09163513034582138
5 0.544388473033905 0.6702673435211182 0.1297101080417633 0.11108026653528214
5 0.23230183124542236 0.7326096296310425 0.2239619791507721 0.20447349548339844
5 0.6557531356811523 0.6639372110366821 0.10288114845752716 0.10359325259923935
5 0.11650285869836807 0.7032812833786011 0.10827627032995224 0.12474069744348526
5 0.7860477566719055 0.6278153657913208 0.05705146864056587 0.06415233761072159
5 0.8341934084892273 0.6296519637107849 0.04854946210980415 0.06254806369543076
5 0.7043253183364868 0.648545503616333 0.11032857745885849 0.10973529517650604
5 0.8576966524124146 0.6155783534049988 0.04872589185833931 0.0698578804731369
5 0.390922486782074 0.7195165753364563 0.19094505906105042 0.17342281341552734
