5 0.7715506553649902 0.6284878253936768 0.11447639763355255 0.10740642249584198
5 0.6694716811180115 0.6458090543746948 0.12017822265625 0.10151024162769318
5 0.4573531746864319 0.6549805402755737 0.07340516895055771 0.08578386157751083
5 0.31157347559928894 0.639559805393219 0.10918150097131729 0.09395971149206161
5 0.237461119890213 0.6385026574134827 0.0833444595336914 0.09814739227294922
5 0.5226855874061584 0.6495116353034973 0.08070345222949982 0.07729730755090714
5 0.6298128962516785 0.5881567597389221 0.06445999443531036 0.019951820373535156
5 0.5083126425743103 0.5957531332969666 0.06178750842809677 0.03803901746869087
5 0.2858213782310486 0.5891361236572266 0.05873465538024902 0.024678897112607956
5 0.5739573240280151 0.6368433833122253 0.09255953133106232 0.08204030990600586
5 0.3567287027835846 0.5837883949279785 0.042075060307979584 0.02545194700360298
5 0.5674368739128113 0.5896540284156799 0.04364728927612305 0.02178926393389702
5 0.4605041444301605 0.6011368632316589 0.05501394346356392 0.040238093584775925
5 0.42017167806625366 0.6350838541984558 0.09211206436157227 0.0933711975812912
