5 0.8654193878173828 0.7373453378677368 0.22278881072998047 0.21366004645824432
5 0.6171587705612183 0.7949790954589844 0.2653728425502777 0.26239413022994995
5 0.20331749320030212 0.7131096124649048 0.2687457203865051 0.21364498138427734
5 0.8136030435562134 0.5719853043556213 0.11037926375865936 0.08303680270910263
5 0.13695837557315826 0.5735459923744202 0.09442250430583954 0.12021932750940323
5 0.2166556864976883 0.5846437811851501 0.20209026336669922 0.08611078560352325
5 0.7135634422302246 0.718388020992279 0.20174536108970642 0.19171400368213654
5 0.35723191499710083 0.7248706221580505 0.15864089131355286 0.26173487305641174
5 0.6810410022735596 0.6134402751922607 0.16786690056324005 0.0927649512887001
5 0.7481011748313904 0.6154072880744934 0.1706431359052658 0.08595876395702362
5 0.1902262419462204 0.6178349256515503 0.15536826848983765 0.0506170280277729
5 0.5157420635223389 0.7328453063964844 0.18748387694358826 0.24492359161376953
5 0.7003768682479858 0.5521253943443298 0.11502046883106232 0.05675659328699112
5 0.5830695033073425 0.559946596622467 0.08233451843261719 0.08427724987268448
