5 0.5820563435554504 0.5666362047195435 0.12185955047607422 0.10215988010168076
5 0.4844128489494324 0.6064349412918091 0.10070772469043732 0.08737640082836151
5 0.8856878280639648 0.5439515709877014 0.1072288528084755 0.08332586288452148
5 0.2047978937625885 0.5904747843742371 0.06591719388961792 0.1018640547990799
5 0.7770422697067261 0.5834763646125793 0.12203840911388397 0.10043144226074219
5 0.11609265953302383 0.5728450417518616 0.04780006408691406 0.0807221382856369
5 0.707510769367218 0.47984203696250916 0.056801892817020416 0.06081247329711914
5 0.6180328130722046 0.5224177241325378 0.09350643306970596 0.0777713805437088
5 0.12245669215917587 0.4955253005027771 0.08570356667041779 0.06328926235437393
5 0.41433992981910706 0.5124530792236328 0.06700048595666885 0.0689014419913292
5 0.38341403007507324 0.6102627515792847 0.12183334678411484 0.08733101189136505
5 0.2937604784965515 0.5216434001922607 0.10553526878356934 0.07197380065917969
5 0.3154566287994385 0.5761932134628296 0.10470499843358994 0.06939192116260529
5 0.7036329507827759 0.569102942943573 0.06997394561767578 0.07938337326049805
5 0.402797132730484 0.5623629093170166 0.0866619348526001 0.055188845843076706
5 0.4173622727394104 0.46877574920654297 0.034448813647031784 0.028505897149443626
5 0.7243148684501648 0.513170599937439 0.05283098295331001 0.04030885547399521
5 0.7787586450576782 0.526482880115509 0.068320132791996 0.05232105404138565
5 0.1667400747537613 0.5173272490501404 0.09067847579717636 0.04546012729406357
5 0.8361061811447144 0.5612450838088989 0.07176151126623154 0.07181425392627716
5 0.17306137084960938 0.5501680374145508 0.07542447000741959 0.0800861343741417
