5 0.8681055307388306 0.7398337721824646 0.2166917771100998 0.2048039436340332
5 0.3593002259731293 0.7684227228164673 0.15090028941631317 0.23480181396007538
5 0.6036616563796997 0.8004875183105469 0.14499130845069885 0.24182486534118652
5 0.2428562194108963 0.7574001550674438 0.11718077957630157 0.22403010725975037
5 0.7237653732299805 0.7940041422843933 0.11995086818933487 0.2357410490512848
5 0.8023092150688171 0.7824452519416809 0.13622231781482697 0.2191074788570404
5 0.4750460684299469 0.7792170643806458 0.1257346123456955 0.2186107635498047
5 0.11168035119771957 0.7208924889564514 0.09018371254205704 0.20074167847633362
5 0.1858779937028885 0.7315848469734192 0.11616635322570801 0.19955849647521973
5 0.07765226066112518 0.7039393782615662 0.06547050923109055 0.11799907684326172
