5 0.19077853858470917 0.7922765016555786 0.38043004274368286 0.4134157598018646
5 0.41317853331565857 0.8185583353042603 0.24184663593769073 0.3616563677787781
5 0.9055137634277344 0.8045312166213989 0.18821391463279724 0.3896898329257965
5 0.775400698184967 0.7669458389282227 0.18381281197071075 0.46279048919677734
5 0.1221458688378334 0.5422991514205933 0.2435133457183838 0.07985992729663849
5 0.6621842980384827 0.8359006643295288 0.23926115036010742 0.32706165313720703
5 0.236837238073349 0.5688880681991577 0.2381623238325119 0.18138942122459412
5 0.528365433216095 0.7776914834976196 0.22939243912696838 0.4384895861148834
5 0.6659291386604309 0.5257948637008667 0.1715559959411621 0.0658227950334549
5 0.9334844350814819 0.554102897644043 0.12697657942771912 0.087995246052742
5 0.9130913019180298 0.6127705574035645 0.1719989776611328 0.13295325636863708
5 0.08701835572719574 0.6059948205947876 0.17390935122966766 0.09308938682079315
