5 0.8099328279495239 0.785921573638916 0.3790622651576996 0.42623773217201233
5 0.1932719647884369 0.7941234707832336 0.3853840231895447 0.40927639603614807
5 0.4125339090824127 0.8384206891059875 0.26731452345848083 0.32169610261917114
5 0.6597951054573059 0.8430660367012024 0.24182844161987305 0.3125186860561371
5 0.8793695569038391 0.6133947372436523 0.24001140892505646 0.12516851723194122
5 0.07688837498426437 0.6104243993759155 0.1533128172159195 0.10159635543823242
5 0.38098663091659546 0.6031209826469421 0.10952158272266388 0.09814052283763885
5 0.5764791369438171 0.6879569888114929 0.13129444420337677 0.12550029158592224
5 0.6010714769363403 0.5857672691345215 0.13108225166797638 0.10744123160839081
5 0.4008648991584778 0.7548356652259827 0.3836175799369812 0.39243441820144653
