5 0.48492297530174255 0.7164561152458191 0.17993982136249542 0.1365516632795334
5 0.37907499074935913 0.6135849952697754 0.08794047683477402 0.066980741918087
5 0.6399372816085815 0.6144478917121887 0.08708763122558594 0.06648626178503036
5 0.7336656451225281 0.7028183937072754 0.14305606484413147 0.13531598448753357
5 0.2509745955467224 0.7013119459152222 0.12162594497203827 0.1302521675825119
5 0.841522216796875 0.657901406288147 0.06231403350830078 0.11530876159667969
5 0.25699570775032043 0.6162832975387573 0.08207926899194717 0.05956411361694336
5 0.16475726664066315 0.6603636741638184 0.05532503128051758 0.1179993599653244
5 0.7570661902427673 0.6151127219200134 0.07822179794311523 0.05488529056310654
5 0.5062621831893921 0.6101064085960388 0.08480872958898544 0.06373043358325958
