2 0.6241859197616577 0.670417070388794 0.014371204189956188 0.015537929721176624
2 0.3752073347568512 0.6176202893257141 0.011635446920990944 0.014387035742402077
2 0.3172675371170044 0.4871737062931061 0.008935833349823952 0.011739159002900124
2 0.15237730741500854 0.46355563402175903 0.013945793733000755 0.008626556023955345
2 0.3111332654953003 0.5929512977600098 0.01367034949362278 0.013255024328827858
2 0.16350355744361877 0.5452218055725098 0.017556358128786087 0.01329336129128933
2 0.18545685708522797 0.5292227864265442 0.00843343697488308 0.010110855102539062
2 0.2638639211654663 0.5553355813026428 0.013652468100190163 0.01578683778643608
2 0.3688233494758606 0.5372069478034973 0.009706640616059303 0.013273810967803001
2 0.3019963204860687 0.5292306542396545 0.007213687989860773 0.011813545599579811
2 0.4714035093784332 0.6671155691146851 0.01334991492331028 0.008274555206298828
2 0.33583179116249084 0.5393245220184326 0.009508657269179821 0.008122825995087624
2 0.31308597326278687 0.5702110528945923 0.011266613379120827 0.012133789248764515
2 0.2170126885175705 0.528904139995575 0.017743730917572975 0.010712241753935814
2 0.8043815493583679 0.7807946801185608 0.17659755051136017 0.17082491517066956
2 0.40010443329811096 0.6070523858070374 0.009341645054519176 0.013874530792236328
2 0.2978493869304657 0.5573338866233826 0.011118030175566673 0.013703537173569202
2 0.4001646637916565 0.607032060623169 0.009243416599929333 0.01359415054321289
2 0.3938758075237274 0.5448952317237854 0.008131742477416992 0.007898235693573952
2 0.11369643360376358 0.4846915304660797 0.007594275288283825 0.008002376183867455
2 0.1937013864517212 0.4798666834831238 0.009313369169831276 0.005964946933090687
2 0.5597519874572754 0.6927528381347656 0.01756257936358452 0.00993051566183567
2 0.3425597846508026 0.5870895385742188 0.012292099185287952 0.012420845218002796
2 0.22777363657951355 0.4723898768424988 0.010559797286987305 0.011531162075698376
2 0.1878276914358139 0.494940847158432 0.009224414825439453 0.00678596505895257
2 0.28663867712020874 0.5286582112312317 0.009872103109955788 0.007908153347671032
2 0.20222914218902588 0.5995699167251587 0.014224481768906116 0.007316875271499157
2 0.2607143521308899 0.5379766225814819 0.009965181350708008 0.009629440493881702
2 0.32163530588150024 0.5262306928634644 0.01140603981912136 0.007037353701889515
2 0.23350481688976288 0.5284164547920227 0.009745264425873756 0.010915088467299938
2 0.2149994671344757 0.5463195443153381 0.011729717254638672 0.008266163058578968
2 0.2661469578742981 0.5713483691215515 0.00885925255715847 0.009772395715117455
2 0.26003003120422363 0.5993477702140808 0.010789966210722923 0.009835529141128063
2 0.2694237232208252 0.47532278299331665 0.006986379623413086 0.008858680725097656
2 0.4406905770301819 0.5986123085021973 0.005964088253676891 0.01085443515330553
2 0.4707150459289551 0.6014737486839294 0.012493515387177467 0.009411811828613281
2 0.26897430419921875 0.5278235077857971 0.01218557357788086 0.01157674752175808
2 0.30135512351989746 0.5008473992347717 0.011950492858886719 0.01240530051290989
2 0.26783517003059387 0.5279880166053772 0.013137293048202991 0.011821555905044079
2 0.21637554466724396 0.4908103048801422 0.00863571185618639 0.010716247372329235
2 0.23293976485729218 0.5462175607681274 0.013197851367294788 0.011108780279755592
2 0.3529808223247528 0.5722004175186157 0.010385227389633656 0.008431720547378063
2 0.3092005252838135 0.5880557894706726 0.009818077087402344 0.008986949920654297
2 0.2498362958431244 0.5114299058914185 0.00838856678456068 0.012934589758515358
2 0.43352919816970825 0.6168460845947266 0.009736156091094017 0.012456322088837624
2 0.309405654668808 0.5891098976135254 0.009887742809951305 0.009057807736098766
2 0.278091698884964 0.4844738841056824 0.00823354721069336 0.008710861206054688
2 0.4897196888923645 0.6210862994194031 0.012368964962661266 0.009731960482895374
2 0.22909338772296906 0.5533739328384399 0.013363361358642578 0.009082317352294922
2 0.23893694579601288 0.5024259090423584 0.009084987454116344 0.009486961178481579
2 0.35394397377967834 0.5217342972755432 0.013155889697372913 0.012171268463134766
2 0.2406271994113922 0.530846893787384 0.013338232412934303 0.013451004400849342
2 0.4475409984588623 0.6416983604431152 0.01654520072042942 0.015382766723632812
2 0.4226441979408264 0.6107828617095947 0.01195592898875475 0.012540626339614391
2 0.5225597620010376 0.6408298015594482 0.008267116732895374 0.008036136627197266
2 0.2933613359928131 0.6409060955047607 0.01278233528137207 0.006547451019287109
2 0.16867096722126007 0.5459328889846802 0.008560228161513805 0.010567570105195045
2 0.2137276828289032 0.6090832948684692 0.012200450524687767 0.007677650544792414
2 0.2431647777557373 0.5312528610229492 0.009961080737411976 0.01197195053100586
2 0.1595776379108429 0.5445665717124939 0.00951073132455349 0.008627032861113548
