2 0.7767868041992188 0.6781522035598755 0.04444761201739311 0.04373349994421005
2 0.8984493017196655 0.7311434745788574 0.08474387973546982 0.11316375434398651
2 0.5361969470977783 0.727238655090332 0.07697467505931854 0.07872724533081055
2 0.672495424747467 0.6944240927696228 0.06609039008617401 0.04771595075726509
2 0.34311985969543457 0.7011419534683228 0.05635833740234375 0.08499250560998917
2 0.6242673993110657 0.6710357069969177 0.04085864871740341 0.03407592698931694
2 0.413857638835907 0.6639172434806824 0.02056589163839817 0.029367828741669655
2 0.5019928812980652 0.689306914806366 0.03039112128317356 0.03326454013586044
2 0.12724487483501434 0.6845195293426514 0.04768314212560654 0.05754518508911133
2 0.007223774679005146 0.7154008150100708 0.014428677968680859 0.05710344389081001
2 0.08111370354890823 0.6755744814872742 0.022940944880247116 0.027415085583925247
2 0.21219654381275177 0.6677924394607544 0.05814218521118164 0.07021884620189667
2 0.27327218651771545 0.7041761875152588 0.050731658935546875 0.03854570537805557
2 0.7977438569068909 0.7616826891899109 0.09281416237354279 0.04779386520385742
2 0.5021217465400696 0.6587051153182983 0.026752758771181107 0.02300415001809597
2 0.4455649256706238 0.6394553184509277 0.02156839333474636 0.02260742150247097
2 0.540825366973877 0.6829933524131775 0.014428901486098766 0.022938061505556107
