2 0.7821109294891357 0.6610995531082153 0.0484004020690918 0.10831661522388458
2 0.8707456588745117 0.6626308560371399 0.04670868068933487 0.08103714138269424
2 0.698747456073761 0.6672748923301697 0.08985118567943573 0.1217014342546463
2 0.4077303409576416 0.6460726857185364 0.05738811567425728 0.09064789116382599
2 0.6502756476402283 0.6628254652023315 0.10744266211986542 0.1361372023820877
2 0.2906825542449951 0.6622682213783264 0.05958814546465874 0.1550271064043045
2 0.18464908003807068 0.6528195142745972 0.06505946069955826 0.1171475425362587
2 0.33777543902397156 0.6718710660934448 0.10406766086816788 0.13324061036109924
2 0.23203296959400177 0.6669191718101501 0.08980903774499893 0.14514580368995667
2 0.9240549206733704 0.6953645348548889 0.03110370598733425 0.02921009063720703
2 0.5154843926429749 0.6240749359130859 0.021793365478515625 0.04307889938354492
2 0.5184653401374817 0.6721959710121155 0.11142520606517792 0.16502133011817932
2 0.39684566855430603 0.622660219669342 0.015906643122434616 0.04332409054040909
