2 0.288621723651886 0.5202533006668091 0.16470780968666077 0.11766605079174042
2 0.7832072377204895 0.7375621795654297 0.04175820201635361 0.12205276638269424
2 0.7027556300163269 0.7367616891860962 0.046404171735048294 0.11818933486938477
2 0.34854191541671753 0.7396705150604248 0.041643477976322174 0.11856727302074432
2 0.017622599378228188 0.7164323925971985 0.03510510176420212 0.07925786823034286
2 0.6672642827033997 0.7378719449043274 0.05675001069903374 0.12152223289012909
2 0.8512434959411621 0.7418448328971863 0.040598295629024506 0.12382487952709198
2 0.8829066157341003 0.7231960296630859 0.03749847412109375 0.10040044784545898
2 0.40906795859336853 0.7414817214012146 0.07956495136022568 0.12546148896217346
2 0.44637131690979004 0.7153191566467285 0.05806226655840874 0.07811355590820312
2 0.47664085030555725 0.7377614974975586 0.07370920479297638 0.12891392409801483
2 0.2963464856147766 0.7133185863494873 0.0463377945125103 0.061638642102479935
2 0.9211360812187195 0.7305011749267578 0.06543731689453125 0.10832615196704865
2 0.5601528882980347 0.7428396940231323 0.051305390894412994 0.11821579933166504
2 0.21751804649829865 0.48981279134750366 0.07204318046569824 0.04034309461712837
2 0.6125369071960449 0.7484321594238281 0.050435639917850494 0.1263183057308197
2 0.5358214378356934 0.7102512121200562 0.04709453508257866 0.07818946987390518
2 0.4953884184360504 0.7589911818504333 0.0681161880493164 0.1184535026550293
2 0.9055725336074829 0.73076993227005 0.036679647862911224 0.10339860618114471
