2 0.7527554631233215 0.15438678860664368 0.01862192153930664 0.017605280503630638
2 0.6023269891738892 0.16564533114433289 0.013404560275375843 0.013624405488371849
2 0.6478092670440674 0.1769503653049469 0.012611007317900658 0.011051153764128685
2 0.5630131363868713 0.20349416136741638 0.010661030188202858 0.010746466927230358
2 0.3851587772369385 0.19941814243793488 0.01647477224469185 0.012070417404174805
2 0.3412672281265259 0.21307721734046936 0.01108617801219225 0.013288259506225586
2 0.496133029460907 0.19363796710968018 0.01594552956521511 0.012124705128371716
2 0.35932859778404236 0.22790059447288513 0.017485667020082474 0.012792443856596947
2 0.48844560980796814 0.16726012527942657 0.013349151238799095 0.014355873689055443
2 0.5449045300483704 0.16821150481700897 0.011933421716094017 0.009177017025649548
2 0.605623185634613 0.19406703114509583 0.023233413696289062 0.015803109854459763
2 0.5415529012680054 0.19192029535770416 0.017986202612519264 0.01588885858654976
2 0.679968535900116 0.16705705225467682 0.013217640109360218 0.008355498313903809
2 0.5093781352043152 0.2067626714706421 0.015378380194306374 0.009403658099472523
2 0.46228036284446716 0.2297724038362503 0.01538858376443386 0.011345863342285156
2 0.4267086088657379 0.22010524570941925 0.010698700323700905 0.012134313583374023
2 0.5197234749794006 0.22369177639484406 0.00998678244650364 0.008143139071762562
2 0.5928137302398682 0.20203295350074768 0.011213207617402077 0.007751083467155695
2 0.46294736862182617 0.18199411034584045 0.01142053585499525 0.010071182623505592
2 0.43638771772384644 0.1893567591905594 0.0138702392578125 0.007327699568122625
2 0.45034804940223694 0.19351717829704285 0.014577388763427734 0.010213255882263184
