2 0.6474440693855286 0.17710241675376892 0.012549018487334251 0.012304186820983887
2 0.3514798581600189 0.12313967943191528 0.01440806407481432 0.02079744264483452
2 0.4378504157066345 0.1272301971912384 0.018752003088593483 0.015265727415680885
2 0.5081725716590881 0.148034930229187 0.01253442745655775 0.01780388318002224
2 0.5412390232086182 0.19138729572296143 0.017359543591737747 0.017406512051820755
2 0.33461424708366394 0.03997758403420448 0.026117514818906784 0.01733110472559929
2 0.4121550917625427 0.12579435110092163 0.014063644222915173 0.016388798132538795
2 0.5453709959983826 0.16386370360851288 0.01736307144165039 0.017305850982666016
2 0.5441102981567383 0.13369819521903992 0.014277172274887562 0.016542529687285423
2 0.5391994714736938 0.0960257276892662 0.017787838354706764 0.02173660323023796
2 0.6789871454238892 0.16658198833465576 0.012196349911391735 0.010205316357314587
2 0.4946273863315582 0.194536492228508 0.014738177880644798 0.015223312191665173
2 0.6110581755638123 0.14261220395565033 0.014668464660644531 0.017035316675901413
2 0.46163511276245117 0.09627435356378555 0.017821598798036575 0.012217354960739613
2 0.48752331733703613 0.16553792357444763 0.012847518548369408 0.016082763671875
2 0.5890991687774658 0.13562653958797455 0.013641548343002796 0.012697314843535423
2 0.47088712453842163 0.07602132111787796 0.014509010128676891 0.014958823099732399
2 0.450896680355072 0.07883346825838089 0.018723392859101295 0.01757040061056614
2 0.4000377058982849 0.1878838986158371 0.015527439303696156 0.014102315530180931
2 0.6024600267410278 0.19329290091991425 0.015263080596923828 0.014335346408188343
2 0.43387022614479065 0.18683096766471863 0.015029430389404297 0.009032392874360085
2 0.45951730012893677 0.2292899638414383 0.014528369531035423 0.012114906683564186
2 0.4265459477901459 0.22072041034698486 0.01049194298684597 0.013546991162002087
2 0.5197870135307312 0.22380587458610535 0.011144543066620827 0.00987787265330553
2 0.38378411531448364 0.19885268807411194 0.008747577667236328 0.011067593470215797
2 0.5104271769523621 0.2072153091430664 0.012535953894257545 0.009943055920302868
2 0.5937305092811584 0.2019733488559723 0.012156009674072266 0.008160245604813099
2 0.4641844630241394 0.1815112680196762 0.011245441623032093 0.01024630106985569
2 0.4516609311103821 0.19184929132461548 0.013621235266327858 0.01342918910086155
