2 0.7127955555915833 0.06017063185572624 0.0354008674621582 0.02912369929254055
2 0.3369612693786621 0.054378826171159744 0.037665702402591705 0.04346158355474472
2 0.44948190450668335 0.18802562355995178 0.04288129881024361 0.022645259276032448
2 0.7956604361534119 0.12091322988271713 0.045534610748291016 0.024726558476686478
2 0.19477413594722748 0.1737895905971527 0.06170499324798584 0.043288446962833405
2 0.351561039686203 0.12019766867160797 0.014044905081391335 0.023840999230742455
2 0.4536758363246918 0.08404606580734253 0.08539552986621857 0.03452624753117561
2 0.7549386620521545 0.17128877341747284 0.034293364733457565 0.05245034769177437
2 0.2514539957046509 0.16350780427455902 0.015391635708510876 0.018439125269651413
2 0.6470740437507629 0.17725463211536407 0.010788440704345703 0.011787867173552513
2 0.5372670888900757 0.19233661890029907 0.011019992642104626 0.011519217863678932
2 0.3869154155254364 0.1980033814907074 0.015321731567382812 0.009831523522734642
2 0.5998072624206543 0.19505146145820618 0.02049093320965767 0.01945524290204048
2 0.5449234247207642 0.1676376610994339 0.010698223486542702 0.0074211121536791325
2 0.4874691069126129 0.16530978679656982 0.011045741848647594 0.00906667672097683
2 0.5999184250831604 0.1417132169008255 0.03687715530395508 0.019042158499360085
2 0.30356186628341675 0.1454131305217743 0.01049504242837429 0.008410024456679821
2 0.5085623860359192 0.2064855992794037 0.01077261008322239 0.006162166595458984
2 0.5229118466377258 0.22287626564502716 0.012271213345229626 0.006115770433098078
2 0.42039671540260315 0.12717197835445404 0.027861405164003372 0.007687759585678577
2 0.2954656481742859 0.15763427317142487 0.011931228451430798 0.007042217068374157
2 0.34111538529396057 0.21007749438285828 0.00881052017211914 0.01029438991099596
2 0.35000261664390564 0.2291845977306366 0.01592082902789116 0.008840322494506836
2 0.45700424909591675 0.23015110194683075 0.008386326022446156 0.009221267886459827
