2 0.26297369599342346 0.5567248463630676 0.010659361258149147 0.01102743111550808
2 0.3931598961353302 0.5448076128959656 0.008521556854248047 0.0076354979537427425
2 0.33680787682533264 0.5382652878761292 0.006852388381958008 0.006418037228286266
2 0.26215165853500366 0.5966067910194397 0.008453178219497204 0.009518146514892578
2 0.1839449107646942 0.5296784043312073 0.006073498632758856 0.006447792053222656
2 0.4299001097679138 0.5477549433708191 0.005431461147964001 0.006366061978042126
2 0.15873709321022034 0.5448524355888367 0.008349275216460228 0.006729221437126398
2 0.285717248916626 0.5290913581848145 0.008830499835312366 0.006617164704948664
2 0.2593306601047516 0.5379952192306519 0.007850217632949352 0.008707237429916859
2 0.3165901303291321 0.488644540309906 0.006597566418349743 0.005971336271613836
2 0.2992653548717499 0.5589287281036377 0.01248998660594225 0.009081649594008923
2 0.3544672429561615 0.5227490663528442 0.010754776187241077 0.010456276126205921
2 0.36936119198799133 0.5386680364608765 0.008687639608979225 0.008918476291000843
2 0.3015000820159912 0.5349180102348328 0.006570768542587757 0.006822109222412109
2 0.32422885298728943 0.527346134185791 0.006782436277717352 0.005363559816032648
2 0.15364469587802887 0.4636189341545105 0.008426452055573463 0.006808376405388117
2 0.48955950140953064 0.6215897798538208 0.008280182257294655 0.009321212768554688
2 0.3902938663959503 0.5437326431274414 0.009801912121474743 0.007786655332893133
2 0.3401084542274475 0.5857449173927307 0.006829357240349054 0.006008625030517578
2 0.45076459646224976 0.5358786582946777 0.006603050045669079 0.005329894833266735
2 0.22843050956726074 0.47403645515441895 0.006762885954231024 0.004871368408203125
2 0.26899901032447815 0.5290148258209229 0.010391950607299805 0.007052612490952015
2 0.20969991385936737 0.5363198518753052 0.005841159727424383 0.005154609680175781
2 0.24550016224384308 0.5338352918624878 0.007554149720817804 0.006423759274184704
2 0.4067983031272888 0.5330922603607178 0.005872917361557484 0.005721854977309704
2 0.313639760017395 0.597458004951477 0.007457637693732977 0.007297229953110218
2 0.27748122811317444 0.48238635063171387 0.005867862608283758 0.0049953460693359375
2 0.36091744899749756 0.5489530563354492 0.006770229432731867 0.004677486605942249
2 0.26677995920181274 0.5712531208992004 0.00654835719615221 0.005637550260871649
2 0.22743740677833557 0.5510830283164978 0.01246423739939928 0.008739757351577282
2 0.3078462481498718 0.5850467085838318 0.006684064865112305 0.007609462831169367
2 0.21430663764476776 0.5470871925354004 0.009889984503388405 0.008137512020766735
2 0.17896783351898193 0.5443107485771179 0.0065138814970850945 0.006171894259750843
2 0.40091270208358765 0.6073965430259705 0.007300853729248047 0.007049656007438898
2 0.17100946605205536 0.5443393588066101 0.008775425143539906 0.006564044859260321
2 0.3550366759300232 0.5706193447113037 0.006158733274787664 0.005960369016975164
2 0.23466208577156067 0.543074369430542 0.010125827975571156 0.007489585783332586
2 0.40876954793930054 0.5501307249069214 0.0062354085966944695 0.005709743592888117
2 0.3854416310787201 0.5422331094741821 0.007151508238166571 0.006832218263298273
2 0.2309642732143402 0.5318734645843506 0.00688481330871582 0.006525230593979359
2 0.2435905635356903 0.5326299667358398 0.008189583197236061 0.006957054138183594
2 0.26276978850364685 0.5573990345001221 0.009693002328276634 0.008940696716308594
2 0.4896017909049988 0.5992678999900818 0.00524559011682868 0.006215476896613836
2 0.2619173526763916 0.5994930267333984 0.007439708802849054 0.007884979248046875
2 0.28924891352653503 0.5349442362785339 0.008573818020522594 0.006735038943588734
2 0.24983108043670654 0.5126214623451233 0.0063062189146876335 0.004208278842270374
2 0.309081494808197 0.5915261507034302 0.007081794552505016 0.006257438566535711
2 0.4409884810447693 0.5323693156242371 0.006292438600212336 0.0047280313447117805
2 0.3015926778316498 0.5368186235427856 0.007184743881225586 0.005572033114731312
