2 0.8877817392349243 0.7334043383598328 0.1110919937491417 0.11862001568078995
2 0.10948896408081055 0.7391682863235474 0.1708664894104004 0.1302618533372879
2 0.2313503921031952 0.7194003462791443 0.13880573213100433 0.11800918728113174
2 0.2538917660713196 0.7918539643287659 0.20461955666542053 0.15560007095336914
2 0.4860711991786957 0.7446967363357544 0.11117343604564667 0.11009464412927628
2 0.549177348613739 0.7418619394302368 0.06169595569372177 0.11927046626806259
2 0.4221794009208679 0.7486326098442078 0.08163022994995117 0.1317162960767746
2 0.3502862751483917 0.7434860467910767 0.06310491263866425 0.14218249917030334
2 0.6557316780090332 0.7585713267326355 0.13145065307617188 0.14151668548583984
2 0.34833183884620667 0.6552164554595947 0.04400286823511124 0.04616660997271538
2 0.7768548727035522 0.6958103179931641 0.053752947598695755 0.07291898876428604
2 0.02347087860107422 0.7193623185157776 0.04678390175104141 0.09188900142908096
2 0.6765820384025574 0.7185031771659851 0.07124204933643341 0.09958572685718536
2 0.520282506942749 0.6724234223365784 0.04234151914715767 0.054638005793094635
2 0.7534112930297852 0.7074329853057861 0.03609666973352432 0.06730766594409943
2 0.8372833132743835 0.6618297100067139 0.02212848700582981 0.0330348014831543
2 0.30826234817504883 0.667395830154419 0.04505634307861328 0.06092100217938423
2 0.5384846329689026 0.6609632968902588 0.04104051738977432 0.04685621336102486
2 0.7195935249328613 0.6610015630722046 0.02391529083251953 0.04065694659948349
2 0.4973371624946594 0.6476383805274963 0.023946095257997513 0.04221468046307564
2 0.44516506791114807 0.6398897767066956 0.018006037920713425 0.03704223781824112
2 0.12761476635932922 0.6837116479873657 0.04520289972424507 0.059658050537109375
2 0.8615142107009888 0.6797778010368347 0.032846640795469284 0.04521656036376953
2 0.20171432197093964 0.6557303071022034 0.03566789627075195 0.05257978290319443
2 0.7902119755744934 0.6648094058036804 0.029169272631406784 0.04819288104772568
2 0.40769433975219727 0.6629167199134827 0.049078844487667084 0.03366832807660103
2 0.04150652885437012 0.6697423458099365 0.024033620953559875 0.03127088397741318
2 0.6661726832389832 0.649854838848114 0.023739051073789597 0.034577082842588425
2 0.9819509387016296 0.7188833355903625 0.03588161617517471 0.08753909915685654
