2 0.2532176971435547 0.5875152349472046 0.21322807669639587 0.30685940384864807
2 0.2751486003398895 0.7992616295814514 0.08827205002307892 0.12145662307739258
2 0.5351914167404175 0.5198145508766174 0.09157514572143555 0.12270727008581161
2 0.7217856049537659 0.35203462839126587 0.11650113761425018 0.22225800156593323
2 0.4264768958091736 0.17225554585456848 0.06552231311798096 0.050122976303100586
2 0.7597499489784241 0.17441879212856293 0.043083857744932175 0.06689827144145966
2 0.1579728126525879 0.3846716284751892 0.048587702214717865 0.06051743030548096
2 0.4397997260093689 0.3794994056224823 0.043640803545713425 0.05002312734723091
2 0.19921784102916718 0.16859804093837738 0.04962568357586861 0.036782074719667435
2 0.8430077433586121 0.5550244450569153 0.0479772575199604 0.045886896550655365
2 0.515933096408844 0.15983270108699799 0.047601889818906784 0.04644138738512993
2 0.9373732805252075 0.24114951491355896 0.04686412960290909 0.046430110931396484
2 0.4123799800872803 0.2838945686817169 0.05497586727142334 0.05304150655865669
2 0.6171106100082397 0.1499948501586914 0.045891571789979935 0.03175916522741318
2 0.3026672601699829 0.23704512417316437 0.035325147211551666 0.03999133035540581
2 0.5490726828575134 0.35204923152923584 0.03771209716796875 0.038210295140743256
2 0.4631149172782898 0.32316988706588745 0.03687543794512749 0.0366089828312397
2 0.08232223987579346 0.241469144821167 0.03989357873797417 0.0429108627140522
2 0.20398172736167908 0.24715420603752136 0.06106468290090561 0.06250405311584473
2 0.08096551150083542 0.40341848134994507 0.031323157250881195 0.03256261348724365
2 0.11943589150905609 0.25838640332221985 0.0438251718878746 0.039277125149965286
2 0.8344912528991699 0.4045495390892029 0.03343067318201065 0.023923683911561966
2 0.3027394115924835 0.3691999912261963 0.03955111652612686 0.03090352937579155
2 0.2143898904323578 0.23367159068584442 0.04044240713119507 0.035393763333559036
2 0.7794229388237 0.3063553273677826 0.030291367322206497 0.031943462789058685
