2 0.7437519431114197 0.5730268955230713 0.06508912891149521 0.04623060300946236
2 0.8513615727424622 0.5597825646400452 0.04006080701947212 0.05432567745447159
2 0.6154455542564392 0.5813136696815491 0.04826030880212784 0.05434703826904297
2 0.5739225149154663 0.5864771008491516 0.05159759521484375 0.04834413528442383
2 0.7002453207969666 0.5727680325508118 0.04862938076257706 0.05214834213256836
2 0.4167768359184265 0.6053829193115234 0.025071239098906517 0.04221381992101669
2 0.07397134602069855 0.6364802122116089 0.0344177708029747 0.04155387729406357
2 0.5116608142852783 0.5951332449913025 0.04139823839068413 0.04325742647051811
2 0.10271690785884857 0.6337980031967163 0.03529033809900284 0.04158725589513779
2 0.2787972688674927 0.6160232424736023 0.04910688474774361 0.04730691760778427
2 0.46604785323143005 0.5986416935920715 0.041097261011600494 0.0485413558781147
2 0.3488066792488098 0.6084128022193909 0.0272234920412302 0.0509733185172081
2 0.6693664193153381 0.5870821475982666 0.0350072868168354 0.028269290924072266
2 0.5489710569381714 0.5924527049064636 0.0370299331843853 0.039877794682979584
2 0.39800289273262024 0.6100014448165894 0.02687058411538601 0.038031768053770065
2 0.4894896447658539 0.6002410054206848 0.028087615966796875 0.04094285890460014
2 0.4485052525997162 0.6077037453651428 0.03392829746007919 0.03229036182165146
2 0.9305484890937805 0.5479058027267456 0.03718890994787216 0.06560544669628143
2 0.22614426910877228 0.6197963356971741 0.04940614849328995 0.04832591861486435
2 0.1557529866695404 0.6311429738998413 0.04272494465112686 0.03973216935992241
2 0.37419065833091736 0.6066907048225403 0.033930014818906784 0.048235513269901276
2 0.2363540679216385 0.6229982376098633 0.030147742480039597 0.0400201790034771
2 0.2004847228527069 0.6388232707977295 0.039607156068086624 0.015086174011230469
