2 0.9002135992050171 0.7328398823738098 0.10587386786937714 0.11793603748083115
2 0.27811798453330994 0.7028220891952515 0.3457568287849426 0.2493194043636322
2 0.8615964651107788 0.5671346187591553 0.05803031846880913 0.07100649178028107
2 0.8014312982559204 0.6356102228164673 0.09942116588354111 0.07125234603881836
2 0.4827863574028015 0.6073470115661621 0.0878368392586708 0.06701908260583878
2 0.9799995422363281 0.6626057028770447 0.039259910583496094 0.0688418373465538
2 0.6332578063011169 0.600554347038269 0.08851337432861328 0.0895058661699295
2 0.9418331980705261 0.5123148560523987 0.026640510186553 0.05712566524744034
2 0.5775555372238159 0.5968372821807861 0.07580709457397461 0.08085355907678604
2 0.6176893711090088 0.5210751891136169 0.06853237003087997 0.046027183532714844
2 0.547082245349884 0.5274482369422913 0.06487598270177841 0.05737295001745224
2 0.5355574488639832 0.4825902581214905 0.06681432574987411 0.04118013381958008
2 0.5359736680984497 0.5290067791938782 0.042079925537109375 0.05358829349279404
