2 0.8902656435966492 0.735413670539856 0.09978294372558594 0.1129918098449707
2 0.0933685451745987 0.7551026344299316 0.13265874981880188 0.09556026756763458
2 0.6275743842124939 0.8968092799186707 0.08154821395874023 0.09412097930908203
2 0.0287815872579813 0.6748325824737549 0.05042749643325806 0.037755776196718216
2 0.7805212736129761 0.6898248791694641 0.046338606625795364 0.05111045762896538
2 0.5900316834449768 0.7194567918777466 0.06501702964305878 0.03712482377886772
2 0.5449722409248352 0.792691707611084 0.03856973722577095 0.09899783134460449
2 0.4499088227748871 0.76673823595047 0.09370355308055878 0.06894011795520782
2 0.2595505118370056 0.8027146458625793 0.10597419738769531 0.09554348140954971
2 0.2383735179901123 0.887387752532959 0.1412869393825531 0.0839313492178917
2 0.5109211802482605 0.7084765434265137 0.032622337341308594 0.04159212112426758
2 0.4097263216972351 0.749032199382782 0.04130840301513672 0.0633154883980751
2 0.5577772855758667 0.6848384141921997 0.04621000215411186 0.02843170240521431
2 0.3188093304634094 0.7526460886001587 0.03465766832232475 0.059706687927246094
2 0.6752901673316956 0.7033683061599731 0.03545637056231499 0.03531360626220703
2 0.2402123659849167 0.7224956750869751 0.0914478749036789 0.06641940772533417
2 0.6233764886856079 0.6696895360946655 0.027082348242402077 0.022455502301454544
2 0.9835651516914368 0.6578635573387146 0.013786887750029564 0.01957111433148384
2 0.8322113752365112 0.662708580493927 0.01118621788918972 0.020440388470888138
2 0.2050093710422516 0.6371676921844482 0.025937270373106003 0.01294851303100586
2 0.8006742596626282 0.6519973874092102 0.009160280227661133 0.019092082977294922
2 0.916460394859314 0.686735212802887 0.013112259097397327 0.021033858880400658
