2 0.19917772710323334 0.1576879918575287 0.051557183265686035 0.05514998361468315
2 0.7553598284721375 0.16432836651802063 0.036871910095214844 0.03841087967157364
2 0.4503348469734192 0.18509498238563538 0.05035562440752983 0.027025412768125534
2 0.5074770450592041 0.19839081168174744 0.04114045947790146 0.02636737748980522
2 0.40388160943984985 0.2749669849872589 0.032021425664424896 0.02762618102133274
2 0.922563910484314 0.38716915249824524 0.018689345568418503 0.017279434949159622
2 0.4682144522666931 0.08429982513189316 0.05537118762731552 0.034611672163009644
2 0.8256370425224304 0.10513434559106827 0.0435054786503315 0.0476517453789711
2 0.6065170168876648 0.2023114711046219 0.03719835355877876 0.03629779815673828
2 0.605526864528656 0.14993582665920258 0.04205942153930664 0.03820512443780899
2 0.7280296683311462 0.24404940009117126 0.03411378711462021 0.0253740306943655
2 0.7733891010284424 0.3052666187286377 0.029689598828554153 0.02955017052590847
2 0.9333113431930542 0.24261483550071716 0.03881816938519478 0.05016298219561577
2 0.3598000407218933 0.2766678035259247 0.018968772143125534 0.017948484048247337
2 0.35060355067253113 0.3262344002723694 0.029507016763091087 0.022299814969301224
2 0.6713269948959351 0.2935231029987335 0.041211605072021484 0.02583031728863716
2 0.23267173767089844 0.4001484811306 0.023215865716338158 0.018430614843964577
2 0.7023427486419678 0.3366137742996216 0.022638320922851562 0.01636223867535591
2 0.2936844229698181 0.3667762279510498 0.034348346292972565 0.022107411175966263
2 0.6254895329475403 0.242588609457016 0.04788541793823242 0.03581809997558594
2 0.841185450553894 0.21904118359088898 0.027510643005371094 0.013816500082612038
2 0.34770524501800537 0.3594508469104767 0.019837522879242897 0.02442960813641548
2 0.39697909355163574 0.3585958182811737 0.016379166394472122 0.017797041684389114
2 0.1831277757883072 0.3744765818119049 0.03094010427594185 0.024187754839658737
2 0.678004264831543 0.25872594118118286 0.03132343292236328 0.03130760043859482
2 0.6438270211219788 0.39464330673217773 0.03083658218383789 0.017790580168366432
2 0.5826133489608765 0.3543317914009094 0.021982574835419655 0.01866893842816353
2 0.8991740942001343 0.412982702255249 0.013417815789580345 0.012101841159164906
2 0.22009727358818054 0.2754465639591217 0.03728747367858887 0.024953652173280716
2 0.0336056686937809 0.3526359796524048 0.037348516285419464 0.017050886526703835
2 0.7075468897819519 0.3700425922870636 0.027706241235136986 0.017851591110229492
2 0.7628217339515686 0.5020202994346619 0.012052345089614391 0.0173815730959177
2 0.6142247915267944 0.3213896155357361 0.02232799492776394 0.02077808417379856
2 0.7338712811470032 0.4825510084629059 0.01248321495950222 0.012260818853974342
2 0.3587893843650818 0.41614192724227905 0.01980581320822239 0.025088977068662643
2 0.1318676471710205 0.4945119023323059 0.019019747152924538 0.015392303466796875
2 0.7444824576377869 0.3077833950519562 0.03119640424847603 0.028951073065400124
2 0.740570068359375 0.40640419721603394 0.02551431581377983 0.023824334144592285
2 0.6446079611778259 0.33387669920921326 0.032370664179325104 0.02523941919207573
2 0.4609055519104004 0.31967559456825256 0.017506789416074753 0.016218852251768112
2 0.487539142370224 0.3138170838356018 0.02250385284423828 0.021881580352783203
2 0.555142343044281 0.39394611120224 0.014529133215546608 0.013643813319504261
2 0.5934987664222717 0.43329185247421265 0.016224194318056107 0.019852066412568092
2 0.6749610900878906 0.4198038578033447 0.02116851881146431 0.013682937249541283
2 0.1530342549085617 0.4625096917152405 0.015598011203110218 0.009783935733139515
2 0.6827077269554138 0.5237441658973694 0.014779853634536266 0.015581702813506126
2 0.47552070021629333 0.42951303720474243 0.014769554138183594 0.015671635046601295
2 0.5049591660499573 0.40678367018699646 0.014192581176757812 0.01347961463034153
2 0.18928757309913635 0.4115366041660309 0.020182466134428978 0.013403510674834251
2 0.546103298664093 0.34915316104888916 0.032329559326171875 0.030129194259643555
2 0.9213555455207825 0.4387231767177582 0.01265716552734375 0.010377883911132812
2 0.14402730762958527 0.4465118944644928 0.01983478106558323 0.018481064587831497
2 0.4829131066799164 0.5224021077156067 0.020966434851288795 0.015025043860077858
2 0.1919979751110077 0.479348748922348 0.013024186715483665 0.011454868130385876
2 0.7312146425247192 0.5677875280380249 0.021579837426543236 0.014786815270781517
2 0.15124313533306122 0.4136371612548828 0.02464468404650688 0.024251366034150124
2 0.47426286339759827 0.3653721809387207 0.012944316491484642 0.018962670117616653
2 0.6035615801811218 0.524233341217041 0.017159461975097656 0.011314773932099342
2 0.43370968103408813 0.5154826045036316 0.008944129571318626 0.01568927802145481
2 0.43210458755493164 0.3862149119377136 0.03687229007482529 0.02330169640481472
2 0.45009174942970276 0.4411540925502777 0.025878142565488815 0.019493674859404564
2 0.38501137495040894 0.4605902135372162 0.012674903497099876 0.01698017120361328
2 0.727469265460968 0.6157007217407227 0.01253519020974636 0.017677783966064453
2 0.6308136582374573 0.4460800588130951 0.016155242919921875 0.009541320614516735
2 0.7583675980567932 0.579657793045044 0.00959234219044447 0.014456748962402344
2 0.07136201858520508 0.4122355580329895 0.011509251780807972 0.011329079046845436
2 0.4190218448638916 0.468683660030365 0.0186749454587698 0.016980743035674095
2 0.2508261203765869 0.5121428370475769 0.009416723623871803 0.01373834628611803
2 0.35069119930267334 0.4858883023262024 0.02621283568441868 0.020453929901123047
2 0.5936834216117859 0.5561956167221069 0.010934734717011452 0.012161063961684704
2 0.3148687183856964 0.42808324098587036 0.013170433230698109 0.017490481957793236
2 0.4115540087223053 0.40342220664024353 0.016286278143525124 0.014286709018051624
2 0.6471704840660095 0.5271938443183899 0.01072149258106947 0.015251636505126953
2 0.7446985840797424 0.44868677854537964 0.01289358176290989 0.01072540320456028
2 0.6355862021446228 0.5104668140411377 0.01460275612771511 0.01276102103292942
2 0.8545840978622437 0.5087076425552368 0.009056473150849342 0.007324695587158203
2 0.7118303775787354 0.4158962666988373 0.013460064306855202 0.005957412533462048
2 0.45112451910972595 0.5319926738739014 0.024460505694150925 0.013201331719756126
2 0.7354100346565247 0.43250948190689087 0.012967968359589577 0.018280792981386185
2 0.18465901911258698 0.5297366976737976 0.008744979277253151 0.012550925835967064
2 0.550239086151123 0.49335676431655884 0.016520118340849876 0.012076377868652344
2 0.27773845195770264 0.483333021402359 0.017383432015776634 0.01242141705006361
2 0.22287018597126007 0.4632992744445801 0.015811586752533913 0.01910095289349556
2 0.6726911664009094 0.4997759461402893 0.013318824581801891 0.007061672396957874
2 0.5136351585388184 0.4682025909423828 0.026245689019560814 0.016016101464629173
2 0.6126750707626343 0.41111573576927185 0.01331481896340847 0.01443328894674778
2 0.36369821429252625 0.49425309896469116 0.01183476485311985 0.0084075927734375
2 0.516097366809845 0.43035849928855896 0.021831035614013672 0.014644527807831764
2 0.6241809725761414 0.5403439402580261 0.015685271471738815 0.008556651882827282
2 0.21759280562400818 0.49489492177963257 0.013234090991318226 0.014727306552231312
2 0.61533522605896 0.45856818556785583 0.01018991507589817 0.00997238140553236
2 0.5223520398139954 0.5100431442260742 0.011869716458022594 0.014488697052001953
2 0.7604820728302002 0.4176667332649231 0.008618068881332874 0.012076186947524548
2 0.3380843997001648 0.4415699541568756 0.028111934661865234 0.01109924353659153
2 0.43178215622901917 0.5439315438270569 0.008667278103530407 0.010591983795166016
2 0.31619715690612793 0.4856339395046234 0.011951732449233532 0.016467571258544922
2 0.5344973206520081 0.48108476400375366 0.013595199212431908 0.016193676739931107
2 0.22289426624774933 0.5304176807403564 0.022830724716186523 0.014294147491455078
2 0.588404655456543 0.40973836183547974 0.00999298132956028 0.0078108785673975945
2 0.44705018401145935 0.49794071912765503 0.008644485846161842 0.009745215997099876
2 0.6805042028427124 0.4471532702445984 0.01650390587747097 0.00895833969116211
2 0.172223761677742 0.5112963914871216 0.01031479798257351 0.009105873294174671
2 0.22254672646522522 0.4848933219909668 0.0184938907623291 0.015569305047392845
2 0.6551275253295898 0.46181434392929077 0.012001228518784046 0.009394073858857155
2 0.4091714918613434 0.528069019317627 0.011771964840590954 0.014183521270751953
2 0.5058201551437378 0.49966201186180115 0.007318687625229359 0.010224724188446999
2 0.3039356470108032 0.40577954053878784 0.020239973440766335 0.02008056640625
2 0.30930912494659424 0.5097041726112366 0.03381676599383354 0.026383399963378906
2 0.4267860949039459 0.4424296021461487 0.009096717461943626 0.008729362860321999
2 0.09945567697286606 0.38007986545562744 0.009071415290236473 0.008262109942734241
2 0.7133396863937378 0.5576456785202026 0.021864604204893112 0.012410926632583141
2 0.6407122015953064 0.47723501920700073 0.015897369012236595 0.009849071502685547
2 0.2975503206253052 0.4039415419101715 0.037224818021059036 0.024650001898407936
2 0.4266471266746521 0.4810139536857605 0.013307762332260609 0.012571239843964577
2 0.24270519614219666 0.4723851680755615 0.008714580908417702 0.008744239807128906
2 0.08665723353624344 0.3914441764354706 0.009564494714140892 0.014074754901230335
2 0.6725984811782837 0.4819219708442688 0.010759925469756126 0.007825660519301891
2 0.23918470740318298 0.501865029335022 0.010991143994033337 0.009669208899140358
2 0.5463557243347168 0.3691515326499939 0.014065551571547985 0.013812589459121227
2 0.7086445689201355 0.5313781499862671 0.007723045535385609 0.007306384854018688
2 0.004951135255396366 0.3604122996330261 0.009723810479044914 0.01328134536743164
2 0.5016598105430603 0.552651584148407 0.008116722106933594 0.011386203579604626
2 0.4209135174751282 0.47321265935897827 0.02338228188455105 0.026367951184511185
2 0.2562773525714874 0.46176400780677795 0.007321691606193781 0.01580514945089817
2 0.57832932472229 0.505444347858429 0.01039342861622572 0.010265827178955078
2 0.7294585108757019 0.5328314900398254 0.00896453857421875 0.005309677217155695
