2 0.7526566386222839 0.15783950686454773 0.016567325219511986 0.022790098562836647
2 0.45590153336524963 0.1898370385169983 0.01298990286886692 0.015450334176421165
2 0.5445681810379028 0.16651619970798492 0.010589217767119408 0.011147665791213512
2 0.012460634112358093 0.21335864067077637 0.01642025075852871 0.016441965475678444
2 0.23179788887500763 0.2742379903793335 0.014374780468642712 0.011672496795654297
2 0.47584858536720276 0.36704519391059875 0.010238933376967907 0.009524536319077015
2 0.04204310104250908 0.27901914715766907 0.010850012302398682 0.010503006167709827
2 0.360226035118103 0.2737932503223419 0.010921860113739967 0.010260296054184437
2 0.4405260682106018 0.387285977602005 0.013286972418427467 0.015039682388305664
2 0.7366215586662292 0.4278659224510193 0.007768821902573109 0.009902095422148705
2 0.592998206615448 0.43745294213294983 0.007452773861587048 0.012787437066435814
2 0.9424487948417664 0.5199715495109558 0.0070396424271166325 0.00977172888815403
2 0.3926416337490082 0.34948694705963135 0.00897526741027832 0.008553743362426758
2 0.08694981783628464 0.16129688918590546 0.012426960282027721 0.010226679034531116
2 0.8538500666618347 0.5082238912582397 0.007592963986098766 0.008117484860122204
2 0.6979497075080872 0.4836576581001282 0.009081077761948109 0.008835315704345703
2 0.898966908454895 0.41275763511657715 0.009666251949965954 0.009105491451919079
2 0.20837101340293884 0.33596140146255493 0.010508537292480469 0.009140491485595703
2 0.5859211683273315 0.35118567943573 0.009600925259292126 0.010496663860976696
2 0.763660728931427 0.5062028765678406 0.008124446496367455 0.008128452114760876
2 0.5547884702682495 0.3918628394603729 0.008169365115463734 0.009082269854843616
2 0.4748125672340393 0.42964833974838257 0.008266258053481579 0.0127709386870265
2 0.7253557443618774 0.250456839799881 0.012256908230483532 0.010531902313232422
2 0.2279365360736847 0.3082897961139679 0.008765649981796741 0.007141733076423407
2 0.25242605805397034 0.3088623583316803 0.007963895797729492 0.00665359478443861
2 0.7614883184432983 0.4156285226345062 0.00803670845925808 0.007006645202636719
2 0.3685015141963959 0.3833365738391876 0.007951736450195312 0.008783197030425072
2 0.19520939886569977 0.3713385760784149 0.0095672607421875 0.008864402770996094
2 0.0823201835155487 0.31824514269828796 0.00692638149484992 0.007754134945571423
2 0.7432122230529785 0.44905489683151245 0.007662773132324219 0.007436180021613836
2 0.3506520390510559 0.36493638157844543 0.011972618289291859 0.01107039488852024
2 0.4265245795249939 0.44277387857437134 0.008709335699677467 0.009703445248305798
2 0.8587311506271362 0.5704730153083801 0.011662101373076439 0.012272643856704235
2 0.18671178817749023 0.412025511264801 0.010699843987822533 0.011586666107177734
2 0.41547781229019165 0.4045420289039612 0.0074751852080225945 0.007898712530732155
2 0.5445812940597534 0.3716829717159271 0.009796810336411 0.010603189468383789
2 0.09202810376882553 0.34584468603134155 0.007090127561241388 0.0083932401612401
2 0.696796715259552 0.45917147397994995 0.009546470828354359 0.010201740078628063
2 0.6139559745788574 0.40709200501441956 0.008256817236542702 0.0068874359130859375
2 0.9296457171440125 0.5370055437088013 0.010259437374770641 0.006047534756362438
2 0.3501247465610504 0.32589954137802124 0.007048654370009899 0.007623910903930664
2 0.5344477891921997 0.47999534010887146 0.010575485415756702 0.01238403283059597
2 0.20002122223377228 0.283511757850647 0.010050642304122448 0.006625795271247625
2 0.8162441253662109 0.5614949464797974 0.009367751888930798 0.009578609839081764
2 0.9907068014144897 0.524928092956543 0.00721397390589118 0.006038951687514782
2 0.7950276136398315 0.5399137735366821 0.006837177090346813 0.006913471035659313
2 0.5650357007980347 0.47888240218162537 0.008229446597397327 0.008422660641372204
2 0.23377053439617157 0.40214914083480835 0.00897293072193861 0.011640739627182484
2 0.004745762329548597 0.3609219193458557 0.00948887225240469 0.010851765051484108
2 0.04696672037243843 0.34720227122306824 0.010430502705276012 0.006344890687614679
2 0.11948592960834503 0.3542879521846771 0.007404160685837269 0.007430600933730602
2 0.34083715081214905 0.32023561000823975 0.0074920654296875 0.007979726418852806
2 0.07820161432027817 0.25155362486839294 0.015967464074492455 0.013657760806381702
2 0.29501596093177795 0.3617261052131653 0.010183334350585938 0.010937261395156384
2 0.3570229411125183 0.4216694235801697 0.007284927181899548 0.01101217232644558
2 0.6373929977416992 0.5100361108779907 0.0075851441361010075 0.006870460696518421
2 0.5470802783966064 0.4613739848136902 0.010230732150375843 0.007838726043701172
2 0.2377210408449173 0.3609331548213959 0.007188081741333008 0.006380224134773016
2 0.8805838823318481 0.6295850872993469 0.006207657046616077 0.00601959228515625
