2 0.8646436929702759 0.7432519793510437 0.1848680078983307 0.19081835448741913
2 0.5089439153671265 0.8018828630447388 0.12187652289867401 0.1440196931362152
2 0.21787090599536896 0.7123232483863831 0.3311728537082672 0.3358374536037445
2 0.7105799913406372 0.4850500226020813 0.46351203322410583 0.21076317131519318
2 0.47900500893592834 0.33049243688583374 0.16606895625591278 0.14137914776802063
2 0.12575632333755493 0.6762365102767944 0.07337286323308945 0.10664176940917969
2 0.7648410201072693 0.6701927781105042 0.07368059456348419 0.14960698783397675
2 0.5109989643096924 0.10849051177501678 0.2949848175048828 0.1953008472919464
2 0.1950160712003708 0.6575943231582642 0.055156707763671875 0.08906354755163193
2 0.6133237481117249 0.6836380362510681 0.15636643767356873 0.12602385878562927
2 0.4207678437232971 0.6616599559783936 0.06616878509521484 0.12084560096263885
2 0.5089507699012756 0.1488618105649948 0.29004591703414917 0.11063890159130096
