2 0.5671218633651733 0.5674334168434143 0.1707485169172287 0.28021496534347534
2 0.8043724298477173 0.3512061536312103 0.31196361780166626 0.22274914383888245
2 0.3625120520591736 0.676694929599762 0.16534297168254852 0.2366803139448166
2 0.31346672773361206 0.7191078662872314 0.15805502235889435 0.22615556418895721
2 0.46578627824783325 0.6253266334533691 0.16646139323711395 0.25098055601119995
2 0.2605684697628021 0.7718126177787781 0.1353144645690918 0.2538433074951172
2 0.133037731051445 0.7865522503852844 0.10100190341472626 0.14304065704345703
2 0.19621238112449646 0.7892726063728333 0.1169547587633133 0.22014236450195312
2 0.15965677797794342 0.8134844899177551 0.15403616428375244 0.19714698195457458
2 0.217874214053154 0.7894678115844727 0.1601993590593338 0.2218007594347
