2 0.5772144794464111 0.6853341460227966 0.23150300979614258 0.21183538436889648
2 0.9022024273872375 0.724153995513916 0.10775814205408096 0.2025763988494873
2 0.9739134907722473 0.6938015222549438 0.051828958094120026 0.15585574507713318
2 0.30006155371665955 0.7759027481079102 0.3260466456413269 0.24970431625843048
2 0.7948014736175537 0.7019098401069641 0.09847573935985565 0.2088146209716797
2 0.04943879693746567 0.7313859462738037 0.09835688769817352 0.24389295279979706
2 0.3480754792690277 0.6623005867004395 0.10116048157215118 0.12486352771520615
2 0.1959925889968872 0.7079545855522156 0.2868368625640869 0.18321819603443146
2 0.4355286657810211 0.6516597867012024 0.10136651992797852 0.11706943809986115
2 0.1577487587928772 0.6962600350379944 0.15158617496490479 0.20324602723121643
2 0.6546871662139893 0.6656999588012695 0.12963838875293732 0.16449709236621857
2 0.4680483937263489 0.1508857011795044 0.17993716895580292 0.10459861904382706
2 0.11549631506204605 0.6947068572044373 0.07890196144580841 0.18534794449806213
2 0.6743225455284119 0.6104230284690857 0.05762682110071182 0.08279399573802948
2 0.022944370284676552 0.6486507058143616 0.045808345079422 0.07869701087474823
