3 0.6810855865478516 0.5974695086479187 0.04464845731854439 0.012961292639374733
3 0.7450324296951294 0.6152914762496948 0.05144558101892471 0.024689769372344017
3 0.9822484254837036 0.6505841612815857 0.03484916687011719 0.03549184650182724
3 0.5958787798881531 0.6068659424781799 0.1075349822640419 0.02113800123333931
3 0.8900681734085083 0.5906423330307007 0.034247588366270065 0.010313319973647594
3 0.465289831161499 0.6148650050163269 0.06897220760583878 0.01686573028564453
3 0.3360523581504822 0.627835750579834 0.14291200041770935 0.03203868865966797
3 0.4919362962245941 0.6000228524208069 0.08166971057653427 0.028517436236143112
3 0.25280216336250305 0.615987241268158 0.09287729114294052 0.024800587445497513
3 0.3360917866230011 0.6083976626396179 0.14329132437705994 0.0706513375043869
3 0.4122510850429535 0.6100150346755981 0.033017516136169434 0.021155739203095436
3 0.8223450779914856 0.5919203162193298 0.03469448164105415 0.007499885745346546
3 0.25292518734931946 0.5998719334602356 0.09328794479370117 0.05683088302612305
