5 0.46667057275772095 0.8709810972213745 0.10074939578771591 0.05900631099939346
5 0.1653706580400467 0.6718441843986511 0.1040400043129921 0.031926728785037994
5 0.3300122618675232 0.6308487057685852 0.10538230091333389 0.03742942959070206
5 0.175760418176651 0.7205280065536499 0.1263275146484375 0.08417405933141708
5 0.11633244901895523 0.6990369558334351 0.10253641754388809 0.05430803447961807
5 0.32519328594207764 0.7397242784500122 0.10375652462244034 0.05596666410565376
5 0.2865585684776306 0.6020624041557312 0.09316463768482208 0.029128361493349075
5 0.2832554280757904 0.7148545980453491 0.1456189602613449 0.06740503013134003
5 0.29920509457588196 0.9039871096611023 0.13518890738487244 0.18962936103343964
5 0.30165010690689087 0.6722927689552307 0.10265149921178818 0.055414579808712006
5 0.2489502727985382 0.5250228643417358 0.08618040382862091 0.01797962188720703
5 0.284709632396698 0.5724894404411316 0.05520210415124893 0.02376241609454155
5 0.010845260694622993 0.5494622588157654 0.021664684638381004 0.021950434893369675
5 0.2744190990924835 0.6556285619735718 0.060965679585933685 0.029166793450713158
5 0.32029053568840027 0.5559584498405457 0.053316257894039154 0.026079654693603516
