5 0.31957152485847473 0.902773380279541 0.050760604441165924 0.13201694190502167
5 0.39898523688316345 0.8052375912666321 0.03210856765508652 0.11268105357885361
5 0.33833083510398865 0.6938742995262146 0.01956324651837349 0.04887676239013672
5 0.26217228174209595 0.8565424680709839 0.0418054573237896 0.14824767410755157
5 0.9047828912734985 0.7306153774261475 0.022447967901825905 0.0724545493721962
5 0.7222667932510376 0.8746287226676941 0.04722604900598526 0.13057518005371094
5 0.00689079612493515 0.7237934470176697 0.01368599571287632 0.0650320053100586
5 0.8267284631729126 0.6814448833465576 0.016784286126494408 0.05319471284747124
5 0.12704850733280182 0.6687408685684204 0.015572333708405495 0.026473235338926315
5 0.04747818410396576 0.6799986958503723 0.01784331165254116 0.04851102828979492
5 0.8903683423995972 0.6715659499168396 0.01420669537037611 0.04377298429608345
