5 0.3663363754749298 0.748975396156311 0.25114426016807556 0.15703144669532776
5 0.6119638085365295 0.765762209892273 0.14016218483448029 0.1001351848244667
5 0.14606782793998718 0.7089294195175171 0.29122886061668396 0.16090278327465057
5 0.5128852725028992 0.5913867950439453 0.0986822098493576 0.05986823886632919
5 0.12239928543567657 0.8773638010025024 0.2443278282880783 0.24412541091442108
5 0.772158145904541 0.9652326703071594 0.12632842361927032 0.0687641128897667
5 0.10614164918661118 0.5914314389228821 0.2117592990398407 0.13703985512256622
5 0.6247595548629761 0.5843414068222046 0.08326701819896698 0.07564134895801544
5 0.04495033621788025 0.4175620675086975 0.08959633111953735 0.18429315090179443
5 0.5394881963729858 0.6703822016716003 0.13699588179588318 0.126957505941391
5 0.27046477794647217 0.614362895488739 0.21594539284706116 0.13222189247608185
5 0.37200483679771423 0.6054872274398804 0.16375836730003357 0.14209012687206268
