5 0.8601487874984741 0.6481572389602661 0.07847289741039276 0.0788358673453331
5 0.6416824460029602 0.6503881812095642 0.06767864525318146 0.09704532474279404
5 0.568903923034668 0.6525793671607971 0.06911659240722656 0.09054975211620331
5 0.6917973160743713 0.6164973974227905 0.031920529901981354 0.03500671312212944
5 0.7344968318939209 0.6242034435272217 0.05085296556353569 0.05303344875574112
5 0.7956023216247559 0.6488742232322693 0.0750659927725792 0.07765226066112518
5 0.2173829972743988 0.6427741050720215 0.09944901615381241 0.08660230785608292
5 0.2957039475440979 0.6442362070083618 0.0773407444357872 0.08676938712596893
5 0.3478093147277832 0.6233465075492859 0.043737076222896576 0.049067020416259766
5 0.41917386651039124 0.6158895492553711 0.03233642503619194 0.03448362275958061
5 0.48585644364356995 0.6206050515174866 0.030669784173369408 0.040230847895145416
5 0.5011348724365234 0.6199939250946045 0.06110820919275284 0.04192686080932617
5 0.9835479855537415 0.6518979072570801 0.032810211181640625 0.03658723831176758
5 0.3885718286037445 0.6239727139472961 0.050656795501708984 0.05160217359662056
5 0.5150003433227539 0.6199359893798828 0.03318195417523384 0.040740203112363815
