5 0.8734965324401855 0.7669562697410583 0.14587421715259552 0.17754468321800232
5 0.15790759027004242 0.703454852104187 0.11655914783477783 0.1439647674560547
5 0.38711467385292053 0.6130433082580566 0.0528641939163208 0.061043642461299896
5 0.27974754571914673 0.7467767596244812 0.1523619145154953 0.17630119621753693
5 0.4991231858730316 0.6166807413101196 0.05443878099322319 0.06753110885620117
5 0.346189022064209 0.5742114186286926 0.025987768545746803 0.03234062343835831
5 0.2646051049232483 0.6814886927604675 0.12666726112365723 0.12065143883228302
5 0.3036283254623413 0.5735238790512085 0.02565479278564453 0.03425407409667969
5 0.26866403222084045 0.561052680015564 0.021787500008940697 0.027795886620879173
5 0.21550670266151428 0.5432582497596741 0.014465046115219593 0.01924886740744114
