5 0.3194332420825958 0.6673137545585632 0.09149918705224991 0.09952211380004883
5 0.65127032995224 0.6678449511528015 0.08901405334472656 0.0936288833618164
5 0.41939347982406616 0.581548810005188 0.030043696984648705 0.03904304653406143
5 0.5808338522911072 0.5819360017776489 0.0377349853515625 0.04044761508703232
5 0.352304071187973 0.5842101573944092 0.03793349117040634 0.04252805560827255
5 0.714773952960968 0.6623810529708862 0.08270263671875 0.08905992656946182
5 0.4549669623374939 0.5818641185760498 0.03129768371582031 0.03780097886919975
5 0.6790324449539185 0.5902141332626343 0.0446966178715229 0.0471007339656353
5 0.7195519208908081 0.5935537219047546 0.04644355922937393 0.04745521396398544
5 0.2489202320575714 0.660271167755127 0.08707471191883087 0.09721126407384872
5 0.27460047602653503 0.588840126991272 0.04626655578613281 0.04443559795618057
5 0.24027636647224426 0.5922021865844727 0.05388321727514267 0.04529924318194389
5 0.775049090385437 0.660765528678894 0.07429613918066025 0.09025420993566513
5 0.3147347569465637 0.5861139893531799 0.03919506072998047 0.04387979581952095
5 0.7548218369483948 0.5992238521575928 0.04416923597455025 0.05017127841711044
5 0.7896417379379272 0.6006574034690857 0.04432964324951172 0.04473419114947319
5 0.2026023119688034 0.5989553332328796 0.04485102742910385 0.049053095281124115
5 0.6201068162918091 0.5849292278289795 0.04061470180749893 0.0424494743347168
