5 0.49886828660964966 0.5732811689376831 0.10664959251880646 0.2283424437046051
5 0.7858724594116211 0.6277530789375305 0.18700337409973145 0.35533636808395386
5 0.8704710006713867 0.6655851602554321 0.25841355323791504 0.4345894455909729
5 0.1265079379081726 0.7095785140991211 0.2519214451313019 0.5291447043418884
5 0.2919246256351471 0.5875881314277649 0.1512235701084137 0.2619400918483734
5 0.69680255651474 0.5835223197937012 0.13501223921775818 0.2524994909763336
5 0.18749737739562988 0.6594218611717224 0.2392376959323883 0.41842222213745117
5 0.9056171178817749 0.7694695591926575 0.18779698014259338 0.45908838510513306
5 0.7179775834083557 0.5920432806015015 0.16253109276294708 0.27261677384376526
5 0.2590920925140381 0.6163122057914734 0.16629695892333984 0.32148677110671997
5 0.23052065074443817 0.6249504685401917 0.2027309387922287 0.34273815155029297
5 0.21800179779529572 0.6527495384216309 0.18690642714500427 0.401633083820343
