5 0.21572184562683105 0.7884971499443054 0.15706291794776917 0.23038196563720703
5 0.853331446647644 0.7925242185592651 0.17217788100242615 0.2330205887556076
5 0.6522451043128967 0.6717079877853394 0.09283189475536346 0.09769000858068466
5 0.6981064081192017 0.6900621652603149 0.09835939109325409 0.1118549332022667
5 0.37708473205566406 0.6694628000259399 0.08571431785821915 0.09793214499950409
5 0.7504927515983582 0.707709789276123 0.11526775360107422 0.13683728873729706
5 0.27467286586761475 0.7408340573310852 0.11958947032690048 0.1679966002702713
5 0.8009929656982422 0.7376053333282471 0.1419292390346527 0.16772088408470154
5 0.3265438675880432 0.692551851272583 0.08765864372253418 0.12566404044628143
5 0.29968979954719543 0.7115498781204224 0.10481534153223038 0.1447487771511078
