5 0.41834792494773865 0.8369344472885132 0.0912485122680664 0.11153712123632431
5 0.5919718146324158 0.7158406972885132 0.05337066575884819 0.03501157835125923
5 0.28911980986595154 0.8190351724624634 0.11503200232982635 0.13200584053993225
5 0.6320547461509705 0.8122032284736633 0.08643054962158203 0.042691994458436966
5 0.47234803438186646 0.7939976453781128 0.07968149334192276 0.0660104751586914
5 0.7436269521713257 0.7971588969230652 0.09361791610717773 0.059011220932006836
5 0.5538422465324402 0.6833475828170776 0.04024562984704971 0.030574608594179153
5 0.45064204931259155 0.6720963716506958 0.05411491543054581 0.03653392940759659
5 0.4448440670967102 0.7441880702972412 0.07961712032556534 0.037490177899599075
5 0.6893667578697205 0.7248604893684387 0.06719684600830078 0.03857078403234482
5 0.5658674240112305 0.6420126557350159 0.03272848203778267 0.020270919427275658
5 0.6150519847869873 0.6798889636993408 0.041251085698604584 0.030400943011045456
