5 0.8443149328231812 0.7420216202735901 0.19688114523887634 0.22785063087940216
5 0.15114513039588928 0.7392635345458984 0.1901797205209732 0.22474022209644318
5 0.21658749878406525 0.7096932530403137 0.1626911163330078 0.1823524534702301
5 0.7892837524414062 0.718601405620575 0.17705492675304413 0.19870547950267792
5 0.5003264546394348 0.6100783944129944 0.041780851781368256 0.057717036455869675
5 0.27352336049079895 0.6840697526931763 0.1325332224369049 0.1482902467250824
5 0.73883455991745 0.689263641834259 0.14888706803321838 0.15921840071678162
5 0.7109231352806091 0.6806633472442627 0.09658126533031464 0.15545186400413513
5 0.32647904753685 0.6576126217842102 0.082680843770504 0.11982450634241104
5 0.3113276958465576 0.6619806289672852 0.10896587371826172 0.12194786220788956
5 0.3509632349014282 0.6458259224891663 0.08209042251110077 0.10372419655323029
5 0.3852272927761078 0.6299816370010376 0.061042021960020065 0.08573798835277557
5 0.6466787457466125 0.6421610116958618 0.08367633819580078 0.09926013648509979
5 0.5941909551620483 0.6155678033828735 0.0577692985534668 0.06762485206127167
5 0.36426660418510437 0.64103764295578 0.06780286133289337 0.10159988701343536
5 0.41139036417007446 0.6133360266685486 0.049393437802791595 0.061376191675662994
5 0.6743723750114441 0.6616806983947754 0.10801124572753906 0.1262664794921875
5 0.6080335378646851 0.619924008846283 0.06309585273265839 0.07019396126270294
