5 0.22713470458984375 0.6284891366958618 0.03995928913354874 0.04563894122838974
5 0.28779861330986023 0.6300118565559387 0.017980003729462624 0.023047257214784622
5 0.8081548810005188 0.5910654664039612 0.036863088607788086 0.036441706120967865
5 0.4828420579433441 0.6126044988632202 0.1063452735543251 0.07431745529174805
5 0.5654217600822449 0.5861793756484985 0.010173225775361061 0.01202468853443861
5 0.7238160371780396 0.5727500915527344 0.01978921890258789 0.014926147647202015
5 0.38104742765426636 0.6132640242576599 0.09217560291290283 0.07033033668994904
5 0.7527657747268677 0.5747720003128052 0.014983749017119408 0.010808944702148438
5 0.6863366365432739 0.5995488166809082 0.018847275525331497 0.014770125970244408
5 0.8501454591751099 0.5697536468505859 0.031184960156679153 0.026915740221738815
5 0.6986478567123413 0.5749364495277405 0.014119720086455345 0.011469078250229359
