5 0.908552348613739 0.694486141204834 0.07886123657226562 0.08176078647375107
5 0.9878318905830383 0.6656724810600281 0.02409687079489231 0.03740329667925835
5 0.4287551939487457 0.6832880973815918 0.10646514594554901 0.08304395526647568
5 0.2753363847732544 0.6899029016494751 0.06902508437633514 0.09639005362987518
5 0.6540937423706055 0.6856523156166077 0.10958471149206161 0.07267866283655167
5 0.7929642200469971 0.6802628040313721 0.08027353137731552 0.0669281929731369
5 0.891290545463562 0.6470440626144409 0.026768874377012253 0.025038814172148705
5 0.3370470404624939 0.669375479221344 0.02287602424621582 0.05973834916949272
5 0.7033386826515198 0.6612666845321655 0.10306253284215927 0.057645510882139206
5 0.13544431328773499 0.6502049565315247 0.03643517568707466 0.05962038040161133
5 0.5826157927513123 0.6641836166381836 0.07019004970788956 0.05901803821325302
5 0.1741015911102295 0.6458054184913635 0.05186266824603081 0.052292536944150925
5 0.045407675206661224 0.663303554058075 0.048284001648426056 0.0779876708984375
5 0.09397754073143005 0.6476022601127625 0.05238128826022148 0.04833488538861275
5 0.23535427451133728 0.6609463095664978 0.08546239137649536 0.06774215400218964
5 0.8252027630805969 0.66865473985672 0.09594039618968964 0.060116957873106
5 0.5161099433898926 0.6656749844551086 0.06912145763635635 0.06392402946949005
5 0.02998950518667698 0.6400977969169617 0.028085649013519287 0.043845079839229584
