5 0.821496844291687 0.6249114871025085 0.12344131618738174 0.13818463683128357
5 0.22158357501029968 0.6287079453468323 0.05605750158429146 0.11071395874023438
5 0.46997547149658203 0.6294530630111694 0.0692964568734169 0.11767740547657013
5 0.3998467028141022 0.6144837141036987 0.058049581944942474 0.11939115822315216
5 0.687192976474762 0.6164891719818115 0.08088979870080948 0.1196163147687912
5 0.7422065138816833 0.6115970611572266 0.05222368240356445 0.09947891533374786
5 0.28112366795539856 0.626587986946106 0.06111321598291397 0.11675567924976349
5 0.3259761333465576 0.6201275587081909 0.06592436134815216 0.1263391524553299
5 0.651944100856781 0.6136193871498108 0.055710505694150925 0.10358057171106339
5 0.6016547083854675 0.6170443296432495 0.07768821716308594 0.12795868515968323
5 0.5423101782798767 0.604327380657196 0.07109956443309784 0.09195385128259659
5 0.3553774654865265 0.6185842156410217 0.04266724735498428 0.10154418647289276
